1 0 1 1 -1
2 0 1 1 0
3 0 1 1 1
4 0 2 2 -2
5 0 2 2 -1
6 0 2 2 0
7 0 2 2 1
8 0 2 2 2
9 0 3 3 -3
10 0 3 3 -2
11 0 3 3 -1
12 0 3 3 0
13 0 3 3 1
14 0 3 3 2
15 0 3 3 3
16 0 4 4 -4
17 0 4 4 -3
18 0 4 4 -2
19 0 4 4 -1
20 0 4 4 0
21 0 4 4 1
22 0 4 4 2
23 0 4 4 3
24 0 4 4 4
25 0 5 5 -5
26 0 5 5 -4
27 0 5 5 -3
28 0 5 5 -2
29 0 5 5 -1
30 0 5 5 0
31 0 5 5 1
32 0 5 5 2
33 0 5 5 3
34 0 5 5 4
35 0 5 5 5
36 1 0 1 -1
37 1 0 1 0
38 1 0 1 1
39 1 1 0 0
40 1 1 1 -1
41 1 1 1 0
42 1 1 1 1
43 1 1 2 -2
44 1 1 2 -1
45 1 1 2 0
46 1 1 2 1
47 1 1 2 2
48 1 2 1 -1
49 1 2 1 0
50 1 2 1 1
51 1 2 2 -2
52 1 2 2 -1
53 1 2 2 0
54 1 2 2 1
55 1 2 2 2
56 1 2 3 -3
57 1 2 3 -2
58 1 2 3 -1
59 1 2 3 0
60 1 2 3 1
61 1 2 3 2
62 1 2 3 3
63 1 3 2 -2
64 1 3 2 -1
65 1 3 2 0
66 1 3 2 1
67 1 3 2 2
68 1 3 3 -3
69 1 3 3 -2
70 1 3 3 -1
71 1 3 3 0
72 1 3 3 1
73 1 3 3 2
74 1 3 3 3
75 1 3 4 -4
76 1 3 4 -3
77 1 3 4 -2
78 1 3 4 -1
79 1 3 4 0
80 1 3 4 1
81 1 3 4 2
82 1 3 4 3
83 1 3 4 4
84 1 4 3 -3
85 1 4 3 -2
86 1 4 3 -1
87 1 4 3 0
88 1 4 3 1
89 1 4 3 2
90 1 4 3 3
91 1 4 4 -4
92 1 4 4 -3
93 1 4 4 -2
94 1 4 4 -1
95 1 4 4 0
96 1 4 4 1
97 1 4 4 2
98 1 4 4 3
99 1 4 4 4
100 1 4 5 -5
101 1 4 5 -4
102 1 4 5 -3
103 1 4 5 -2
104 1 4 5 -1
105 1 4 5 0
106 1 4 5 1
107 1 4 5 2
108 1 4 5 3
109 1 4 5 4
110 1 4 5 5
111 1 5 4 -4
112 1 5 4 -3
113 1 5 4 -2
114 1 5 4 -1
115 1 5 4 0
116 1 5 4 1
117 1 5 4 2
118 1 5 4 3
119 1 5 4 4
120 1 5 5 -5
121 1 5 5 -4
122 1 5 5 -3
123 1 5 5 -2
124 1 5 5 -1
125 1 5 5 0
126 1 5 5 1
127 1 5 5 2
128 1 5 5 3
129 1 5 5 4
130 1 5 5 5
131 2 0 2 -2
132 2 0 2 -1
133 2 0 2 0
134 2 0 2 1
135 2 0 2 2
136 2 1 1 -1
137 2 1 1 0
138 2 1 1 1
139 2 1 2 -2
140 2 1 2 -1
141 2 1 2 0
142 2 1 2 1
143 2 1 2 2
144 2 1 3 -3
145 2 1 3 -2
146 2 1 3 -1
147 2 1 3 0
148 2 1 3 1
149 2 1 3 2
150 2 1 3 3
151 2 2 0 0
152 2 2 1 -1
153 2 2 1 0
154 2 2 1 1
155 2 2 2 -2
156 2 2 2 -1
157 2 2 2 0
158 2 2 2 1
159 2 2 2 2
160 2 2 3 -3
161 2 2 3 -2
162 2 2 3 -1
163 2 2 3 0
164 2 2 3 1
165 2 2 3 2
166 2 2 3 3
167 2 2 4 -4
168 2 2 4 -3
169 2 2 4 -2
170 2 2 4 -1
171 2 2 4 0
172 2 2 4 1
173 2 2 4 2
174 2 2 4 3
175 2 2 4 4
176 2 3 1 -1
177 2 3 1 0
178 2 3 1 1
179 2 3 2 -2
180 2 3 2 -1
181 2 3 2 0
182 2 3 2 1
183 2 3 2 2
184 2 3 3 -3
185 2 3 3 -2
186 2 3 3 -1
187 2 3 3 0
188 2 3 3 1
189 2 3 3 2
190 2 3 3 3
191 2 3 4 -4
192 2 3 4 -3
193 2 3 4 -2
194 2 3 4 -1
195 2 3 4 0
196 2 3 4 1
197 2 3 4 2
198 2 3 4 3
199 2 3 4 4
200 2 3 5 -5
201 2 3 5 -4
202 2 3 5 -3
203 2 3 5 -2
204 2 3 5 -1
205 2 3 5 0
206 2 3 5 1
207 2 3 5 2
208 2 3 5 3
209 2 3 5 4
210 2 3 5 5
211 2 4 2 -2
212 2 4 2 -1
213 2 4 2 0
214 2 4 2 1
215 2 4 2 2
216 2 4 3 -3
217 2 4 3 -2
218 2 4 3 -1
219 2 4 3 0
220 2 4 3 1
221 2 4 3 2
222 2 4 3 3
223 2 4 4 -4
224 2 4 4 -3
225 2 4 4 -2
226 2 4 4 -1
227 2 4 4 0
228 2 4 4 1
229 2 4 4 2
230 2 4 4 3
231 2 4 4 4
232 2 4 5 -5
233 2 4 5 -4
234 2 4 5 -3
235 2 4 5 -2
236 2 4 5 -1
237 2 4 5 0
238 2 4 5 1
239 2 4 5 2
240 2 4 5 3
241 2 4 5 4
242 2 4 5 5
243 2 5 3 -3
244 2 5 3 -2
245 2 5 3 -1
246 2 5 3 0
247 2 5 3 1
248 2 5 3 2
249 2 5 3 3
250 2 5 4 -4
251 2 5 4 -3
252 2 5 4 -2
253 2 5 4 -1
254 2 5 4 0
255 2 5 4 1
256 2 5 4 2
257 2 5 4 3
258 2 5 4 4
259 2 5 5 -5
260 2 5 5 -4
261 2 5 5 -3
262 2 5 5 -2
263 2 5 5 -1
264 2 5 5 0
265 2 5 5 1
266 2 5 5 2
267 2 5 5 3
268 2 5 5 4
269 2 5 5 5
270 3 0 3 -3
271 3 0 3 -2
272 3 0 3 -1
273 3 0 3 0
274 3 0 3 1
275 3 0 3 2
276 3 0 3 3
277 3 1 2 -2
278 3 1 2 -1
279 3 1 2 0
280 3 1 2 1
281 3 1 2 2
282 3 1 3 -3
283 3 1 3 -2
284 3 1 3 -1
285 3 1 3 0
286 3 1 3 1
287 3 1 3 2
288 3 1 3 3
289 3 1 4 -4
290 3 1 4 -3
291 3 1 4 -2
292 3 1 4 -1
293 3 1 4 0
294 3 1 4 1
295 3 1 4 2
296 3 1 4 3
297 3 1 4 4
298 3 2 1 -1
299 3 2 1 0
300 3 2 1 1
301 3 2 2 -2
302 3 2 2 -1
303 3 2 2 0
304 3 2 2 1
305 3 2 2 2
306 3 2 3 -3
307 3 2 3 -2
308 3 2 3 -1
309 3 2 3 0
310 3 2 3 1
311 3 2 3 2
312 3 2 3 3
313 3 2 4 -4
314 3 2 4 -3
315 3 2 4 -2
316 3 2 4 -1
317 3 2 4 0
318 3 2 4 1
319 3 2 4 2
320 3 2 4 3
321 3 2 4 4
322 3 2 5 -5
323 3 2 5 -4
324 3 2 5 -3
325 3 2 5 -2
326 3 2 5 -1
327 3 2 5 0
328 3 2 5 1
329 3 2 5 2
330 3 2 5 3
331 3 2 5 4
332 3 2 5 5
333 3 3 0 0
334 3 3 1 -1
335 3 3 1 0
336 3 3 1 1
337 3 3 2 -2
338 3 3 2 -1
339 3 3 2 0
340 3 3 2 1
341 3 3 2 2
342 3 3 3 -3
343 3 3 3 -2
344 3 3 3 -1
345 3 3 3 0
346 3 3 3 1
347 3 3 3 2
348 3 3 3 3
349 3 3 4 -4
350 3 3 4 -3
351 3 3 4 -2
352 3 3 4 -1
353 3 3 4 0
354 3 3 4 1
355 3 3 4 2
356 3 3 4 3
357 3 3 4 4
358 3 3 5 -5
359 3 3 5 -4
360 3 3 5 -3
361 3 3 5 -2
362 3 3 5 -1
363 3 3 5 0
364 3 3 5 1
365 3 3 5 2
366 3 3 5 3
367 3 3 5 4
368 3 3 5 5
369 3 4 1 -1
370 3 4 1 0
371 3 4 1 1
372 3 4 2 -2
373 3 4 2 -1
374 3 4 2 0
375 3 4 2 1
376 3 4 2 2
377 3 4 3 -3
378 3 4 3 -2
379 3 4 3 -1
380 3 4 3 0
381 3 4 3 1
382 3 4 3 2
383 3 4 3 3
384 3 4 4 -4
385 3 4 4 -3
386 3 4 4 -2
387 3 4 4 -1
388 3 4 4 0
389 3 4 4 1
390 3 4 4 2
391 3 4 4 3
392 3 4 4 4
393 3 4 5 -5
394 3 4 5 -4
395 3 4 5 -3
396 3 4 5 -2
397 3 4 5 -1
398 3 4 5 0
399 3 4 5 1
400 3 4 5 2
401 3 4 5 3
402 3 4 5 4
403 3 4 5 5
404 3 5 2 -2
405 3 5 2 -1
406 3 5 2 0
407 3 5 2 1
408 3 5 2 2
409 3 5 3 -3
410 3 5 3 -2
411 3 5 3 -1
412 3 5 3 0
413 3 5 3 1
414 3 5 3 2
415 3 5 3 3
416 3 5 4 -4
417 3 5 4 -3
418 3 5 4 -2
419 3 5 4 -1
420 3 5 4 0
421 3 5 4 1
422 3 5 4 2
423 3 5 4 3
424 3 5 4 4
425 3 5 5 -5
426 3 5 5 -4
427 3 5 5 -3
428 3 5 5 -2
429 3 5 5 -1
430 3 5 5 0
431 3 5 5 1
432 3 5 5 2
433 3 5 5 3
434 3 5 5 4
435 3 5 5 5
436 4 0 4 -4
437 4 0 4 -3
438 4 0 4 -2
439 4 0 4 -1
440 4 0 4 0
441 4 0 4 1
442 4 0 4 2
443 4 0 4 3
444 4 0 4 4
445 4 1 3 -3
446 4 1 3 -2
447 4 1 3 -1
448 4 1 3 0
449 4 1 3 1
450 4 1 3 2
451 4 1 3 3
452 4 1 4 -4
453 4 1 4 -3
454 4 1 4 -2
455 4 1 4 -1
456 4 1 4 0
457 4 1 4 1
458 4 1 4 2
459 4 1 4 3
460 4 1 4 4
461 4 1 5 -5
462 4 1 5 -4
463 4 1 5 -3
464 4 1 5 -2
465 4 1 5 -1
466 4 1 5 0
467 4 1 5 1
468 4 1 5 2
469 4 1 5 3
470 4 1 5 4
471 4 1 5 5
472 4 2 2 -2
473 4 2 2 -1
474 4 2 2 0
475 4 2 2 1
476 4 2 2 2
477 4 2 3 -3
478 4 2 3 -2
479 4 2 3 -1
480 4 2 3 0
481 4 2 3 1
482 4 2 3 2
483 4 2 3 3
484 4 2 4 -4
485 4 2 4 -3
486 4 2 4 -2
487 4 2 4 -1
488 4 2 4 0
489 4 2 4 1
490 4 2 4 2
491 4 2 4 3
492 4 2 4 4
493 4 2 5 -5
494 4 2 5 -4
495 4 2 5 -3
496 4 2 5 -2
497 4 2 5 -1
498 4 2 5 0
499 4 2 5 1
500 4 2 5 2
501 4 2 5 3
502 4 2 5 4
503 4 2 5 5
504 4 3 1 -1
505 4 3 1 0
506 4 3 1 1
507 4 3 2 -2
508 4 3 2 -1
509 4 3 2 0
510 4 3 2 1
511 4 3 2 2
512 4 3 3 -3
513 4 3 3 -2
514 4 3 3 -1
515 4 3 3 0
516 4 3 3 1
517 4 3 3 2
518 4 3 3 3
519 4 3 4 -4
520 4 3 4 -3
521 4 3 4 -2
522 4 3 4 -1
523 4 3 4 0
524 4 3 4 1
525 4 3 4 2
526 4 3 4 3
527 4 3 4 4
528 4 3 5 -5
529 4 3 5 -4
530 4 3 5 -3
531 4 3 5 -2
532 4 3 5 -1
533 4 3 5 0
534 4 3 5 1
535 4 3 5 2
536 4 3 5 3
537 4 3 5 4
538 4 3 5 5
539 4 4 0 0
540 4 4 1 -1
541 4 4 1 0
542 4 4 1 1
543 4 4 2 -2
544 4 4 2 -1
545 4 4 2 0
546 4 4 2 1
547 4 4 2 2
548 4 4 3 -3
549 4 4 3 -2
550 4 4 3 -1
551 4 4 3 0
552 4 4 3 1
553 4 4 3 2
554 4 4 3 3
555 4 4 4 -4
556 4 4 4 -3
557 4 4 4 -2
558 4 4 4 -1
559 4 4 4 0
560 4 4 4 1
561 4 4 4 2
562 4 4 4 3
563 4 4 4 4
564 4 4 5 -5
565 4 4 5 -4
566 4 4 5 -3
567 4 4 5 -2
568 4 4 5 -1
569 4 4 5 0
570 4 4 5 1
571 4 4 5 2
572 4 4 5 3
573 4 4 5 4
574 4 4 5 5
575 4 5 1 -1
576 4 5 1 0
577 4 5 1 1
578 4 5 2 -2
579 4 5 2 -1
580 4 5 2 0
581 4 5 2 1
582 4 5 2 2
583 4 5 3 -3
584 4 5 3 -2
585 4 5 3 -1
586 4 5 3 0
587 4 5 3 1
588 4 5 3 2
589 4 5 3 3
590 4 5 4 -4
591 4 5 4 -3
592 4 5 4 -2
593 4 5 4 -1
594 4 5 4 0
595 4 5 4 1
596 4 5 4 2
597 4 5 4 3
598 4 5 4 4
599 4 5 5 -5
600 4 5 5 -4
601 4 5 5 -3
602 4 5 5 -2
603 4 5 5 -1
604 4 5 5 0
605 4 5 5 1
606 4 5 5 2
607 4 5 5 3
608 4 5 5 4
609 4 5 5 5
610 5 0 5 -5
611 5 0 5 -4
612 5 0 5 -3
613 5 0 5 -2
614 5 0 5 -1
615 5 0 5 0
616 5 0 5 1
617 5 0 5 2
618 5 0 5 3
619 5 0 5 4
620 5 0 5 5
621 5 1 4 -4
622 5 1 4 -3
623 5 1 4 -2
624 5 1 4 -1
625 5 1 4 0
626 5 1 4 1
627 5 1 4 2
628 5 1 4 3
629 5 1 4 4
630 5 1 5 -5
631 5 1 5 -4
632 5 1 5 -3
633 5 1 5 -2
634 5 1 5 -1
635 5 1 5 0
636 5 1 5 1
637 5 1 5 2
638 5 1 5 3
639 5 1 5 4
640 5 1 5 5
641 5 2 3 -3
642 5 2 3 -2
643 5 2 3 -1
644 5 2 3 0
645 5 2 3 1
646 5 2 3 2
647 5 2 3 3
648 5 2 4 -4
649 5 2 4 -3
650 5 2 4 -2
651 5 2 4 -1
652 5 2 4 0
653 5 2 4 1
654 5 2 4 2
655 5 2 4 3
656 5 2 4 4
657 5 2 5 -5
658 5 2 5 -4
659 5 2 5 -3
660 5 2 5 -2
661 5 2 5 -1
662 5 2 5 0
663 5 2 5 1
664 5 2 5 2
665 5 2 5 3
666 5 2 5 4
667 5 2 5 5
668 5 3 2 -2
669 5 3 2 -1
670 5 3 2 0
671 5 3 2 1
672 5 3 2 2
673 5 3 3 -3
674 5 3 3 -2
675 5 3 3 -1
676 5 3 3 0
677 5 3 3 1
678 5 3 3 2
679 5 3 3 3
680 5 3 4 -4
681 5 3 4 -3
682 5 3 4 -2
683 5 3 4 -1
684 5 3 4 0
685 5 3 4 1
686 5 3 4 2
687 5 3 4 3
688 5 3 4 4
689 5 3 5 -5
690 5 3 5 -4
691 5 3 5 -3
692 5 3 5 -2
693 5 3 5 -1
694 5 3 5 0
695 5 3 5 1
696 5 3 5 2
697 5 3 5 3
698 5 3 5 4
699 5 3 5 5
700 5 4 1 -1
701 5 4 1 0
702 5 4 1 1
703 5 4 2 -2
704 5 4 2 -1
705 5 4 2 0
706 5 4 2 1
707 5 4 2 2
708 5 4 3 -3
709 5 4 3 -2
710 5 4 3 -1
711 5 4 3 0
712 5 4 3 1
713 5 4 3 2
714 5 4 3 3
715 5 4 4 -4
716 5 4 4 -3
717 5 4 4 -2
718 5 4 4 -1
719 5 4 4 0
720 5 4 4 1
721 5 4 4 2
722 5 4 4 3
723 5 4 4 4
724 5 4 5 -5
725 5 4 5 -4
726 5 4 5 -3
727 5 4 5 -2
728 5 4 5 -1
729 5 4 5 0
730 5 4 5 1
731 5 4 5 2
732 5 4 5 3
733 5 4 5 4
734 5 4 5 5
735 5 5 0 0
736 5 5 1 -1
737 5 5 1 0
738 5 5 1 1
739 5 5 2 -2
740 5 5 2 -1
741 5 5 2 0
742 5 5 2 1
743 5 5 2 2
744 5 5 3 -3
745 5 5 3 -2
746 5 5 3 -1
747 5 5 3 0
748 5 5 3 1
749 5 5 3 2
750 5 5 3 3
751 5 5 4 -4
752 5 5 4 -3
753 5 5 4 -2
754 5 5 4 -1
755 5 5 4 0
756 5 5 4 1
757 5 5 4 2
758 5 5 4 3
759 5 5 4 4
760 5 5 5 -5
761 5 5 5 -4
762 5 5 5 -3
763 5 5 5 -2
764 5 5 5 -1
765 5 5 5 0
766 5 5 5 1
767 5 5 5 2
768 5 5 5 3
769 5 5 5 4
770 5 5 5 5
