1 1 1.00000000000000000000000000000000000000000000000e+00
2 2 1.00000000000000000000000000000000000000000000000e+00
3 3 1.00000000000000000000000000000000000000000000000e+00
4 4 3.00000000000000000000000000000000000000000000000e+00
5 5 3.00000000000000000000000000000000000000000000000e+00
6 6 3.00000000000000000000000000000000000000000000000e+00
7 7 3.00000000000000000000000000000000000000000000000e+00
8 8 3.00000000000000000000000000000000000000000000000e+00
9 9 6.00000000000000000000000000000000000000000000000e+00
10 10 6.00000000000000000000000000000000000000000000000e+00
11 11 6.00000000000000000000000000000000000000000000000e+00
12 12 6.00000000000000000000000000000000000000000000000e+00
13 13 6.00000000000000000000000000000000000000000000000e+00
14 14 6.00000000000000000000000000000000000000000000000e+00
15 15 6.00000000000000000000000000000000000000000000000e+00
16 16 1.00000000000000000000000000000000000000000000000e+01
17 17 1.00000000000000000000000000000000000000000000000e+01
18 18 1.00000000000000000000000000000000000000000000000e+01
19 19 1.00000000000000000000000000000000000000000000000e+01
20 20 1.00000000000000000000000000000000000000000000000e+01
21 21 1.00000000000000000000000000000000000000000000000e+01
22 22 1.00000000000000000000000000000000000000000000000e+01
23 23 1.00000000000000000000000000000000000000000000000e+01
24 24 1.00000000000000000000000000000000000000000000000e+01
25 25 1.50000000000000000000000000000000000000000000000e+01
26 26 1.50000000000000000000000000000000000000000000000e+01
27 27 1.50000000000000000000000000000000000000000000000e+01
28 28 1.50000000000000000000000000000000000000000000000e+01
29 29 1.50000000000000000000000000000000000000000000000e+01
30 30 1.50000000000000000000000000000000000000000000000e+01
31 31 1.50000000000000000000000000000000000000000000000e+01
32 32 1.50000000000000000000000000000000000000000000000e+01
33 33 1.50000000000000000000000000000000000000000000000e+01
34 34 1.50000000000000000000000000000000000000000000000e+01
35 35 1.50000000000000000000000000000000000000000000000e+01
39 39 1.00000000000000000000000000000000000000000000000e+00
40 40 1.00000000000000000000000000000000000000000000000e+00
41 41 1.00000000000000000000000000000000000000000000000e+00
42 42 1.00000000000000000000000000000000000000000000000e+00
43 43 1.00000000000000000000000000000000000000000000000e+00
44 44 1.00000000000000000000000000000000000000000000000e+00
45 45 1.00000000000000000000000000000000000000000000000e+00
46 46 1.00000000000000000000000000000000000000000000000e+00
47 47 1.00000000000000000000000000000000000000000000000e+00
48 48 3.00000000000000000000000000000000000000000000000e+00
49 49 3.00000000000000000000000000000000000000000000000e+00
50 50 3.00000000000000000000000000000000000000000000000e+00
51 51 3.00000000000000000000000000000000000000000000000e+00
52 52 3.00000000000000000000000000000000000000000000000e+00
53 53 3.00000000000000000000000000000000000000000000000e+00
54 54 3.00000000000000000000000000000000000000000000000e+00
55 55 3.00000000000000000000000000000000000000000000000e+00
56 56 3.00000000000000000000000000000000000000000000000e+00
57 57 3.00000000000000000000000000000000000000000000000e+00
58 58 3.00000000000000000000000000000000000000000000000e+00
59 59 3.00000000000000000000000000000000000000000000000e+00
60 60 3.00000000000000000000000000000000000000000000000e+00
61 61 3.00000000000000000000000000000000000000000000000e+00
62 62 3.00000000000000000000000000000000000000000000000e+00
63 63 6.00000000000000000000000000000000000000000000000e+00
64 64 6.00000000000000000000000000000000000000000000000e+00
65 65 6.00000000000000000000000000000000000000000000000e+00
66 66 6.00000000000000000000000000000000000000000000000e+00
67 67 6.00000000000000000000000000000000000000000000000e+00
68 68 6.00000000000000000000000000000000000000000000000e+00
69 69 6.00000000000000000000000000000000000000000000000e+00
70 70 6.00000000000000000000000000000000000000000000000e+00
71 71 6.00000000000000000000000000000000000000000000000e+00
72 72 6.00000000000000000000000000000000000000000000000e+00
73 73 6.00000000000000000000000000000000000000000000000e+00
74 74 6.00000000000000000000000000000000000000000000000e+00
75 75 6.00000000000000000000000000000000000000000000000e+00
76 76 6.00000000000000000000000000000000000000000000000e+00
77 77 6.00000000000000000000000000000000000000000000000e+00
78 78 6.00000000000000000000000000000000000000000000000e+00
79 79 6.00000000000000000000000000000000000000000000000e+00
80 80 6.00000000000000000000000000000000000000000000000e+00
81 81 6.00000000000000000000000000000000000000000000000e+00
82 82 6.00000000000000000000000000000000000000000000000e+00
83 83 6.00000000000000000000000000000000000000000000000e+00
84 84 1.00000000000000000000000000000000000000000000000e+01
85 85 1.00000000000000000000000000000000000000000000000e+01
86 86 1.00000000000000000000000000000000000000000000000e+01
87 87 1.00000000000000000000000000000000000000000000000e+01
88 88 1.00000000000000000000000000000000000000000000000e+01
89 89 1.00000000000000000000000000000000000000000000000e+01
90 90 1.00000000000000000000000000000000000000000000000e+01
91 91 1.00000000000000000000000000000000000000000000000e+01
92 92 1.00000000000000000000000000000000000000000000000e+01
93 93 1.00000000000000000000000000000000000000000000000e+01
94 94 1.00000000000000000000000000000000000000000000000e+01
95 95 1.00000000000000000000000000000000000000000000000e+01
96 96 1.00000000000000000000000000000000000000000000000e+01
97 97 1.00000000000000000000000000000000000000000000000e+01
98 98 1.00000000000000000000000000000000000000000000000e+01
99 99 1.00000000000000000000000000000000000000000000000e+01
100 100 1.00000000000000000000000000000000000000000000000e+01
101 101 1.00000000000000000000000000000000000000000000000e+01
102 102 1.00000000000000000000000000000000000000000000000e+01
103 103 1.00000000000000000000000000000000000000000000000e+01
104 104 1.00000000000000000000000000000000000000000000000e+01
105 105 1.00000000000000000000000000000000000000000000000e+01
106 106 1.00000000000000000000000000000000000000000000000e+01
107 107 1.00000000000000000000000000000000000000000000000e+01
108 108 1.00000000000000000000000000000000000000000000000e+01
109 109 1.00000000000000000000000000000000000000000000000e+01
110 110 1.00000000000000000000000000000000000000000000000e+01
111 111 1.50000000000000000000000000000000000000000000000e+01
112 112 1.50000000000000000000000000000000000000000000000e+01
113 113 1.50000000000000000000000000000000000000000000000e+01
114 114 1.50000000000000000000000000000000000000000000000e+01
115 115 1.50000000000000000000000000000000000000000000000e+01
116 116 1.50000000000000000000000000000000000000000000000e+01
117 117 1.50000000000000000000000000000000000000000000000e+01
118 118 1.50000000000000000000000000000000000000000000000e+01
119 119 1.50000000000000000000000000000000000000000000000e+01
120 120 1.50000000000000000000000000000000000000000000000e+01
121 121 1.50000000000000000000000000000000000000000000000e+01
122 122 1.50000000000000000000000000000000000000000000000e+01
123 123 1.50000000000000000000000000000000000000000000000e+01
124 124 1.50000000000000000000000000000000000000000000000e+01
125 125 1.50000000000000000000000000000000000000000000000e+01
126 126 1.50000000000000000000000000000000000000000000000e+01
127 127 1.50000000000000000000000000000000000000000000000e+01
128 128 1.50000000000000000000000000000000000000000000000e+01
129 129 1.50000000000000000000000000000000000000000000000e+01
130 130 1.50000000000000000000000000000000000000000000000e+01
136 136 1.00000000000000000000000000000000000000000000000e+00
137 137 1.00000000000000000000000000000000000000000000000e+00
138 138 1.00000000000000000000000000000000000000000000000e+00
139 139 1.00000000000000000000000000000000000000000000000e+00
140 140 1.00000000000000000000000000000000000000000000000e+00
141 141 1.00000000000000000000000000000000000000000000000e+00
142 142 1.00000000000000000000000000000000000000000000000e+00
143 143 1.00000000000000000000000000000000000000000000000e+00
144 144 1.00000000000000000000000000000000000000000000000e+00
145 145 1.00000000000000000000000000000000000000000000000e+00
146 146 1.00000000000000000000000000000000000000000000000e+00
147 147 1.00000000000000000000000000000000000000000000000e+00
148 148 1.00000000000000000000000000000000000000000000000e+00
149 149 1.00000000000000000000000000000000000000000000000e+00
150 150 1.00000000000000000000000000000000000000000000000e+00
151 151 3.00000000000000000000000000000000000000000000000e+00
152 152 3.00000000000000000000000000000000000000000000000e+00
153 153 3.00000000000000000000000000000000000000000000000e+00
154 154 3.00000000000000000000000000000000000000000000000e+00
155 155 3.00000000000000000000000000000000000000000000000e+00
156 156 3.00000000000000000000000000000000000000000000000e+00
157 157 3.00000000000000000000000000000000000000000000000e+00
158 158 3.00000000000000000000000000000000000000000000000e+00
159 159 3.00000000000000000000000000000000000000000000000e+00
160 160 3.00000000000000000000000000000000000000000000000e+00
161 161 3.00000000000000000000000000000000000000000000000e+00
162 162 3.00000000000000000000000000000000000000000000000e+00
163 163 3.00000000000000000000000000000000000000000000000e+00
164 164 3.00000000000000000000000000000000000000000000000e+00
165 165 3.00000000000000000000000000000000000000000000000e+00
166 166 3.00000000000000000000000000000000000000000000000e+00
167 167 3.00000000000000000000000000000000000000000000000e+00
168 168 3.00000000000000000000000000000000000000000000000e+00
169 169 3.00000000000000000000000000000000000000000000000e+00
170 170 3.00000000000000000000000000000000000000000000000e+00
171 171 3.00000000000000000000000000000000000000000000000e+00
172 172 3.00000000000000000000000000000000000000000000000e+00
173 173 3.00000000000000000000000000000000000000000000000e+00
174 174 3.00000000000000000000000000000000000000000000000e+00
175 175 3.00000000000000000000000000000000000000000000000e+00
176 176 6.00000000000000000000000000000000000000000000000e+00
177 177 6.00000000000000000000000000000000000000000000000e+00
178 178 6.00000000000000000000000000000000000000000000000e+00
179 179 6.00000000000000000000000000000000000000000000000e+00
180 180 6.00000000000000000000000000000000000000000000000e+00
181 181 6.00000000000000000000000000000000000000000000000e+00
182 182 6.00000000000000000000000000000000000000000000000e+00
183 183 6.00000000000000000000000000000000000000000000000e+00
184 184 6.00000000000000000000000000000000000000000000000e+00
185 185 6.00000000000000000000000000000000000000000000000e+00
186 186 6.00000000000000000000000000000000000000000000000e+00
187 187 6.00000000000000000000000000000000000000000000000e+00
188 188 6.00000000000000000000000000000000000000000000000e+00
189 189 6.00000000000000000000000000000000000000000000000e+00
190 190 6.00000000000000000000000000000000000000000000000e+00
191 191 6.00000000000000000000000000000000000000000000000e+00
192 192 6.00000000000000000000000000000000000000000000000e+00
193 193 6.00000000000000000000000000000000000000000000000e+00
194 194 6.00000000000000000000000000000000000000000000000e+00
195 195 6.00000000000000000000000000000000000000000000000e+00
196 196 6.00000000000000000000000000000000000000000000000e+00
197 197 6.00000000000000000000000000000000000000000000000e+00
198 198 6.00000000000000000000000000000000000000000000000e+00
199 199 6.00000000000000000000000000000000000000000000000e+00
200 200 6.00000000000000000000000000000000000000000000000e+00
201 201 6.00000000000000000000000000000000000000000000000e+00
202 202 6.00000000000000000000000000000000000000000000000e+00
203 203 6.00000000000000000000000000000000000000000000000e+00
204 204 6.00000000000000000000000000000000000000000000000e+00
205 205 6.00000000000000000000000000000000000000000000000e+00
206 206 6.00000000000000000000000000000000000000000000000e+00
207 207 6.00000000000000000000000000000000000000000000000e+00
208 208 6.00000000000000000000000000000000000000000000000e+00
209 209 6.00000000000000000000000000000000000000000000000e+00
210 210 6.00000000000000000000000000000000000000000000000e+00
211 211 1.00000000000000000000000000000000000000000000000e+01
212 212 1.00000000000000000000000000000000000000000000000e+01
213 213 1.00000000000000000000000000000000000000000000000e+01
214 214 1.00000000000000000000000000000000000000000000000e+01
215 215 1.00000000000000000000000000000000000000000000000e+01
216 216 1.00000000000000000000000000000000000000000000000e+01
217 217 1.00000000000000000000000000000000000000000000000e+01
218 218 1.00000000000000000000000000000000000000000000000e+01
219 219 1.00000000000000000000000000000000000000000000000e+01
220 220 1.00000000000000000000000000000000000000000000000e+01
221 221 1.00000000000000000000000000000000000000000000000e+01
222 222 1.00000000000000000000000000000000000000000000000e+01
223 223 1.00000000000000000000000000000000000000000000000e+01
224 224 1.00000000000000000000000000000000000000000000000e+01
225 225 1.00000000000000000000000000000000000000000000000e+01
226 226 1.00000000000000000000000000000000000000000000000e+01
227 227 1.00000000000000000000000000000000000000000000000e+01
228 228 1.00000000000000000000000000000000000000000000000e+01
229 229 1.00000000000000000000000000000000000000000000000e+01
230 230 1.00000000000000000000000000000000000000000000000e+01
231 231 1.00000000000000000000000000000000000000000000000e+01
232 232 1.00000000000000000000000000000000000000000000000e+01
233 233 1.00000000000000000000000000000000000000000000000e+01
234 234 1.00000000000000000000000000000000000000000000000e+01
235 235 1.00000000000000000000000000000000000000000000000e+01
236 236 1.00000000000000000000000000000000000000000000000e+01
237 237 1.00000000000000000000000000000000000000000000000e+01
238 238 1.00000000000000000000000000000000000000000000000e+01
239 239 1.00000000000000000000000000000000000000000000000e+01
240 240 1.00000000000000000000000000000000000000000000000e+01
241 241 1.00000000000000000000000000000000000000000000000e+01
242 242 1.00000000000000000000000000000000000000000000000e+01
243 243 1.50000000000000000000000000000000000000000000000e+01
244 244 1.50000000000000000000000000000000000000000000000e+01
245 245 1.50000000000000000000000000000000000000000000000e+01
246 246 1.50000000000000000000000000000000000000000000000e+01
247 247 1.50000000000000000000000000000000000000000000000e+01
248 248 1.50000000000000000000000000000000000000000000000e+01
249 249 1.50000000000000000000000000000000000000000000000e+01
250 250 1.50000000000000000000000000000000000000000000000e+01
251 251 1.50000000000000000000000000000000000000000000000e+01
252 252 1.50000000000000000000000000000000000000000000000e+01
253 253 1.50000000000000000000000000000000000000000000000e+01
254 254 1.50000000000000000000000000000000000000000000000e+01
255 255 1.50000000000000000000000000000000000000000000000e+01
256 256 1.50000000000000000000000000000000000000000000000e+01
257 257 1.50000000000000000000000000000000000000000000000e+01
258 258 1.50000000000000000000000000000000000000000000000e+01
259 259 1.50000000000000000000000000000000000000000000000e+01
260 260 1.50000000000000000000000000000000000000000000000e+01
261 261 1.50000000000000000000000000000000000000000000000e+01
262 262 1.50000000000000000000000000000000000000000000000e+01
263 263 1.50000000000000000000000000000000000000000000000e+01
264 264 1.50000000000000000000000000000000000000000000000e+01
265 265 1.50000000000000000000000000000000000000000000000e+01
266 266 1.50000000000000000000000000000000000000000000000e+01
267 267 1.50000000000000000000000000000000000000000000000e+01
268 268 1.50000000000000000000000000000000000000000000000e+01
269 269 1.50000000000000000000000000000000000000000000000e+01
277 277 1.00000000000000000000000000000000000000000000000e+00
278 278 1.00000000000000000000000000000000000000000000000e+00
279 279 1.00000000000000000000000000000000000000000000000e+00
280 280 1.00000000000000000000000000000000000000000000000e+00
281 281 1.00000000000000000000000000000000000000000000000e+00
282 282 1.00000000000000000000000000000000000000000000000e+00
283 283 1.00000000000000000000000000000000000000000000000e+00
284 284 1.00000000000000000000000000000000000000000000000e+00
285 285 1.00000000000000000000000000000000000000000000000e+00
286 286 1.00000000000000000000000000000000000000000000000e+00
287 287 1.00000000000000000000000000000000000000000000000e+00
288 288 1.00000000000000000000000000000000000000000000000e+00
289 289 1.00000000000000000000000000000000000000000000000e+00
290 290 1.00000000000000000000000000000000000000000000000e+00
291 291 1.00000000000000000000000000000000000000000000000e+00
292 292 1.00000000000000000000000000000000000000000000000e+00
293 293 1.00000000000000000000000000000000000000000000000e+00
294 294 1.00000000000000000000000000000000000000000000000e+00
295 295 1.00000000000000000000000000000000000000000000000e+00
296 296 1.00000000000000000000000000000000000000000000000e+00
297 297 1.00000000000000000000000000000000000000000000000e+00
298 298 3.00000000000000000000000000000000000000000000000e+00
299 299 3.00000000000000000000000000000000000000000000000e+00
300 300 3.00000000000000000000000000000000000000000000000e+00
301 301 3.00000000000000000000000000000000000000000000000e+00
302 302 3.00000000000000000000000000000000000000000000000e+00
303 303 3.00000000000000000000000000000000000000000000000e+00
304 304 3.00000000000000000000000000000000000000000000000e+00
305 305 3.00000000000000000000000000000000000000000000000e+00
306 306 3.00000000000000000000000000000000000000000000000e+00
307 307 3.00000000000000000000000000000000000000000000000e+00
308 308 3.00000000000000000000000000000000000000000000000e+00
309 309 3.00000000000000000000000000000000000000000000000e+00
310 310 3.00000000000000000000000000000000000000000000000e+00
311 311 3.00000000000000000000000000000000000000000000000e+00
312 312 3.00000000000000000000000000000000000000000000000e+00
313 313 3.00000000000000000000000000000000000000000000000e+00
314 314 3.00000000000000000000000000000000000000000000000e+00
315 315 3.00000000000000000000000000000000000000000000000e+00
316 316 3.00000000000000000000000000000000000000000000000e+00
317 317 3.00000000000000000000000000000000000000000000000e+00
318 318 3.00000000000000000000000000000000000000000000000e+00
319 319 3.00000000000000000000000000000000000000000000000e+00
320 320 3.00000000000000000000000000000000000000000000000e+00
321 321 3.00000000000000000000000000000000000000000000000e+00
322 322 3.00000000000000000000000000000000000000000000000e+00
323 323 3.00000000000000000000000000000000000000000000000e+00
324 324 3.00000000000000000000000000000000000000000000000e+00
325 325 3.00000000000000000000000000000000000000000000000e+00
326 326 3.00000000000000000000000000000000000000000000000e+00
327 327 3.00000000000000000000000000000000000000000000000e+00
328 328 3.00000000000000000000000000000000000000000000000e+00
329 329 3.00000000000000000000000000000000000000000000000e+00
330 330 3.00000000000000000000000000000000000000000000000e+00
331 331 3.00000000000000000000000000000000000000000000000e+00
332 332 3.00000000000000000000000000000000000000000000000e+00
333 333 6.00000000000000000000000000000000000000000000000e+00
334 334 6.00000000000000000000000000000000000000000000000e+00
335 335 6.00000000000000000000000000000000000000000000000e+00
336 336 6.00000000000000000000000000000000000000000000000e+00
337 337 6.00000000000000000000000000000000000000000000000e+00
338 338 6.00000000000000000000000000000000000000000000000e+00
339 339 6.00000000000000000000000000000000000000000000000e+00
340 340 6.00000000000000000000000000000000000000000000000e+00
341 341 6.00000000000000000000000000000000000000000000000e+00
342 342 6.00000000000000000000000000000000000000000000000e+00
343 343 6.00000000000000000000000000000000000000000000000e+00
344 344 6.00000000000000000000000000000000000000000000000e+00
345 345 6.00000000000000000000000000000000000000000000000e+00
346 346 6.00000000000000000000000000000000000000000000000e+00
347 347 6.00000000000000000000000000000000000000000000000e+00
348 348 6.00000000000000000000000000000000000000000000000e+00
349 349 6.00000000000000000000000000000000000000000000000e+00
350 350 6.00000000000000000000000000000000000000000000000e+00
351 351 6.00000000000000000000000000000000000000000000000e+00
352 352 6.00000000000000000000000000000000000000000000000e+00
353 353 6.00000000000000000000000000000000000000000000000e+00
354 354 6.00000000000000000000000000000000000000000000000e+00
355 355 6.00000000000000000000000000000000000000000000000e+00
356 356 6.00000000000000000000000000000000000000000000000e+00
357 357 6.00000000000000000000000000000000000000000000000e+00
358 358 6.00000000000000000000000000000000000000000000000e+00
359 359 6.00000000000000000000000000000000000000000000000e+00
360 360 6.00000000000000000000000000000000000000000000000e+00
361 361 6.00000000000000000000000000000000000000000000000e+00
362 362 6.00000000000000000000000000000000000000000000000e+00
363 363 6.00000000000000000000000000000000000000000000000e+00
364 364 6.00000000000000000000000000000000000000000000000e+00
365 365 6.00000000000000000000000000000000000000000000000e+00
366 366 6.00000000000000000000000000000000000000000000000e+00
367 367 6.00000000000000000000000000000000000000000000000e+00
368 368 6.00000000000000000000000000000000000000000000000e+00
369 369 1.00000000000000000000000000000000000000000000000e+01
370 370 1.00000000000000000000000000000000000000000000000e+01
371 371 1.00000000000000000000000000000000000000000000000e+01
372 372 1.00000000000000000000000000000000000000000000000e+01
373 373 1.00000000000000000000000000000000000000000000000e+01
374 374 1.00000000000000000000000000000000000000000000000e+01
375 375 1.00000000000000000000000000000000000000000000000e+01
376 376 1.00000000000000000000000000000000000000000000000e+01
377 377 1.00000000000000000000000000000000000000000000000e+01
378 378 1.00000000000000000000000000000000000000000000000e+01
379 379 1.00000000000000000000000000000000000000000000000e+01
380 380 1.00000000000000000000000000000000000000000000000e+01
381 381 1.00000000000000000000000000000000000000000000000e+01
382 382 1.00000000000000000000000000000000000000000000000e+01
383 383 1.00000000000000000000000000000000000000000000000e+01
384 384 1.00000000000000000000000000000000000000000000000e+01
385 385 1.00000000000000000000000000000000000000000000000e+01
386 386 1.00000000000000000000000000000000000000000000000e+01
387 387 1.00000000000000000000000000000000000000000000000e+01
388 388 1.00000000000000000000000000000000000000000000000e+01
389 389 1.00000000000000000000000000000000000000000000000e+01
390 390 1.00000000000000000000000000000000000000000000000e+01
391 391 1.00000000000000000000000000000000000000000000000e+01
392 392 1.00000000000000000000000000000000000000000000000e+01
393 393 1.00000000000000000000000000000000000000000000000e+01
394 394 1.00000000000000000000000000000000000000000000000e+01
395 395 1.00000000000000000000000000000000000000000000000e+01
396 396 1.00000000000000000000000000000000000000000000000e+01
397 397 1.00000000000000000000000000000000000000000000000e+01
398 398 1.00000000000000000000000000000000000000000000000e+01
399 399 1.00000000000000000000000000000000000000000000000e+01
400 400 1.00000000000000000000000000000000000000000000000e+01
401 401 1.00000000000000000000000000000000000000000000000e+01
402 402 1.00000000000000000000000000000000000000000000000e+01
403 403 1.00000000000000000000000000000000000000000000000e+01
404 404 1.50000000000000000000000000000000000000000000000e+01
405 405 1.50000000000000000000000000000000000000000000000e+01
406 406 1.50000000000000000000000000000000000000000000000e+01
407 407 1.50000000000000000000000000000000000000000000000e+01
408 408 1.50000000000000000000000000000000000000000000000e+01
409 409 1.50000000000000000000000000000000000000000000000e+01
410 410 1.50000000000000000000000000000000000000000000000e+01
411 411 1.50000000000000000000000000000000000000000000000e+01
412 412 1.50000000000000000000000000000000000000000000000e+01
413 413 1.50000000000000000000000000000000000000000000000e+01
414 414 1.50000000000000000000000000000000000000000000000e+01
415 415 1.50000000000000000000000000000000000000000000000e+01
416 416 1.50000000000000000000000000000000000000000000000e+01
417 417 1.50000000000000000000000000000000000000000000000e+01
418 418 1.50000000000000000000000000000000000000000000000e+01
419 419 1.50000000000000000000000000000000000000000000000e+01
420 420 1.50000000000000000000000000000000000000000000000e+01
421 421 1.50000000000000000000000000000000000000000000000e+01
422 422 1.50000000000000000000000000000000000000000000000e+01
423 423 1.50000000000000000000000000000000000000000000000e+01
424 424 1.50000000000000000000000000000000000000000000000e+01
425 425 1.50000000000000000000000000000000000000000000000e+01
426 426 1.50000000000000000000000000000000000000000000000e+01
427 427 1.50000000000000000000000000000000000000000000000e+01
428 428 1.50000000000000000000000000000000000000000000000e+01
429 429 1.50000000000000000000000000000000000000000000000e+01
430 430 1.50000000000000000000000000000000000000000000000e+01
431 431 1.50000000000000000000000000000000000000000000000e+01
432 432 1.50000000000000000000000000000000000000000000000e+01
433 433 1.50000000000000000000000000000000000000000000000e+01
434 434 1.50000000000000000000000000000000000000000000000e+01
435 435 1.50000000000000000000000000000000000000000000000e+01
445 445 1.00000000000000000000000000000000000000000000000e+00
446 446 1.00000000000000000000000000000000000000000000000e+00
447 447 1.00000000000000000000000000000000000000000000000e+00
448 448 1.00000000000000000000000000000000000000000000000e+00
449 449 1.00000000000000000000000000000000000000000000000e+00
450 450 1.00000000000000000000000000000000000000000000000e+00
451 451 1.00000000000000000000000000000000000000000000000e+00
452 452 1.00000000000000000000000000000000000000000000000e+00
453 453 1.00000000000000000000000000000000000000000000000e+00
454 454 1.00000000000000000000000000000000000000000000000e+00
455 455 1.00000000000000000000000000000000000000000000000e+00
456 456 1.00000000000000000000000000000000000000000000000e+00
457 457 1.00000000000000000000000000000000000000000000000e+00
458 458 1.00000000000000000000000000000000000000000000000e+00
459 459 1.00000000000000000000000000000000000000000000000e+00
460 460 1.00000000000000000000000000000000000000000000000e+00
461 461 1.00000000000000000000000000000000000000000000000e+00
462 462 1.00000000000000000000000000000000000000000000000e+00
463 463 1.00000000000000000000000000000000000000000000000e+00
464 464 1.00000000000000000000000000000000000000000000000e+00
465 465 1.00000000000000000000000000000000000000000000000e+00
466 466 1.00000000000000000000000000000000000000000000000e+00
467 467 1.00000000000000000000000000000000000000000000000e+00
468 468 1.00000000000000000000000000000000000000000000000e+00
469 469 1.00000000000000000000000000000000000000000000000e+00
470 470 1.00000000000000000000000000000000000000000000000e+00
471 471 1.00000000000000000000000000000000000000000000000e+00
472 472 3.00000000000000000000000000000000000000000000000e+00
473 473 3.00000000000000000000000000000000000000000000000e+00
474 474 3.00000000000000000000000000000000000000000000000e+00
475 475 3.00000000000000000000000000000000000000000000000e+00
476 476 3.00000000000000000000000000000000000000000000000e+00
477 477 3.00000000000000000000000000000000000000000000000e+00
478 478 3.00000000000000000000000000000000000000000000000e+00
479 479 3.00000000000000000000000000000000000000000000000e+00
480 480 3.00000000000000000000000000000000000000000000000e+00
481 481 3.00000000000000000000000000000000000000000000000e+00
482 482 3.00000000000000000000000000000000000000000000000e+00
483 483 3.00000000000000000000000000000000000000000000000e+00
484 484 3.00000000000000000000000000000000000000000000000e+00
485 485 3.00000000000000000000000000000000000000000000000e+00
486 486 3.00000000000000000000000000000000000000000000000e+00
487 487 3.00000000000000000000000000000000000000000000000e+00
488 488 3.00000000000000000000000000000000000000000000000e+00
489 489 3.00000000000000000000000000000000000000000000000e+00
490 490 3.00000000000000000000000000000000000000000000000e+00
491 491 3.00000000000000000000000000000000000000000000000e+00
492 492 3.00000000000000000000000000000000000000000000000e+00
493 493 3.00000000000000000000000000000000000000000000000e+00
494 494 3.00000000000000000000000000000000000000000000000e+00
495 495 3.00000000000000000000000000000000000000000000000e+00
496 496 3.00000000000000000000000000000000000000000000000e+00
497 497 3.00000000000000000000000000000000000000000000000e+00
498 498 3.00000000000000000000000000000000000000000000000e+00
499 499 3.00000000000000000000000000000000000000000000000e+00
500 500 3.00000000000000000000000000000000000000000000000e+00
501 501 3.00000000000000000000000000000000000000000000000e+00
502 502 3.00000000000000000000000000000000000000000000000e+00
503 503 3.00000000000000000000000000000000000000000000000e+00
504 504 6.00000000000000000000000000000000000000000000000e+00
505 505 6.00000000000000000000000000000000000000000000000e+00
506 506 6.00000000000000000000000000000000000000000000000e+00
507 507 6.00000000000000000000000000000000000000000000000e+00
508 508 6.00000000000000000000000000000000000000000000000e+00
509 509 6.00000000000000000000000000000000000000000000000e+00
510 510 6.00000000000000000000000000000000000000000000000e+00
511 511 6.00000000000000000000000000000000000000000000000e+00
512 512 6.00000000000000000000000000000000000000000000000e+00
513 513 6.00000000000000000000000000000000000000000000000e+00
514 514 6.00000000000000000000000000000000000000000000000e+00
515 515 6.00000000000000000000000000000000000000000000000e+00
516 516 6.00000000000000000000000000000000000000000000000e+00
517 517 6.00000000000000000000000000000000000000000000000e+00
518 518 6.00000000000000000000000000000000000000000000000e+00
519 519 6.00000000000000000000000000000000000000000000000e+00
520 520 6.00000000000000000000000000000000000000000000000e+00
521 521 6.00000000000000000000000000000000000000000000000e+00
522 522 6.00000000000000000000000000000000000000000000000e+00
523 523 6.00000000000000000000000000000000000000000000000e+00
524 524 6.00000000000000000000000000000000000000000000000e+00
525 525 6.00000000000000000000000000000000000000000000000e+00
526 526 6.00000000000000000000000000000000000000000000000e+00
527 527 6.00000000000000000000000000000000000000000000000e+00
528 528 6.00000000000000000000000000000000000000000000000e+00
529 529 6.00000000000000000000000000000000000000000000000e+00
530 530 6.00000000000000000000000000000000000000000000000e+00
531 531 6.00000000000000000000000000000000000000000000000e+00
532 532 6.00000000000000000000000000000000000000000000000e+00
533 533 6.00000000000000000000000000000000000000000000000e+00
534 534 6.00000000000000000000000000000000000000000000000e+00
535 535 6.00000000000000000000000000000000000000000000000e+00
536 536 6.00000000000000000000000000000000000000000000000e+00
537 537 6.00000000000000000000000000000000000000000000000e+00
538 538 6.00000000000000000000000000000000000000000000000e+00
539 539 1.00000000000000000000000000000000000000000000000e+01
540 540 1.00000000000000000000000000000000000000000000000e+01
541 541 1.00000000000000000000000000000000000000000000000e+01
542 542 1.00000000000000000000000000000000000000000000000e+01
543 543 1.00000000000000000000000000000000000000000000000e+01
544 544 1.00000000000000000000000000000000000000000000000e+01
545 545 1.00000000000000000000000000000000000000000000000e+01
546 546 1.00000000000000000000000000000000000000000000000e+01
547 547 1.00000000000000000000000000000000000000000000000e+01
548 548 1.00000000000000000000000000000000000000000000000e+01
549 549 1.00000000000000000000000000000000000000000000000e+01
550 550 1.00000000000000000000000000000000000000000000000e+01
551 551 1.00000000000000000000000000000000000000000000000e+01
552 552 1.00000000000000000000000000000000000000000000000e+01
553 553 1.00000000000000000000000000000000000000000000000e+01
554 554 1.00000000000000000000000000000000000000000000000e+01
555 555 1.00000000000000000000000000000000000000000000000e+01
556 556 1.00000000000000000000000000000000000000000000000e+01
557 557 1.00000000000000000000000000000000000000000000000e+01
558 558 1.00000000000000000000000000000000000000000000000e+01
559 559 1.00000000000000000000000000000000000000000000000e+01
560 560 1.00000000000000000000000000000000000000000000000e+01
561 561 1.00000000000000000000000000000000000000000000000e+01
562 562 1.00000000000000000000000000000000000000000000000e+01
563 563 1.00000000000000000000000000000000000000000000000e+01
564 564 1.00000000000000000000000000000000000000000000000e+01
565 565 1.00000000000000000000000000000000000000000000000e+01
566 566 1.00000000000000000000000000000000000000000000000e+01
567 567 1.00000000000000000000000000000000000000000000000e+01
568 568 1.00000000000000000000000000000000000000000000000e+01
569 569 1.00000000000000000000000000000000000000000000000e+01
570 570 1.00000000000000000000000000000000000000000000000e+01
571 571 1.00000000000000000000000000000000000000000000000e+01
572 572 1.00000000000000000000000000000000000000000000000e+01
573 573 1.00000000000000000000000000000000000000000000000e+01
574 574 1.00000000000000000000000000000000000000000000000e+01
575 575 1.50000000000000000000000000000000000000000000000e+01
576 576 1.50000000000000000000000000000000000000000000000e+01
577 577 1.50000000000000000000000000000000000000000000000e+01
578 578 1.50000000000000000000000000000000000000000000000e+01
579 579 1.50000000000000000000000000000000000000000000000e+01
580 580 1.50000000000000000000000000000000000000000000000e+01
581 581 1.50000000000000000000000000000000000000000000000e+01
582 582 1.50000000000000000000000000000000000000000000000e+01
583 583 1.50000000000000000000000000000000000000000000000e+01
584 584 1.50000000000000000000000000000000000000000000000e+01
585 585 1.50000000000000000000000000000000000000000000000e+01
586 586 1.50000000000000000000000000000000000000000000000e+01
587 587 1.50000000000000000000000000000000000000000000000e+01
588 588 1.50000000000000000000000000000000000000000000000e+01
589 589 1.50000000000000000000000000000000000000000000000e+01
590 590 1.50000000000000000000000000000000000000000000000e+01
591 591 1.50000000000000000000000000000000000000000000000e+01
592 592 1.50000000000000000000000000000000000000000000000e+01
593 593 1.50000000000000000000000000000000000000000000000e+01
594 594 1.50000000000000000000000000000000000000000000000e+01
595 595 1.50000000000000000000000000000000000000000000000e+01
596 596 1.50000000000000000000000000000000000000000000000e+01
597 597 1.50000000000000000000000000000000000000000000000e+01
598 598 1.50000000000000000000000000000000000000000000000e+01
599 599 1.50000000000000000000000000000000000000000000000e+01
600 600 1.50000000000000000000000000000000000000000000000e+01
601 601 1.50000000000000000000000000000000000000000000000e+01
602 602 1.50000000000000000000000000000000000000000000000e+01
603 603 1.50000000000000000000000000000000000000000000000e+01
604 604 1.50000000000000000000000000000000000000000000000e+01
605 605 1.50000000000000000000000000000000000000000000000e+01
606 606 1.50000000000000000000000000000000000000000000000e+01
607 607 1.50000000000000000000000000000000000000000000000e+01
608 608 1.50000000000000000000000000000000000000000000000e+01
609 609 1.50000000000000000000000000000000000000000000000e+01
621 621 1.00000000000000000000000000000000000000000000000e+00
622 622 1.00000000000000000000000000000000000000000000000e+00
623 623 1.00000000000000000000000000000000000000000000000e+00
624 624 1.00000000000000000000000000000000000000000000000e+00
625 625 1.00000000000000000000000000000000000000000000000e+00
626 626 1.00000000000000000000000000000000000000000000000e+00
627 627 1.00000000000000000000000000000000000000000000000e+00
628 628 1.00000000000000000000000000000000000000000000000e+00
629 629 1.00000000000000000000000000000000000000000000000e+00
630 630 1.00000000000000000000000000000000000000000000000e+00
631 631 1.00000000000000000000000000000000000000000000000e+00
632 632 1.00000000000000000000000000000000000000000000000e+00
633 633 1.00000000000000000000000000000000000000000000000e+00
634 634 1.00000000000000000000000000000000000000000000000e+00
635 635 1.00000000000000000000000000000000000000000000000e+00
636 636 1.00000000000000000000000000000000000000000000000e+00
637 637 1.00000000000000000000000000000000000000000000000e+00
638 638 1.00000000000000000000000000000000000000000000000e+00
639 639 1.00000000000000000000000000000000000000000000000e+00
640 640 1.00000000000000000000000000000000000000000000000e+00
641 641 3.00000000000000000000000000000000000000000000000e+00
642 642 3.00000000000000000000000000000000000000000000000e+00
643 643 3.00000000000000000000000000000000000000000000000e+00
644 644 3.00000000000000000000000000000000000000000000000e+00
645 645 3.00000000000000000000000000000000000000000000000e+00
646 646 3.00000000000000000000000000000000000000000000000e+00
647 647 3.00000000000000000000000000000000000000000000000e+00
648 648 3.00000000000000000000000000000000000000000000000e+00
649 649 3.00000000000000000000000000000000000000000000000e+00
650 650 3.00000000000000000000000000000000000000000000000e+00
651 651 3.00000000000000000000000000000000000000000000000e+00
652 652 3.00000000000000000000000000000000000000000000000e+00
653 653 3.00000000000000000000000000000000000000000000000e+00
654 654 3.00000000000000000000000000000000000000000000000e+00
655 655 3.00000000000000000000000000000000000000000000000e+00
656 656 3.00000000000000000000000000000000000000000000000e+00
657 657 3.00000000000000000000000000000000000000000000000e+00
658 658 3.00000000000000000000000000000000000000000000000e+00
659 659 3.00000000000000000000000000000000000000000000000e+00
660 660 3.00000000000000000000000000000000000000000000000e+00
661 661 3.00000000000000000000000000000000000000000000000e+00
662 662 3.00000000000000000000000000000000000000000000000e+00
663 663 3.00000000000000000000000000000000000000000000000e+00
664 664 3.00000000000000000000000000000000000000000000000e+00
665 665 3.00000000000000000000000000000000000000000000000e+00
666 666 3.00000000000000000000000000000000000000000000000e+00
667 667 3.00000000000000000000000000000000000000000000000e+00
668 668 6.00000000000000000000000000000000000000000000000e+00
669 669 6.00000000000000000000000000000000000000000000000e+00
670 670 6.00000000000000000000000000000000000000000000000e+00
671 671 6.00000000000000000000000000000000000000000000000e+00
672 672 6.00000000000000000000000000000000000000000000000e+00
673 673 6.00000000000000000000000000000000000000000000000e+00
674 674 6.00000000000000000000000000000000000000000000000e+00
675 675 6.00000000000000000000000000000000000000000000000e+00
676 676 6.00000000000000000000000000000000000000000000000e+00
677 677 6.00000000000000000000000000000000000000000000000e+00
678 678 6.00000000000000000000000000000000000000000000000e+00
679 679 6.00000000000000000000000000000000000000000000000e+00
680 680 6.00000000000000000000000000000000000000000000000e+00
681 681 6.00000000000000000000000000000000000000000000000e+00
682 682 6.00000000000000000000000000000000000000000000000e+00
683 683 6.00000000000000000000000000000000000000000000000e+00
684 684 6.00000000000000000000000000000000000000000000000e+00
685 685 6.00000000000000000000000000000000000000000000000e+00
686 686 6.00000000000000000000000000000000000000000000000e+00
687 687 6.00000000000000000000000000000000000000000000000e+00
688 688 6.00000000000000000000000000000000000000000000000e+00
689 689 6.00000000000000000000000000000000000000000000000e+00
690 690 6.00000000000000000000000000000000000000000000000e+00
691 691 6.00000000000000000000000000000000000000000000000e+00
692 692 6.00000000000000000000000000000000000000000000000e+00
693 693 6.00000000000000000000000000000000000000000000000e+00
694 694 6.00000000000000000000000000000000000000000000000e+00
695 695 6.00000000000000000000000000000000000000000000000e+00
696 696 6.00000000000000000000000000000000000000000000000e+00
697 697 6.00000000000000000000000000000000000000000000000e+00
698 698 6.00000000000000000000000000000000000000000000000e+00
699 699 6.00000000000000000000000000000000000000000000000e+00
700 700 1.00000000000000000000000000000000000000000000000e+01
701 701 1.00000000000000000000000000000000000000000000000e+01
702 702 1.00000000000000000000000000000000000000000000000e+01
703 703 1.00000000000000000000000000000000000000000000000e+01
704 704 1.00000000000000000000000000000000000000000000000e+01
705 705 1.00000000000000000000000000000000000000000000000e+01
706 706 1.00000000000000000000000000000000000000000000000e+01
707 707 1.00000000000000000000000000000000000000000000000e+01
708 708 1.00000000000000000000000000000000000000000000000e+01
709 709 1.00000000000000000000000000000000000000000000000e+01
710 710 1.00000000000000000000000000000000000000000000000e+01
711 711 1.00000000000000000000000000000000000000000000000e+01
712 712 1.00000000000000000000000000000000000000000000000e+01
713 713 1.00000000000000000000000000000000000000000000000e+01
714 714 1.00000000000000000000000000000000000000000000000e+01
715 715 1.00000000000000000000000000000000000000000000000e+01
716 716 1.00000000000000000000000000000000000000000000000e+01
717 717 1.00000000000000000000000000000000000000000000000e+01
718 718 1.00000000000000000000000000000000000000000000000e+01
719 719 1.00000000000000000000000000000000000000000000000e+01
720 720 1.00000000000000000000000000000000000000000000000e+01
721 721 1.00000000000000000000000000000000000000000000000e+01
722 722 1.00000000000000000000000000000000000000000000000e+01
723 723 1.00000000000000000000000000000000000000000000000e+01
724 724 1.00000000000000000000000000000000000000000000000e+01
725 725 1.00000000000000000000000000000000000000000000000e+01
726 726 1.00000000000000000000000000000000000000000000000e+01
727 727 1.00000000000000000000000000000000000000000000000e+01
728 728 1.00000000000000000000000000000000000000000000000e+01
729 729 1.00000000000000000000000000000000000000000000000e+01
730 730 1.00000000000000000000000000000000000000000000000e+01
731 731 1.00000000000000000000000000000000000000000000000e+01
732 732 1.00000000000000000000000000000000000000000000000e+01
733 733 1.00000000000000000000000000000000000000000000000e+01
734 734 1.00000000000000000000000000000000000000000000000e+01
735 735 1.50000000000000000000000000000000000000000000000e+01
736 736 1.50000000000000000000000000000000000000000000000e+01
737 737 1.50000000000000000000000000000000000000000000000e+01
738 738 1.50000000000000000000000000000000000000000000000e+01
739 739 1.50000000000000000000000000000000000000000000000e+01
740 740 1.50000000000000000000000000000000000000000000000e+01
741 741 1.50000000000000000000000000000000000000000000000e+01
742 742 1.50000000000000000000000000000000000000000000000e+01
743 743 1.50000000000000000000000000000000000000000000000e+01
744 744 1.50000000000000000000000000000000000000000000000e+01
745 745 1.50000000000000000000000000000000000000000000000e+01
746 746 1.50000000000000000000000000000000000000000000000e+01
747 747 1.50000000000000000000000000000000000000000000000e+01
748 748 1.50000000000000000000000000000000000000000000000e+01
749 749 1.50000000000000000000000000000000000000000000000e+01
750 750 1.50000000000000000000000000000000000000000000000e+01
751 751 1.50000000000000000000000000000000000000000000000e+01
752 752 1.50000000000000000000000000000000000000000000000e+01
753 753 1.50000000000000000000000000000000000000000000000e+01
754 754 1.50000000000000000000000000000000000000000000000e+01
755 755 1.50000000000000000000000000000000000000000000000e+01
756 756 1.50000000000000000000000000000000000000000000000e+01
757 757 1.50000000000000000000000000000000000000000000000e+01
758 758 1.50000000000000000000000000000000000000000000000e+01
759 759 1.50000000000000000000000000000000000000000000000e+01
760 760 1.50000000000000000000000000000000000000000000000e+01
761 761 1.50000000000000000000000000000000000000000000000e+01
762 762 1.50000000000000000000000000000000000000000000000e+01
763 763 1.50000000000000000000000000000000000000000000000e+01
764 764 1.50000000000000000000000000000000000000000000000e+01
765 765 1.50000000000000000000000000000000000000000000000e+01
766 766 1.50000000000000000000000000000000000000000000000e+01
767 767 1.50000000000000000000000000000000000000000000000e+01
768 768 1.50000000000000000000000000000000000000000000000e+01
769 769 1.50000000000000000000000000000000000000000000000e+01
770 770 1.50000000000000000000000000000000000000000000000e+01
