1 1 1.00000000000000000000000000000000000000000000000e+00
2 2 1.00000000000000000000000000000000000000000000000e+00
3 3 1.00000000000000000000000000000000000000000000000e+00
4 4 3.00000000000000000000000000000000000000000000000e+00
5 5 3.00000000000000000000000000000000000000000000000e+00
6 6 3.00000000000000000000000000000000000000000000000e+00
7 7 3.00000000000000000000000000000000000000000000000e+00
8 8 3.00000000000000000000000000000000000000000000000e+00
9 9 6.00000000000000000000000000000000000000000000000e+00
10 10 6.00000000000000000000000000000000000000000000000e+00
11 11 6.00000000000000000000000000000000000000000000000e+00
12 12 6.00000000000000000000000000000000000000000000000e+00
13 13 6.00000000000000000000000000000000000000000000000e+00
14 14 6.00000000000000000000000000000000000000000000000e+00
15 15 6.00000000000000000000000000000000000000000000000e+00
16 16 1.00000000000000000000000000000000000000000000000e+01
17 17 1.00000000000000000000000000000000000000000000000e+01
18 18 1.00000000000000000000000000000000000000000000000e+01
19 19 1.00000000000000000000000000000000000000000000000e+01
20 20 1.00000000000000000000000000000000000000000000000e+01
21 21 1.00000000000000000000000000000000000000000000000e+01
22 22 1.00000000000000000000000000000000000000000000000e+01
23 23 1.00000000000000000000000000000000000000000000000e+01
24 24 1.00000000000000000000000000000000000000000000000e+01
25 25 1.50000000000000000000000000000000000000000000000e+01
26 26 1.50000000000000000000000000000000000000000000000e+01
27 27 1.50000000000000000000000000000000000000000000000e+01
28 28 1.50000000000000000000000000000000000000000000000e+01
29 29 1.50000000000000000000000000000000000000000000000e+01
30 30 1.50000000000000000000000000000000000000000000000e+01
31 31 1.50000000000000000000000000000000000000000000000e+01
32 32 1.50000000000000000000000000000000000000000000000e+01
33 33 1.50000000000000000000000000000000000000000000000e+01
34 34 1.50000000000000000000000000000000000000000000000e+01
35 35 1.50000000000000000000000000000000000000000000000e+01
36 36 1.00000000000000000000000000000000000000000000000e+00
37 37 1.00000000000000000000000000000000000000000000000e+00
38 38 1.00000000000000000000000000000000000000000000000e+00
40 40 1.00000000000000000000000000000000000000000000000e+00
41 41 1.00000000000000000000000000000000000000000000000e+00
42 42 1.00000000000000000000000000000000000000000000000e+00
43 43 3.00000000000000000000000000000000000000000000000e+00
44 44 3.00000000000000000000000000000000000000000000000e+00
45 45 3.00000000000000000000000000000000000000000000000e+00
46 46 3.00000000000000000000000000000000000000000000000e+00
47 47 3.00000000000000000000000000000000000000000000000e+00
48 48 1.00000000000000000000000000000000000000000000000e+00
49 49 1.00000000000000000000000000000000000000000000000e+00
50 50 1.00000000000000000000000000000000000000000000000e+00
51 51 3.00000000000000000000000000000000000000000000000e+00
52 52 3.00000000000000000000000000000000000000000000000e+00
53 53 3.00000000000000000000000000000000000000000000000e+00
54 54 3.00000000000000000000000000000000000000000000000e+00
55 55 3.00000000000000000000000000000000000000000000000e+00
56 56 6.00000000000000000000000000000000000000000000000e+00
57 57 6.00000000000000000000000000000000000000000000000e+00
58 58 6.00000000000000000000000000000000000000000000000e+00
59 59 6.00000000000000000000000000000000000000000000000e+00
60 60 6.00000000000000000000000000000000000000000000000e+00
61 61 6.00000000000000000000000000000000000000000000000e+00
62 62 6.00000000000000000000000000000000000000000000000e+00
63 63 3.00000000000000000000000000000000000000000000000e+00
64 64 3.00000000000000000000000000000000000000000000000e+00
65 65 3.00000000000000000000000000000000000000000000000e+00
66 66 3.00000000000000000000000000000000000000000000000e+00
67 67 3.00000000000000000000000000000000000000000000000e+00
68 68 6.00000000000000000000000000000000000000000000000e+00
69 69 6.00000000000000000000000000000000000000000000000e+00
70 70 6.00000000000000000000000000000000000000000000000e+00
71 71 6.00000000000000000000000000000000000000000000000e+00
72 72 6.00000000000000000000000000000000000000000000000e+00
73 73 6.00000000000000000000000000000000000000000000000e+00
74 74 6.00000000000000000000000000000000000000000000000e+00
75 75 1.00000000000000000000000000000000000000000000000e+01
76 76 1.00000000000000000000000000000000000000000000000e+01
77 77 1.00000000000000000000000000000000000000000000000e+01
78 78 1.00000000000000000000000000000000000000000000000e+01
79 79 1.00000000000000000000000000000000000000000000000e+01
80 80 1.00000000000000000000000000000000000000000000000e+01
81 81 1.00000000000000000000000000000000000000000000000e+01
82 82 1.00000000000000000000000000000000000000000000000e+01
83 83 1.00000000000000000000000000000000000000000000000e+01
84 84 6.00000000000000000000000000000000000000000000000e+00
85 85 6.00000000000000000000000000000000000000000000000e+00
86 86 6.00000000000000000000000000000000000000000000000e+00
87 87 6.00000000000000000000000000000000000000000000000e+00
88 88 6.00000000000000000000000000000000000000000000000e+00
89 89 6.00000000000000000000000000000000000000000000000e+00
90 90 6.00000000000000000000000000000000000000000000000e+00
91 91 1.00000000000000000000000000000000000000000000000e+01
92 92 1.00000000000000000000000000000000000000000000000e+01
93 93 1.00000000000000000000000000000000000000000000000e+01
94 94 1.00000000000000000000000000000000000000000000000e+01
95 95 1.00000000000000000000000000000000000000000000000e+01
96 96 1.00000000000000000000000000000000000000000000000e+01
97 97 1.00000000000000000000000000000000000000000000000e+01
98 98 1.00000000000000000000000000000000000000000000000e+01
99 99 1.00000000000000000000000000000000000000000000000e+01
100 100 1.50000000000000000000000000000000000000000000000e+01
101 101 1.50000000000000000000000000000000000000000000000e+01
102 102 1.50000000000000000000000000000000000000000000000e+01
103 103 1.50000000000000000000000000000000000000000000000e+01
104 104 1.50000000000000000000000000000000000000000000000e+01
105 105 1.50000000000000000000000000000000000000000000000e+01
106 106 1.50000000000000000000000000000000000000000000000e+01
107 107 1.50000000000000000000000000000000000000000000000e+01
108 108 1.50000000000000000000000000000000000000000000000e+01
109 109 1.50000000000000000000000000000000000000000000000e+01
110 110 1.50000000000000000000000000000000000000000000000e+01
111 111 1.00000000000000000000000000000000000000000000000e+01
112 112 1.00000000000000000000000000000000000000000000000e+01
113 113 1.00000000000000000000000000000000000000000000000e+01
114 114 1.00000000000000000000000000000000000000000000000e+01
115 115 1.00000000000000000000000000000000000000000000000e+01
116 116 1.00000000000000000000000000000000000000000000000e+01
117 117 1.00000000000000000000000000000000000000000000000e+01
118 118 1.00000000000000000000000000000000000000000000000e+01
119 119 1.00000000000000000000000000000000000000000000000e+01
120 120 1.50000000000000000000000000000000000000000000000e+01
121 121 1.50000000000000000000000000000000000000000000000e+01
122 122 1.50000000000000000000000000000000000000000000000e+01
123 123 1.50000000000000000000000000000000000000000000000e+01
124 124 1.50000000000000000000000000000000000000000000000e+01
125 125 1.50000000000000000000000000000000000000000000000e+01
126 126 1.50000000000000000000000000000000000000000000000e+01
127 127 1.50000000000000000000000000000000000000000000000e+01
128 128 1.50000000000000000000000000000000000000000000000e+01
129 129 1.50000000000000000000000000000000000000000000000e+01
130 130 1.50000000000000000000000000000000000000000000000e+01
131 131 3.00000000000000000000000000000000000000000000000e+00
132 132 3.00000000000000000000000000000000000000000000000e+00
133 133 3.00000000000000000000000000000000000000000000000e+00
134 134 3.00000000000000000000000000000000000000000000000e+00
135 135 3.00000000000000000000000000000000000000000000000e+00
136 136 1.00000000000000000000000000000000000000000000000e+00
137 137 1.00000000000000000000000000000000000000000000000e+00
138 138 1.00000000000000000000000000000000000000000000000e+00
139 139 3.00000000000000000000000000000000000000000000000e+00
140 140 3.00000000000000000000000000000000000000000000000e+00
141 141 3.00000000000000000000000000000000000000000000000e+00
142 142 3.00000000000000000000000000000000000000000000000e+00
143 143 3.00000000000000000000000000000000000000000000000e+00
144 144 6.00000000000000000000000000000000000000000000000e+00
145 145 6.00000000000000000000000000000000000000000000000e+00
146 146 6.00000000000000000000000000000000000000000000000e+00
147 147 6.00000000000000000000000000000000000000000000000e+00
148 148 6.00000000000000000000000000000000000000000000000e+00
149 149 6.00000000000000000000000000000000000000000000000e+00
150 150 6.00000000000000000000000000000000000000000000000e+00
152 152 1.00000000000000000000000000000000000000000000000e+00
153 153 1.00000000000000000000000000000000000000000000000e+00
154 154 1.00000000000000000000000000000000000000000000000e+00
155 155 3.00000000000000000000000000000000000000000000000e+00
156 156 3.00000000000000000000000000000000000000000000000e+00
157 157 3.00000000000000000000000000000000000000000000000e+00
158 158 3.00000000000000000000000000000000000000000000000e+00
159 159 3.00000000000000000000000000000000000000000000000e+00
160 160 6.00000000000000000000000000000000000000000000000e+00
161 161 6.00000000000000000000000000000000000000000000000e+00
162 162 6.00000000000000000000000000000000000000000000000e+00
163 163 6.00000000000000000000000000000000000000000000000e+00
164 164 6.00000000000000000000000000000000000000000000000e+00
165 165 6.00000000000000000000000000000000000000000000000e+00
166 166 6.00000000000000000000000000000000000000000000000e+00
167 167 1.00000000000000000000000000000000000000000000000e+01
168 168 1.00000000000000000000000000000000000000000000000e+01
169 169 1.00000000000000000000000000000000000000000000000e+01
170 170 1.00000000000000000000000000000000000000000000000e+01
171 171 1.00000000000000000000000000000000000000000000000e+01
172 172 1.00000000000000000000000000000000000000000000000e+01
173 173 1.00000000000000000000000000000000000000000000000e+01
174 174 1.00000000000000000000000000000000000000000000000e+01
175 175 1.00000000000000000000000000000000000000000000000e+01
176 176 1.00000000000000000000000000000000000000000000000e+00
177 177 1.00000000000000000000000000000000000000000000000e+00
178 178 1.00000000000000000000000000000000000000000000000e+00
179 179 3.00000000000000000000000000000000000000000000000e+00
180 180 3.00000000000000000000000000000000000000000000000e+00
181 181 3.00000000000000000000000000000000000000000000000e+00
182 182 3.00000000000000000000000000000000000000000000000e+00
183 183 3.00000000000000000000000000000000000000000000000e+00
184 184 6.00000000000000000000000000000000000000000000000e+00
185 185 6.00000000000000000000000000000000000000000000000e+00
186 186 6.00000000000000000000000000000000000000000000000e+00
187 187 6.00000000000000000000000000000000000000000000000e+00
188 188 6.00000000000000000000000000000000000000000000000e+00
189 189 6.00000000000000000000000000000000000000000000000e+00
190 190 6.00000000000000000000000000000000000000000000000e+00
191 191 1.00000000000000000000000000000000000000000000000e+01
192 192 1.00000000000000000000000000000000000000000000000e+01
193 193 1.00000000000000000000000000000000000000000000000e+01
194 194 1.00000000000000000000000000000000000000000000000e+01
195 195 1.00000000000000000000000000000000000000000000000e+01
196 196 1.00000000000000000000000000000000000000000000000e+01
197 197 1.00000000000000000000000000000000000000000000000e+01
198 198 1.00000000000000000000000000000000000000000000000e+01
199 199 1.00000000000000000000000000000000000000000000000e+01
200 200 1.50000000000000000000000000000000000000000000000e+01
201 201 1.50000000000000000000000000000000000000000000000e+01
202 202 1.50000000000000000000000000000000000000000000000e+01
203 203 1.50000000000000000000000000000000000000000000000e+01
204 204 1.50000000000000000000000000000000000000000000000e+01
205 205 1.50000000000000000000000000000000000000000000000e+01
206 206 1.50000000000000000000000000000000000000000000000e+01
207 207 1.50000000000000000000000000000000000000000000000e+01
208 208 1.50000000000000000000000000000000000000000000000e+01
209 209 1.50000000000000000000000000000000000000000000000e+01
210 210 1.50000000000000000000000000000000000000000000000e+01
211 211 3.00000000000000000000000000000000000000000000000e+00
212 212 3.00000000000000000000000000000000000000000000000e+00
213 213 3.00000000000000000000000000000000000000000000000e+00
214 214 3.00000000000000000000000000000000000000000000000e+00
215 215 3.00000000000000000000000000000000000000000000000e+00
216 216 6.00000000000000000000000000000000000000000000000e+00
217 217 6.00000000000000000000000000000000000000000000000e+00
218 218 6.00000000000000000000000000000000000000000000000e+00
219 219 6.00000000000000000000000000000000000000000000000e+00
220 220 6.00000000000000000000000000000000000000000000000e+00
221 221 6.00000000000000000000000000000000000000000000000e+00
222 222 6.00000000000000000000000000000000000000000000000e+00
223 223 1.00000000000000000000000000000000000000000000000e+01
224 224 1.00000000000000000000000000000000000000000000000e+01
225 225 1.00000000000000000000000000000000000000000000000e+01
226 226 1.00000000000000000000000000000000000000000000000e+01
227 227 1.00000000000000000000000000000000000000000000000e+01
228 228 1.00000000000000000000000000000000000000000000000e+01
229 229 1.00000000000000000000000000000000000000000000000e+01
230 230 1.00000000000000000000000000000000000000000000000e+01
231 231 1.00000000000000000000000000000000000000000000000e+01
232 232 1.50000000000000000000000000000000000000000000000e+01
233 233 1.50000000000000000000000000000000000000000000000e+01
234 234 1.50000000000000000000000000000000000000000000000e+01
235 235 1.50000000000000000000000000000000000000000000000e+01
236 236 1.50000000000000000000000000000000000000000000000e+01
237 237 1.50000000000000000000000000000000000000000000000e+01
238 238 1.50000000000000000000000000000000000000000000000e+01
239 239 1.50000000000000000000000000000000000000000000000e+01
240 240 1.50000000000000000000000000000000000000000000000e+01
241 241 1.50000000000000000000000000000000000000000000000e+01
242 242 1.50000000000000000000000000000000000000000000000e+01
243 243 6.00000000000000000000000000000000000000000000000e+00
244 244 6.00000000000000000000000000000000000000000000000e+00
245 245 6.00000000000000000000000000000000000000000000000e+00
246 246 6.00000000000000000000000000000000000000000000000e+00
247 247 6.00000000000000000000000000000000000000000000000e+00
248 248 6.00000000000000000000000000000000000000000000000e+00
249 249 6.00000000000000000000000000000000000000000000000e+00
250 250 1.00000000000000000000000000000000000000000000000e+01
251 251 1.00000000000000000000000000000000000000000000000e+01
252 252 1.00000000000000000000000000000000000000000000000e+01
253 253 1.00000000000000000000000000000000000000000000000e+01
254 254 1.00000000000000000000000000000000000000000000000e+01
255 255 1.00000000000000000000000000000000000000000000000e+01
256 256 1.00000000000000000000000000000000000000000000000e+01
257 257 1.00000000000000000000000000000000000000000000000e+01
258 258 1.00000000000000000000000000000000000000000000000e+01
259 259 1.50000000000000000000000000000000000000000000000e+01
260 260 1.50000000000000000000000000000000000000000000000e+01
261 261 1.50000000000000000000000000000000000000000000000e+01
262 262 1.50000000000000000000000000000000000000000000000e+01
263 263 1.50000000000000000000000000000000000000000000000e+01
264 264 1.50000000000000000000000000000000000000000000000e+01
265 265 1.50000000000000000000000000000000000000000000000e+01
266 266 1.50000000000000000000000000000000000000000000000e+01
267 267 1.50000000000000000000000000000000000000000000000e+01
268 268 1.50000000000000000000000000000000000000000000000e+01
269 269 1.50000000000000000000000000000000000000000000000e+01
270 270 6.00000000000000000000000000000000000000000000000e+00
271 271 6.00000000000000000000000000000000000000000000000e+00
272 272 6.00000000000000000000000000000000000000000000000e+00
273 273 6.00000000000000000000000000000000000000000000000e+00
274 274 6.00000000000000000000000000000000000000000000000e+00
275 275 6.00000000000000000000000000000000000000000000000e+00
276 276 6.00000000000000000000000000000000000000000000000e+00
277 277 3.00000000000000000000000000000000000000000000000e+00
278 278 3.00000000000000000000000000000000000000000000000e+00
279 279 3.00000000000000000000000000000000000000000000000e+00
280 280 3.00000000000000000000000000000000000000000000000e+00
281 281 3.00000000000000000000000000000000000000000000000e+00
282 282 6.00000000000000000000000000000000000000000000000e+00
283 283 6.00000000000000000000000000000000000000000000000e+00
284 284 6.00000000000000000000000000000000000000000000000e+00
285 285 6.00000000000000000000000000000000000000000000000e+00
286 286 6.00000000000000000000000000000000000000000000000e+00
287 287 6.00000000000000000000000000000000000000000000000e+00
288 288 6.00000000000000000000000000000000000000000000000e+00
289 289 1.00000000000000000000000000000000000000000000000e+01
290 290 1.00000000000000000000000000000000000000000000000e+01
291 291 1.00000000000000000000000000000000000000000000000e+01
292 292 1.00000000000000000000000000000000000000000000000e+01
293 293 1.00000000000000000000000000000000000000000000000e+01
294 294 1.00000000000000000000000000000000000000000000000e+01
295 295 1.00000000000000000000000000000000000000000000000e+01
296 296 1.00000000000000000000000000000000000000000000000e+01
297 297 1.00000000000000000000000000000000000000000000000e+01
298 298 1.00000000000000000000000000000000000000000000000e+00
299 299 1.00000000000000000000000000000000000000000000000e+00
300 300 1.00000000000000000000000000000000000000000000000e+00
301 301 3.00000000000000000000000000000000000000000000000e+00
302 302 3.00000000000000000000000000000000000000000000000e+00
303 303 3.00000000000000000000000000000000000000000000000e+00
304 304 3.00000000000000000000000000000000000000000000000e+00
305 305 3.00000000000000000000000000000000000000000000000e+00
306 306 6.00000000000000000000000000000000000000000000000e+00
307 307 6.00000000000000000000000000000000000000000000000e+00
308 308 6.00000000000000000000000000000000000000000000000e+00
309 309 6.00000000000000000000000000000000000000000000000e+00
310 310 6.00000000000000000000000000000000000000000000000e+00
311 311 6.00000000000000000000000000000000000000000000000e+00
312 312 6.00000000000000000000000000000000000000000000000e+00
313 313 1.00000000000000000000000000000000000000000000000e+01
314 314 1.00000000000000000000000000000000000000000000000e+01
315 315 1.00000000000000000000000000000000000000000000000e+01
316 316 1.00000000000000000000000000000000000000000000000e+01
317 317 1.00000000000000000000000000000000000000000000000e+01
318 318 1.00000000000000000000000000000000000000000000000e+01
319 319 1.00000000000000000000000000000000000000000000000e+01
320 320 1.00000000000000000000000000000000000000000000000e+01
321 321 1.00000000000000000000000000000000000000000000000e+01
322 322 1.50000000000000000000000000000000000000000000000e+01
323 323 1.50000000000000000000000000000000000000000000000e+01
324 324 1.50000000000000000000000000000000000000000000000e+01
325 325 1.50000000000000000000000000000000000000000000000e+01
326 326 1.50000000000000000000000000000000000000000000000e+01
327 327 1.50000000000000000000000000000000000000000000000e+01
328 328 1.50000000000000000000000000000000000000000000000e+01
329 329 1.50000000000000000000000000000000000000000000000e+01
330 330 1.50000000000000000000000000000000000000000000000e+01
331 331 1.50000000000000000000000000000000000000000000000e+01
332 332 1.50000000000000000000000000000000000000000000000e+01
334 334 1.00000000000000000000000000000000000000000000000e+00
335 335 1.00000000000000000000000000000000000000000000000e+00
336 336 1.00000000000000000000000000000000000000000000000e+00
337 337 3.00000000000000000000000000000000000000000000000e+00
338 338 3.00000000000000000000000000000000000000000000000e+00
339 339 3.00000000000000000000000000000000000000000000000e+00
340 340 3.00000000000000000000000000000000000000000000000e+00
341 341 3.00000000000000000000000000000000000000000000000e+00
342 342 6.00000000000000000000000000000000000000000000000e+00
343 343 6.00000000000000000000000000000000000000000000000e+00
344 344 6.00000000000000000000000000000000000000000000000e+00
345 345 6.00000000000000000000000000000000000000000000000e+00
346 346 6.00000000000000000000000000000000000000000000000e+00
347 347 6.00000000000000000000000000000000000000000000000e+00
348 348 6.00000000000000000000000000000000000000000000000e+00
349 349 1.00000000000000000000000000000000000000000000000e+01
350 350 1.00000000000000000000000000000000000000000000000e+01
351 351 1.00000000000000000000000000000000000000000000000e+01
352 352 1.00000000000000000000000000000000000000000000000e+01
353 353 1.00000000000000000000000000000000000000000000000e+01
354 354 1.00000000000000000000000000000000000000000000000e+01
355 355 1.00000000000000000000000000000000000000000000000e+01
356 356 1.00000000000000000000000000000000000000000000000e+01
357 357 1.00000000000000000000000000000000000000000000000e+01
358 358 1.50000000000000000000000000000000000000000000000e+01
359 359 1.50000000000000000000000000000000000000000000000e+01
360 360 1.50000000000000000000000000000000000000000000000e+01
361 361 1.50000000000000000000000000000000000000000000000e+01
362 362 1.50000000000000000000000000000000000000000000000e+01
363 363 1.50000000000000000000000000000000000000000000000e+01
364 364 1.50000000000000000000000000000000000000000000000e+01
365 365 1.50000000000000000000000000000000000000000000000e+01
366 366 1.50000000000000000000000000000000000000000000000e+01
367 367 1.50000000000000000000000000000000000000000000000e+01
368 368 1.50000000000000000000000000000000000000000000000e+01
369 369 1.00000000000000000000000000000000000000000000000e+00
370 370 1.00000000000000000000000000000000000000000000000e+00
371 371 1.00000000000000000000000000000000000000000000000e+00
372 372 3.00000000000000000000000000000000000000000000000e+00
373 373 3.00000000000000000000000000000000000000000000000e+00
374 374 3.00000000000000000000000000000000000000000000000e+00
375 375 3.00000000000000000000000000000000000000000000000e+00
376 376 3.00000000000000000000000000000000000000000000000e+00
377 377 6.00000000000000000000000000000000000000000000000e+00
378 378 6.00000000000000000000000000000000000000000000000e+00
379 379 6.00000000000000000000000000000000000000000000000e+00
380 380 6.00000000000000000000000000000000000000000000000e+00
381 381 6.00000000000000000000000000000000000000000000000e+00
382 382 6.00000000000000000000000000000000000000000000000e+00
383 383 6.00000000000000000000000000000000000000000000000e+00
384 384 1.00000000000000000000000000000000000000000000000e+01
385 385 1.00000000000000000000000000000000000000000000000e+01
386 386 1.00000000000000000000000000000000000000000000000e+01
387 387 1.00000000000000000000000000000000000000000000000e+01
388 388 1.00000000000000000000000000000000000000000000000e+01
389 389 1.00000000000000000000000000000000000000000000000e+01
390 390 1.00000000000000000000000000000000000000000000000e+01
391 391 1.00000000000000000000000000000000000000000000000e+01
392 392 1.00000000000000000000000000000000000000000000000e+01
393 393 1.50000000000000000000000000000000000000000000000e+01
394 394 1.50000000000000000000000000000000000000000000000e+01
395 395 1.50000000000000000000000000000000000000000000000e+01
396 396 1.50000000000000000000000000000000000000000000000e+01
397 397 1.50000000000000000000000000000000000000000000000e+01
398 398 1.50000000000000000000000000000000000000000000000e+01
399 399 1.50000000000000000000000000000000000000000000000e+01
400 400 1.50000000000000000000000000000000000000000000000e+01
401 401 1.50000000000000000000000000000000000000000000000e+01
402 402 1.50000000000000000000000000000000000000000000000e+01
403 403 1.50000000000000000000000000000000000000000000000e+01
404 404 3.00000000000000000000000000000000000000000000000e+00
405 405 3.00000000000000000000000000000000000000000000000e+00
406 406 3.00000000000000000000000000000000000000000000000e+00
407 407 3.00000000000000000000000000000000000000000000000e+00
408 408 3.00000000000000000000000000000000000000000000000e+00
409 409 6.00000000000000000000000000000000000000000000000e+00
410 410 6.00000000000000000000000000000000000000000000000e+00
411 411 6.00000000000000000000000000000000000000000000000e+00
412 412 6.00000000000000000000000000000000000000000000000e+00
413 413 6.00000000000000000000000000000000000000000000000e+00
414 414 6.00000000000000000000000000000000000000000000000e+00
415 415 6.00000000000000000000000000000000000000000000000e+00
416 416 1.00000000000000000000000000000000000000000000000e+01
417 417 1.00000000000000000000000000000000000000000000000e+01
418 418 1.00000000000000000000000000000000000000000000000e+01
419 419 1.00000000000000000000000000000000000000000000000e+01
420 420 1.00000000000000000000000000000000000000000000000e+01
421 421 1.00000000000000000000000000000000000000000000000e+01
422 422 1.00000000000000000000000000000000000000000000000e+01
423 423 1.00000000000000000000000000000000000000000000000e+01
424 424 1.00000000000000000000000000000000000000000000000e+01
425 425 1.50000000000000000000000000000000000000000000000e+01
426 426 1.50000000000000000000000000000000000000000000000e+01
427 427 1.50000000000000000000000000000000000000000000000e+01
428 428 1.50000000000000000000000000000000000000000000000e+01
429 429 1.50000000000000000000000000000000000000000000000e+01
430 430 1.50000000000000000000000000000000000000000000000e+01
431 431 1.50000000000000000000000000000000000000000000000e+01
432 432 1.50000000000000000000000000000000000000000000000e+01
433 433 1.50000000000000000000000000000000000000000000000e+01
434 434 1.50000000000000000000000000000000000000000000000e+01
435 435 1.50000000000000000000000000000000000000000000000e+01
436 436 1.00000000000000000000000000000000000000000000000e+01
437 437 1.00000000000000000000000000000000000000000000000e+01
438 438 1.00000000000000000000000000000000000000000000000e+01
439 439 1.00000000000000000000000000000000000000000000000e+01
440 440 1.00000000000000000000000000000000000000000000000e+01
441 441 1.00000000000000000000000000000000000000000000000e+01
442 442 1.00000000000000000000000000000000000000000000000e+01
443 443 1.00000000000000000000000000000000000000000000000e+01
444 444 1.00000000000000000000000000000000000000000000000e+01
445 445 6.00000000000000000000000000000000000000000000000e+00
446 446 6.00000000000000000000000000000000000000000000000e+00
447 447 6.00000000000000000000000000000000000000000000000e+00
448 448 6.00000000000000000000000000000000000000000000000e+00
449 449 6.00000000000000000000000000000000000000000000000e+00
450 450 6.00000000000000000000000000000000000000000000000e+00
451 451 6.00000000000000000000000000000000000000000000000e+00
452 452 1.00000000000000000000000000000000000000000000000e+01
453 453 1.00000000000000000000000000000000000000000000000e+01
454 454 1.00000000000000000000000000000000000000000000000e+01
455 455 1.00000000000000000000000000000000000000000000000e+01
456 456 1.00000000000000000000000000000000000000000000000e+01
457 457 1.00000000000000000000000000000000000000000000000e+01
458 458 1.00000000000000000000000000000000000000000000000e+01
459 459 1.00000000000000000000000000000000000000000000000e+01
460 460 1.00000000000000000000000000000000000000000000000e+01
461 461 1.50000000000000000000000000000000000000000000000e+01
462 462 1.50000000000000000000000000000000000000000000000e+01
463 463 1.50000000000000000000000000000000000000000000000e+01
464 464 1.50000000000000000000000000000000000000000000000e+01
465 465 1.50000000000000000000000000000000000000000000000e+01
466 466 1.50000000000000000000000000000000000000000000000e+01
467 467 1.50000000000000000000000000000000000000000000000e+01
468 468 1.50000000000000000000000000000000000000000000000e+01
469 469 1.50000000000000000000000000000000000000000000000e+01
470 470 1.50000000000000000000000000000000000000000000000e+01
471 471 1.50000000000000000000000000000000000000000000000e+01
472 472 3.00000000000000000000000000000000000000000000000e+00
473 473 3.00000000000000000000000000000000000000000000000e+00
474 474 3.00000000000000000000000000000000000000000000000e+00
475 475 3.00000000000000000000000000000000000000000000000e+00
476 476 3.00000000000000000000000000000000000000000000000e+00
477 477 6.00000000000000000000000000000000000000000000000e+00
478 478 6.00000000000000000000000000000000000000000000000e+00
479 479 6.00000000000000000000000000000000000000000000000e+00
480 480 6.00000000000000000000000000000000000000000000000e+00
481 481 6.00000000000000000000000000000000000000000000000e+00
482 482 6.00000000000000000000000000000000000000000000000e+00
483 483 6.00000000000000000000000000000000000000000000000e+00
484 484 1.00000000000000000000000000000000000000000000000e+01
485 485 1.00000000000000000000000000000000000000000000000e+01
486 486 1.00000000000000000000000000000000000000000000000e+01
487 487 1.00000000000000000000000000000000000000000000000e+01
488 488 1.00000000000000000000000000000000000000000000000e+01
489 489 1.00000000000000000000000000000000000000000000000e+01
490 490 1.00000000000000000000000000000000000000000000000e+01
491 491 1.00000000000000000000000000000000000000000000000e+01
492 492 1.00000000000000000000000000000000000000000000000e+01
493 493 1.50000000000000000000000000000000000000000000000e+01
494 494 1.50000000000000000000000000000000000000000000000e+01
495 495 1.50000000000000000000000000000000000000000000000e+01
496 496 1.50000000000000000000000000000000000000000000000e+01
497 497 1.50000000000000000000000000000000000000000000000e+01
498 498 1.50000000000000000000000000000000000000000000000e+01
499 499 1.50000000000000000000000000000000000000000000000e+01
500 500 1.50000000000000000000000000000000000000000000000e+01
501 501 1.50000000000000000000000000000000000000000000000e+01
502 502 1.50000000000000000000000000000000000000000000000e+01
503 503 1.50000000000000000000000000000000000000000000000e+01
504 504 1.00000000000000000000000000000000000000000000000e+00
505 505 1.00000000000000000000000000000000000000000000000e+00
506 506 1.00000000000000000000000000000000000000000000000e+00
507 507 3.00000000000000000000000000000000000000000000000e+00
508 508 3.00000000000000000000000000000000000000000000000e+00
509 509 3.00000000000000000000000000000000000000000000000e+00
510 510 3.00000000000000000000000000000000000000000000000e+00
511 511 3.00000000000000000000000000000000000000000000000e+00
512 512 6.00000000000000000000000000000000000000000000000e+00
513 513 6.00000000000000000000000000000000000000000000000e+00
514 514 6.00000000000000000000000000000000000000000000000e+00
515 515 6.00000000000000000000000000000000000000000000000e+00
516 516 6.00000000000000000000000000000000000000000000000e+00
517 517 6.00000000000000000000000000000000000000000000000e+00
518 518 6.00000000000000000000000000000000000000000000000e+00
519 519 1.00000000000000000000000000000000000000000000000e+01
520 520 1.00000000000000000000000000000000000000000000000e+01
521 521 1.00000000000000000000000000000000000000000000000e+01
522 522 1.00000000000000000000000000000000000000000000000e+01
523 523 1.00000000000000000000000000000000000000000000000e+01
524 524 1.00000000000000000000000000000000000000000000000e+01
525 525 1.00000000000000000000000000000000000000000000000e+01
526 526 1.00000000000000000000000000000000000000000000000e+01
527 527 1.00000000000000000000000000000000000000000000000e+01
528 528 1.50000000000000000000000000000000000000000000000e+01
529 529 1.50000000000000000000000000000000000000000000000e+01
530 530 1.50000000000000000000000000000000000000000000000e+01
531 531 1.50000000000000000000000000000000000000000000000e+01
532 532 1.50000000000000000000000000000000000000000000000e+01
533 533 1.50000000000000000000000000000000000000000000000e+01
534 534 1.50000000000000000000000000000000000000000000000e+01
535 535 1.50000000000000000000000000000000000000000000000e+01
536 536 1.50000000000000000000000000000000000000000000000e+01
537 537 1.50000000000000000000000000000000000000000000000e+01
538 538 1.50000000000000000000000000000000000000000000000e+01
540 540 1.00000000000000000000000000000000000000000000000e+00
541 541 1.00000000000000000000000000000000000000000000000e+00
542 542 1.00000000000000000000000000000000000000000000000e+00
543 543 3.00000000000000000000000000000000000000000000000e+00
544 544 3.00000000000000000000000000000000000000000000000e+00
545 545 3.00000000000000000000000000000000000000000000000e+00
546 546 3.00000000000000000000000000000000000000000000000e+00
547 547 3.00000000000000000000000000000000000000000000000e+00
548 548 6.00000000000000000000000000000000000000000000000e+00
549 549 6.00000000000000000000000000000000000000000000000e+00
550 550 6.00000000000000000000000000000000000000000000000e+00
551 551 6.00000000000000000000000000000000000000000000000e+00
552 552 6.00000000000000000000000000000000000000000000000e+00
553 553 6.00000000000000000000000000000000000000000000000e+00
554 554 6.00000000000000000000000000000000000000000000000e+00
555 555 1.00000000000000000000000000000000000000000000000e+01
556 556 1.00000000000000000000000000000000000000000000000e+01
557 557 1.00000000000000000000000000000000000000000000000e+01
558 558 1.00000000000000000000000000000000000000000000000e+01
559 559 1.00000000000000000000000000000000000000000000000e+01
560 560 1.00000000000000000000000000000000000000000000000e+01
561 561 1.00000000000000000000000000000000000000000000000e+01
562 562 1.00000000000000000000000000000000000000000000000e+01
563 563 1.00000000000000000000000000000000000000000000000e+01
564 564 1.50000000000000000000000000000000000000000000000e+01
565 565 1.50000000000000000000000000000000000000000000000e+01
566 566 1.50000000000000000000000000000000000000000000000e+01
567 567 1.50000000000000000000000000000000000000000000000e+01
568 568 1.50000000000000000000000000000000000000000000000e+01
569 569 1.50000000000000000000000000000000000000000000000e+01
570 570 1.50000000000000000000000000000000000000000000000e+01
571 571 1.50000000000000000000000000000000000000000000000e+01
572 572 1.50000000000000000000000000000000000000000000000e+01
573 573 1.50000000000000000000000000000000000000000000000e+01
574 574 1.50000000000000000000000000000000000000000000000e+01
575 575 1.00000000000000000000000000000000000000000000000e+00
576 576 1.00000000000000000000000000000000000000000000000e+00
577 577 1.00000000000000000000000000000000000000000000000e+00
578 578 3.00000000000000000000000000000000000000000000000e+00
579 579 3.00000000000000000000000000000000000000000000000e+00
580 580 3.00000000000000000000000000000000000000000000000e+00
581 581 3.00000000000000000000000000000000000000000000000e+00
582 582 3.00000000000000000000000000000000000000000000000e+00
583 583 6.00000000000000000000000000000000000000000000000e+00
584 584 6.00000000000000000000000000000000000000000000000e+00
585 585 6.00000000000000000000000000000000000000000000000e+00
586 586 6.00000000000000000000000000000000000000000000000e+00
587 587 6.00000000000000000000000000000000000000000000000e+00
588 588 6.00000000000000000000000000000000000000000000000e+00
589 589 6.00000000000000000000000000000000000000000000000e+00
590 590 1.00000000000000000000000000000000000000000000000e+01
591 591 1.00000000000000000000000000000000000000000000000e+01
592 592 1.00000000000000000000000000000000000000000000000e+01
593 593 1.00000000000000000000000000000000000000000000000e+01
594 594 1.00000000000000000000000000000000000000000000000e+01
595 595 1.00000000000000000000000000000000000000000000000e+01
596 596 1.00000000000000000000000000000000000000000000000e+01
597 597 1.00000000000000000000000000000000000000000000000e+01
598 598 1.00000000000000000000000000000000000000000000000e+01
599 599 1.50000000000000000000000000000000000000000000000e+01
600 600 1.50000000000000000000000000000000000000000000000e+01
601 601 1.50000000000000000000000000000000000000000000000e+01
602 602 1.50000000000000000000000000000000000000000000000e+01
603 603 1.50000000000000000000000000000000000000000000000e+01
604 604 1.50000000000000000000000000000000000000000000000e+01
605 605 1.50000000000000000000000000000000000000000000000e+01
606 606 1.50000000000000000000000000000000000000000000000e+01
607 607 1.50000000000000000000000000000000000000000000000e+01
608 608 1.50000000000000000000000000000000000000000000000e+01
609 609 1.50000000000000000000000000000000000000000000000e+01
610 610 1.50000000000000000000000000000000000000000000000e+01
611 611 1.50000000000000000000000000000000000000000000000e+01
612 612 1.50000000000000000000000000000000000000000000000e+01
613 613 1.50000000000000000000000000000000000000000000000e+01
614 614 1.50000000000000000000000000000000000000000000000e+01
615 615 1.50000000000000000000000000000000000000000000000e+01
616 616 1.50000000000000000000000000000000000000000000000e+01
617 617 1.50000000000000000000000000000000000000000000000e+01
618 618 1.50000000000000000000000000000000000000000000000e+01
619 619 1.50000000000000000000000000000000000000000000000e+01
620 620 1.50000000000000000000000000000000000000000000000e+01
621 621 1.00000000000000000000000000000000000000000000000e+01
622 622 1.00000000000000000000000000000000000000000000000e+01
623 623 1.00000000000000000000000000000000000000000000000e+01
624 624 1.00000000000000000000000000000000000000000000000e+01
625 625 1.00000000000000000000000000000000000000000000000e+01
626 626 1.00000000000000000000000000000000000000000000000e+01
627 627 1.00000000000000000000000000000000000000000000000e+01
628 628 1.00000000000000000000000000000000000000000000000e+01
629 629 1.00000000000000000000000000000000000000000000000e+01
630 630 1.50000000000000000000000000000000000000000000000e+01
631 631 1.50000000000000000000000000000000000000000000000e+01
632 632 1.50000000000000000000000000000000000000000000000e+01
633 633 1.50000000000000000000000000000000000000000000000e+01
634 634 1.50000000000000000000000000000000000000000000000e+01
635 635 1.50000000000000000000000000000000000000000000000e+01
636 636 1.50000000000000000000000000000000000000000000000e+01
637 637 1.50000000000000000000000000000000000000000000000e+01
638 638 1.50000000000000000000000000000000000000000000000e+01
639 639 1.50000000000000000000000000000000000000000000000e+01
640 640 1.50000000000000000000000000000000000000000000000e+01
641 641 6.00000000000000000000000000000000000000000000000e+00
642 642 6.00000000000000000000000000000000000000000000000e+00
643 643 6.00000000000000000000000000000000000000000000000e+00
644 644 6.00000000000000000000000000000000000000000000000e+00
645 645 6.00000000000000000000000000000000000000000000000e+00
646 646 6.00000000000000000000000000000000000000000000000e+00
647 647 6.00000000000000000000000000000000000000000000000e+00
648 648 1.00000000000000000000000000000000000000000000000e+01
649 649 1.00000000000000000000000000000000000000000000000e+01
650 650 1.00000000000000000000000000000000000000000000000e+01
651 651 1.00000000000000000000000000000000000000000000000e+01
652 652 1.00000000000000000000000000000000000000000000000e+01
653 653 1.00000000000000000000000000000000000000000000000e+01
654 654 1.00000000000000000000000000000000000000000000000e+01
655 655 1.00000000000000000000000000000000000000000000000e+01
656 656 1.00000000000000000000000000000000000000000000000e+01
657 657 1.50000000000000000000000000000000000000000000000e+01
658 658 1.50000000000000000000000000000000000000000000000e+01
659 659 1.50000000000000000000000000000000000000000000000e+01
660 660 1.50000000000000000000000000000000000000000000000e+01
661 661 1.50000000000000000000000000000000000000000000000e+01
662 662 1.50000000000000000000000000000000000000000000000e+01
663 663 1.50000000000000000000000000000000000000000000000e+01
664 664 1.50000000000000000000000000000000000000000000000e+01
665 665 1.50000000000000000000000000000000000000000000000e+01
666 666 1.50000000000000000000000000000000000000000000000e+01
667 667 1.50000000000000000000000000000000000000000000000e+01
668 668 3.00000000000000000000000000000000000000000000000e+00
669 669 3.00000000000000000000000000000000000000000000000e+00
670 670 3.00000000000000000000000000000000000000000000000e+00
671 671 3.00000000000000000000000000000000000000000000000e+00
672 672 3.00000000000000000000000000000000000000000000000e+00
673 673 6.00000000000000000000000000000000000000000000000e+00
674 674 6.00000000000000000000000000000000000000000000000e+00
675 675 6.00000000000000000000000000000000000000000000000e+00
676 676 6.00000000000000000000000000000000000000000000000e+00
677 677 6.00000000000000000000000000000000000000000000000e+00
678 678 6.00000000000000000000000000000000000000000000000e+00
679 679 6.00000000000000000000000000000000000000000000000e+00
680 680 1.00000000000000000000000000000000000000000000000e+01
681 681 1.00000000000000000000000000000000000000000000000e+01
682 682 1.00000000000000000000000000000000000000000000000e+01
683 683 1.00000000000000000000000000000000000000000000000e+01
684 684 1.00000000000000000000000000000000000000000000000e+01
685 685 1.00000000000000000000000000000000000000000000000e+01
686 686 1.00000000000000000000000000000000000000000000000e+01
687 687 1.00000000000000000000000000000000000000000000000e+01
688 688 1.00000000000000000000000000000000000000000000000e+01
689 689 1.50000000000000000000000000000000000000000000000e+01
690 690 1.50000000000000000000000000000000000000000000000e+01
691 691 1.50000000000000000000000000000000000000000000000e+01
692 692 1.50000000000000000000000000000000000000000000000e+01
693 693 1.50000000000000000000000000000000000000000000000e+01
694 694 1.50000000000000000000000000000000000000000000000e+01
695 695 1.50000000000000000000000000000000000000000000000e+01
696 696 1.50000000000000000000000000000000000000000000000e+01
697 697 1.50000000000000000000000000000000000000000000000e+01
698 698 1.50000000000000000000000000000000000000000000000e+01
699 699 1.50000000000000000000000000000000000000000000000e+01
700 700 1.00000000000000000000000000000000000000000000000e+00
701 701 1.00000000000000000000000000000000000000000000000e+00
702 702 1.00000000000000000000000000000000000000000000000e+00
703 703 3.00000000000000000000000000000000000000000000000e+00
704 704 3.00000000000000000000000000000000000000000000000e+00
705 705 3.00000000000000000000000000000000000000000000000e+00
706 706 3.00000000000000000000000000000000000000000000000e+00
707 707 3.00000000000000000000000000000000000000000000000e+00
708 708 6.00000000000000000000000000000000000000000000000e+00
709 709 6.00000000000000000000000000000000000000000000000e+00
710 710 6.00000000000000000000000000000000000000000000000e+00
711 711 6.00000000000000000000000000000000000000000000000e+00
712 712 6.00000000000000000000000000000000000000000000000e+00
713 713 6.00000000000000000000000000000000000000000000000e+00
714 714 6.00000000000000000000000000000000000000000000000e+00
715 715 1.00000000000000000000000000000000000000000000000e+01
716 716 1.00000000000000000000000000000000000000000000000e+01
717 717 1.00000000000000000000000000000000000000000000000e+01
718 718 1.00000000000000000000000000000000000000000000000e+01
719 719 1.00000000000000000000000000000000000000000000000e+01
720 720 1.00000000000000000000000000000000000000000000000e+01
721 721 1.00000000000000000000000000000000000000000000000e+01
722 722 1.00000000000000000000000000000000000000000000000e+01
723 723 1.00000000000000000000000000000000000000000000000e+01
724 724 1.50000000000000000000000000000000000000000000000e+01
725 725 1.50000000000000000000000000000000000000000000000e+01
726 726 1.50000000000000000000000000000000000000000000000e+01
727 727 1.50000000000000000000000000000000000000000000000e+01
728 728 1.50000000000000000000000000000000000000000000000e+01
729 729 1.50000000000000000000000000000000000000000000000e+01
730 730 1.50000000000000000000000000000000000000000000000e+01
731 731 1.50000000000000000000000000000000000000000000000e+01
732 732 1.50000000000000000000000000000000000000000000000e+01
733 733 1.50000000000000000000000000000000000000000000000e+01
734 734 1.50000000000000000000000000000000000000000000000e+01
736 736 1.00000000000000000000000000000000000000000000000e+00
737 737 1.00000000000000000000000000000000000000000000000e+00
738 738 1.00000000000000000000000000000000000000000000000e+00
739 739 3.00000000000000000000000000000000000000000000000e+00
740 740 3.00000000000000000000000000000000000000000000000e+00
741 741 3.00000000000000000000000000000000000000000000000e+00
742 742 3.00000000000000000000000000000000000000000000000e+00
743 743 3.00000000000000000000000000000000000000000000000e+00
744 744 6.00000000000000000000000000000000000000000000000e+00
745 745 6.00000000000000000000000000000000000000000000000e+00
746 746 6.00000000000000000000000000000000000000000000000e+00
747 747 6.00000000000000000000000000000000000000000000000e+00
748 748 6.00000000000000000000000000000000000000000000000e+00
749 749 6.00000000000000000000000000000000000000000000000e+00
750 750 6.00000000000000000000000000000000000000000000000e+00
751 751 1.00000000000000000000000000000000000000000000000e+01
752 752 1.00000000000000000000000000000000000000000000000e+01
753 753 1.00000000000000000000000000000000000000000000000e+01
754 754 1.00000000000000000000000000000000000000000000000e+01
755 755 1.00000000000000000000000000000000000000000000000e+01
756 756 1.00000000000000000000000000000000000000000000000e+01
757 757 1.00000000000000000000000000000000000000000000000e+01
758 758 1.00000000000000000000000000000000000000000000000e+01
759 759 1.00000000000000000000000000000000000000000000000e+01
760 760 1.50000000000000000000000000000000000000000000000e+01
761 761 1.50000000000000000000000000000000000000000000000e+01
762 762 1.50000000000000000000000000000000000000000000000e+01
763 763 1.50000000000000000000000000000000000000000000000e+01
764 764 1.50000000000000000000000000000000000000000000000e+01
765 765 1.50000000000000000000000000000000000000000000000e+01
766 766 1.50000000000000000000000000000000000000000000000e+01
767 767 1.50000000000000000000000000000000000000000000000e+01
768 768 1.50000000000000000000000000000000000000000000000e+01
769 769 1.50000000000000000000000000000000000000000000000e+01
770 770 1.50000000000000000000000000000000000000000000000e+01
