36 36 1.00000000000000000000000000000000000000000000000e+00
37 37 1.00000000000000000000000000000000000000000000000e+00
38 38 1.00000000000000000000000000000000000000000000000e+00
39 39 1.00000000000000000000000000000000000000000000000e+00
40 40 1.00000000000000000000000000000000000000000000000e+00
41 41 1.00000000000000000000000000000000000000000000000e+00
42 42 1.00000000000000000000000000000000000000000000000e+00
43 43 1.00000000000000000000000000000000000000000000000e+00
44 44 1.00000000000000000000000000000000000000000000000e+00
45 45 1.00000000000000000000000000000000000000000000000e+00
46 46 1.00000000000000000000000000000000000000000000000e+00
47 47 1.00000000000000000000000000000000000000000000000e+00
48 48 1.00000000000000000000000000000000000000000000000e+00
49 49 1.00000000000000000000000000000000000000000000000e+00
50 50 1.00000000000000000000000000000000000000000000000e+00
51 51 1.00000000000000000000000000000000000000000000000e+00
52 52 1.00000000000000000000000000000000000000000000000e+00
53 53 1.00000000000000000000000000000000000000000000000e+00
54 54 1.00000000000000000000000000000000000000000000000e+00
55 55 1.00000000000000000000000000000000000000000000000e+00
56 56 1.00000000000000000000000000000000000000000000000e+00
57 57 1.00000000000000000000000000000000000000000000000e+00
58 58 1.00000000000000000000000000000000000000000000000e+00
59 59 1.00000000000000000000000000000000000000000000000e+00
60 60 1.00000000000000000000000000000000000000000000000e+00
61 61 1.00000000000000000000000000000000000000000000000e+00
62 62 1.00000000000000000000000000000000000000000000000e+00
63 63 1.00000000000000000000000000000000000000000000000e+00
64 64 1.00000000000000000000000000000000000000000000000e+00
65 65 1.00000000000000000000000000000000000000000000000e+00
66 66 1.00000000000000000000000000000000000000000000000e+00
67 67 1.00000000000000000000000000000000000000000000000e+00
68 68 1.00000000000000000000000000000000000000000000000e+00
69 69 1.00000000000000000000000000000000000000000000000e+00
70 70 1.00000000000000000000000000000000000000000000000e+00
71 71 1.00000000000000000000000000000000000000000000000e+00
72 72 1.00000000000000000000000000000000000000000000000e+00
73 73 1.00000000000000000000000000000000000000000000000e+00
74 74 1.00000000000000000000000000000000000000000000000e+00
75 75 1.00000000000000000000000000000000000000000000000e+00
76 76 1.00000000000000000000000000000000000000000000000e+00
77 77 1.00000000000000000000000000000000000000000000000e+00
78 78 1.00000000000000000000000000000000000000000000000e+00
79 79 1.00000000000000000000000000000000000000000000000e+00
80 80 1.00000000000000000000000000000000000000000000000e+00
81 81 1.00000000000000000000000000000000000000000000000e+00
82 82 1.00000000000000000000000000000000000000000000000e+00
83 83 1.00000000000000000000000000000000000000000000000e+00
84 84 1.00000000000000000000000000000000000000000000000e+00
85 85 1.00000000000000000000000000000000000000000000000e+00
86 86 1.00000000000000000000000000000000000000000000000e+00
87 87 1.00000000000000000000000000000000000000000000000e+00
88 88 1.00000000000000000000000000000000000000000000000e+00
89 89 1.00000000000000000000000000000000000000000000000e+00
90 90 1.00000000000000000000000000000000000000000000000e+00
91 91 1.00000000000000000000000000000000000000000000000e+00
92 92 1.00000000000000000000000000000000000000000000000e+00
93 93 1.00000000000000000000000000000000000000000000000e+00
94 94 1.00000000000000000000000000000000000000000000000e+00
95 95 1.00000000000000000000000000000000000000000000000e+00
96 96 1.00000000000000000000000000000000000000000000000e+00
97 97 1.00000000000000000000000000000000000000000000000e+00
98 98 1.00000000000000000000000000000000000000000000000e+00
99 99 1.00000000000000000000000000000000000000000000000e+00
100 100 1.00000000000000000000000000000000000000000000000e+00
101 101 1.00000000000000000000000000000000000000000000000e+00
102 102 1.00000000000000000000000000000000000000000000000e+00
103 103 1.00000000000000000000000000000000000000000000000e+00
104 104 1.00000000000000000000000000000000000000000000000e+00
105 105 1.00000000000000000000000000000000000000000000000e+00
106 106 1.00000000000000000000000000000000000000000000000e+00
107 107 1.00000000000000000000000000000000000000000000000e+00
108 108 1.00000000000000000000000000000000000000000000000e+00
109 109 1.00000000000000000000000000000000000000000000000e+00
110 110 1.00000000000000000000000000000000000000000000000e+00
111 111 1.00000000000000000000000000000000000000000000000e+00
112 112 1.00000000000000000000000000000000000000000000000e+00
113 113 1.00000000000000000000000000000000000000000000000e+00
114 114 1.00000000000000000000000000000000000000000000000e+00
115 115 1.00000000000000000000000000000000000000000000000e+00
116 116 1.00000000000000000000000000000000000000000000000e+00
117 117 1.00000000000000000000000000000000000000000000000e+00
118 118 1.00000000000000000000000000000000000000000000000e+00
119 119 1.00000000000000000000000000000000000000000000000e+00
120 120 1.00000000000000000000000000000000000000000000000e+00
121 121 1.00000000000000000000000000000000000000000000000e+00
122 122 1.00000000000000000000000000000000000000000000000e+00
123 123 1.00000000000000000000000000000000000000000000000e+00
124 124 1.00000000000000000000000000000000000000000000000e+00
125 125 1.00000000000000000000000000000000000000000000000e+00
126 126 1.00000000000000000000000000000000000000000000000e+00
127 127 1.00000000000000000000000000000000000000000000000e+00
128 128 1.00000000000000000000000000000000000000000000000e+00
129 129 1.00000000000000000000000000000000000000000000000e+00
130 130 1.00000000000000000000000000000000000000000000000e+00
131 131 3.00000000000000000000000000000000000000000000000e+00
132 132 3.00000000000000000000000000000000000000000000000e+00
133 133 3.00000000000000000000000000000000000000000000000e+00
134 134 3.00000000000000000000000000000000000000000000000e+00
135 135 3.00000000000000000000000000000000000000000000000e+00
136 136 3.00000000000000000000000000000000000000000000000e+00
137 137 3.00000000000000000000000000000000000000000000000e+00
138 138 3.00000000000000000000000000000000000000000000000e+00
139 139 3.00000000000000000000000000000000000000000000000e+00
140 140 3.00000000000000000000000000000000000000000000000e+00
141 141 3.00000000000000000000000000000000000000000000000e+00
142 142 3.00000000000000000000000000000000000000000000000e+00
143 143 3.00000000000000000000000000000000000000000000000e+00
144 144 3.00000000000000000000000000000000000000000000000e+00
145 145 3.00000000000000000000000000000000000000000000000e+00
146 146 3.00000000000000000000000000000000000000000000000e+00
147 147 3.00000000000000000000000000000000000000000000000e+00
148 148 3.00000000000000000000000000000000000000000000000e+00
149 149 3.00000000000000000000000000000000000000000000000e+00
150 150 3.00000000000000000000000000000000000000000000000e+00
151 151 3.00000000000000000000000000000000000000000000000e+00
152 152 3.00000000000000000000000000000000000000000000000e+00
153 153 3.00000000000000000000000000000000000000000000000e+00
154 154 3.00000000000000000000000000000000000000000000000e+00
155 155 3.00000000000000000000000000000000000000000000000e+00
156 156 3.00000000000000000000000000000000000000000000000e+00
157 157 3.00000000000000000000000000000000000000000000000e+00
158 158 3.00000000000000000000000000000000000000000000000e+00
159 159 3.00000000000000000000000000000000000000000000000e+00
160 160 3.00000000000000000000000000000000000000000000000e+00
161 161 3.00000000000000000000000000000000000000000000000e+00
162 162 3.00000000000000000000000000000000000000000000000e+00
163 163 3.00000000000000000000000000000000000000000000000e+00
164 164 3.00000000000000000000000000000000000000000000000e+00
165 165 3.00000000000000000000000000000000000000000000000e+00
166 166 3.00000000000000000000000000000000000000000000000e+00
167 167 3.00000000000000000000000000000000000000000000000e+00
168 168 3.00000000000000000000000000000000000000000000000e+00
169 169 3.00000000000000000000000000000000000000000000000e+00
170 170 3.00000000000000000000000000000000000000000000000e+00
171 171 3.00000000000000000000000000000000000000000000000e+00
172 172 3.00000000000000000000000000000000000000000000000e+00
173 173 3.00000000000000000000000000000000000000000000000e+00
174 174 3.00000000000000000000000000000000000000000000000e+00
175 175 3.00000000000000000000000000000000000000000000000e+00
176 176 3.00000000000000000000000000000000000000000000000e+00
177 177 3.00000000000000000000000000000000000000000000000e+00
178 178 3.00000000000000000000000000000000000000000000000e+00
179 179 3.00000000000000000000000000000000000000000000000e+00
180 180 3.00000000000000000000000000000000000000000000000e+00
181 181 3.00000000000000000000000000000000000000000000000e+00
182 182 3.00000000000000000000000000000000000000000000000e+00
183 183 3.00000000000000000000000000000000000000000000000e+00
184 184 3.00000000000000000000000000000000000000000000000e+00
185 185 3.00000000000000000000000000000000000000000000000e+00
186 186 3.00000000000000000000000000000000000000000000000e+00
187 187 3.00000000000000000000000000000000000000000000000e+00
188 188 3.00000000000000000000000000000000000000000000000e+00
189 189 3.00000000000000000000000000000000000000000000000e+00
190 190 3.00000000000000000000000000000000000000000000000e+00
191 191 3.00000000000000000000000000000000000000000000000e+00
192 192 3.00000000000000000000000000000000000000000000000e+00
193 193 3.00000000000000000000000000000000000000000000000e+00
194 194 3.00000000000000000000000000000000000000000000000e+00
195 195 3.00000000000000000000000000000000000000000000000e+00
196 196 3.00000000000000000000000000000000000000000000000e+00
197 197 3.00000000000000000000000000000000000000000000000e+00
198 198 3.00000000000000000000000000000000000000000000000e+00
199 199 3.00000000000000000000000000000000000000000000000e+00
200 200 3.00000000000000000000000000000000000000000000000e+00
201 201 3.00000000000000000000000000000000000000000000000e+00
202 202 3.00000000000000000000000000000000000000000000000e+00
203 203 3.00000000000000000000000000000000000000000000000e+00
204 204 3.00000000000000000000000000000000000000000000000e+00
205 205 3.00000000000000000000000000000000000000000000000e+00
206 206 3.00000000000000000000000000000000000000000000000e+00
207 207 3.00000000000000000000000000000000000000000000000e+00
208 208 3.00000000000000000000000000000000000000000000000e+00
209 209 3.00000000000000000000000000000000000000000000000e+00
210 210 3.00000000000000000000000000000000000000000000000e+00
211 211 3.00000000000000000000000000000000000000000000000e+00
212 212 3.00000000000000000000000000000000000000000000000e+00
213 213 3.00000000000000000000000000000000000000000000000e+00
214 214 3.00000000000000000000000000000000000000000000000e+00
215 215 3.00000000000000000000000000000000000000000000000e+00
216 216 3.00000000000000000000000000000000000000000000000e+00
217 217 3.00000000000000000000000000000000000000000000000e+00
218 218 3.00000000000000000000000000000000000000000000000e+00
219 219 3.00000000000000000000000000000000000000000000000e+00
220 220 3.00000000000000000000000000000000000000000000000e+00
221 221 3.00000000000000000000000000000000000000000000000e+00
222 222 3.00000000000000000000000000000000000000000000000e+00
223 223 3.00000000000000000000000000000000000000000000000e+00
224 224 3.00000000000000000000000000000000000000000000000e+00
225 225 3.00000000000000000000000000000000000000000000000e+00
226 226 3.00000000000000000000000000000000000000000000000e+00
227 227 3.00000000000000000000000000000000000000000000000e+00
228 228 3.00000000000000000000000000000000000000000000000e+00
229 229 3.00000000000000000000000000000000000000000000000e+00
230 230 3.00000000000000000000000000000000000000000000000e+00
231 231 3.00000000000000000000000000000000000000000000000e+00
232 232 3.00000000000000000000000000000000000000000000000e+00
233 233 3.00000000000000000000000000000000000000000000000e+00
234 234 3.00000000000000000000000000000000000000000000000e+00
235 235 3.00000000000000000000000000000000000000000000000e+00
236 236 3.00000000000000000000000000000000000000000000000e+00
237 237 3.00000000000000000000000000000000000000000000000e+00
238 238 3.00000000000000000000000000000000000000000000000e+00
239 239 3.00000000000000000000000000000000000000000000000e+00
240 240 3.00000000000000000000000000000000000000000000000e+00
241 241 3.00000000000000000000000000000000000000000000000e+00
242 242 3.00000000000000000000000000000000000000000000000e+00
243 243 3.00000000000000000000000000000000000000000000000e+00
244 244 3.00000000000000000000000000000000000000000000000e+00
245 245 3.00000000000000000000000000000000000000000000000e+00
246 246 3.00000000000000000000000000000000000000000000000e+00
247 247 3.00000000000000000000000000000000000000000000000e+00
248 248 3.00000000000000000000000000000000000000000000000e+00
249 249 3.00000000000000000000000000000000000000000000000e+00
250 250 3.00000000000000000000000000000000000000000000000e+00
251 251 3.00000000000000000000000000000000000000000000000e+00
252 252 3.00000000000000000000000000000000000000000000000e+00
253 253 3.00000000000000000000000000000000000000000000000e+00
254 254 3.00000000000000000000000000000000000000000000000e+00
255 255 3.00000000000000000000000000000000000000000000000e+00
256 256 3.00000000000000000000000000000000000000000000000e+00
257 257 3.00000000000000000000000000000000000000000000000e+00
258 258 3.00000000000000000000000000000000000000000000000e+00
259 259 3.00000000000000000000000000000000000000000000000e+00
260 260 3.00000000000000000000000000000000000000000000000e+00
261 261 3.00000000000000000000000000000000000000000000000e+00
262 262 3.00000000000000000000000000000000000000000000000e+00
263 263 3.00000000000000000000000000000000000000000000000e+00
264 264 3.00000000000000000000000000000000000000000000000e+00
265 265 3.00000000000000000000000000000000000000000000000e+00
266 266 3.00000000000000000000000000000000000000000000000e+00
267 267 3.00000000000000000000000000000000000000000000000e+00
268 268 3.00000000000000000000000000000000000000000000000e+00
269 269 3.00000000000000000000000000000000000000000000000e+00
270 270 6.00000000000000000000000000000000000000000000000e+00
271 271 6.00000000000000000000000000000000000000000000000e+00
272 272 6.00000000000000000000000000000000000000000000000e+00
273 273 6.00000000000000000000000000000000000000000000000e+00
274 274 6.00000000000000000000000000000000000000000000000e+00
275 275 6.00000000000000000000000000000000000000000000000e+00
276 276 6.00000000000000000000000000000000000000000000000e+00
277 277 6.00000000000000000000000000000000000000000000000e+00
278 278 6.00000000000000000000000000000000000000000000000e+00
279 279 6.00000000000000000000000000000000000000000000000e+00
280 280 6.00000000000000000000000000000000000000000000000e+00
281 281 6.00000000000000000000000000000000000000000000000e+00
282 282 6.00000000000000000000000000000000000000000000000e+00
283 283 6.00000000000000000000000000000000000000000000000e+00
284 284 6.00000000000000000000000000000000000000000000000e+00
285 285 6.00000000000000000000000000000000000000000000000e+00
286 286 6.00000000000000000000000000000000000000000000000e+00
287 287 6.00000000000000000000000000000000000000000000000e+00
288 288 6.00000000000000000000000000000000000000000000000e+00
289 289 6.00000000000000000000000000000000000000000000000e+00
290 290 6.00000000000000000000000000000000000000000000000e+00
291 291 6.00000000000000000000000000000000000000000000000e+00
292 292 6.00000000000000000000000000000000000000000000000e+00
293 293 6.00000000000000000000000000000000000000000000000e+00
294 294 6.00000000000000000000000000000000000000000000000e+00
295 295 6.00000000000000000000000000000000000000000000000e+00
296 296 6.00000000000000000000000000000000000000000000000e+00
297 297 6.00000000000000000000000000000000000000000000000e+00
298 298 6.00000000000000000000000000000000000000000000000e+00
299 299 6.00000000000000000000000000000000000000000000000e+00
300 300 6.00000000000000000000000000000000000000000000000e+00
301 301 6.00000000000000000000000000000000000000000000000e+00
302 302 6.00000000000000000000000000000000000000000000000e+00
303 303 6.00000000000000000000000000000000000000000000000e+00
304 304 6.00000000000000000000000000000000000000000000000e+00
305 305 6.00000000000000000000000000000000000000000000000e+00
306 306 6.00000000000000000000000000000000000000000000000e+00
307 307 6.00000000000000000000000000000000000000000000000e+00
308 308 6.00000000000000000000000000000000000000000000000e+00
309 309 6.00000000000000000000000000000000000000000000000e+00
310 310 6.00000000000000000000000000000000000000000000000e+00
311 311 6.00000000000000000000000000000000000000000000000e+00
312 312 6.00000000000000000000000000000000000000000000000e+00
313 313 6.00000000000000000000000000000000000000000000000e+00
314 314 6.00000000000000000000000000000000000000000000000e+00
315 315 6.00000000000000000000000000000000000000000000000e+00
316 316 6.00000000000000000000000000000000000000000000000e+00
317 317 6.00000000000000000000000000000000000000000000000e+00
318 318 6.00000000000000000000000000000000000000000000000e+00
319 319 6.00000000000000000000000000000000000000000000000e+00
320 320 6.00000000000000000000000000000000000000000000000e+00
321 321 6.00000000000000000000000000000000000000000000000e+00
322 322 6.00000000000000000000000000000000000000000000000e+00
323 323 6.00000000000000000000000000000000000000000000000e+00
324 324 6.00000000000000000000000000000000000000000000000e+00
325 325 6.00000000000000000000000000000000000000000000000e+00
326 326 6.00000000000000000000000000000000000000000000000e+00
327 327 6.00000000000000000000000000000000000000000000000e+00
328 328 6.00000000000000000000000000000000000000000000000e+00
329 329 6.00000000000000000000000000000000000000000000000e+00
330 330 6.00000000000000000000000000000000000000000000000e+00
331 331 6.00000000000000000000000000000000000000000000000e+00
332 332 6.00000000000000000000000000000000000000000000000e+00
333 333 6.00000000000000000000000000000000000000000000000e+00
334 334 6.00000000000000000000000000000000000000000000000e+00
335 335 6.00000000000000000000000000000000000000000000000e+00
336 336 6.00000000000000000000000000000000000000000000000e+00
337 337 6.00000000000000000000000000000000000000000000000e+00
338 338 6.00000000000000000000000000000000000000000000000e+00
339 339 6.00000000000000000000000000000000000000000000000e+00
340 340 6.00000000000000000000000000000000000000000000000e+00
341 341 6.00000000000000000000000000000000000000000000000e+00
342 342 6.00000000000000000000000000000000000000000000000e+00
343 343 6.00000000000000000000000000000000000000000000000e+00
344 344 6.00000000000000000000000000000000000000000000000e+00
345 345 6.00000000000000000000000000000000000000000000000e+00
346 346 6.00000000000000000000000000000000000000000000000e+00
347 347 6.00000000000000000000000000000000000000000000000e+00
348 348 6.00000000000000000000000000000000000000000000000e+00
349 349 6.00000000000000000000000000000000000000000000000e+00
350 350 6.00000000000000000000000000000000000000000000000e+00
351 351 6.00000000000000000000000000000000000000000000000e+00
352 352 6.00000000000000000000000000000000000000000000000e+00
353 353 6.00000000000000000000000000000000000000000000000e+00
354 354 6.00000000000000000000000000000000000000000000000e+00
355 355 6.00000000000000000000000000000000000000000000000e+00
356 356 6.00000000000000000000000000000000000000000000000e+00
357 357 6.00000000000000000000000000000000000000000000000e+00
358 358 6.00000000000000000000000000000000000000000000000e+00
359 359 6.00000000000000000000000000000000000000000000000e+00
360 360 6.00000000000000000000000000000000000000000000000e+00
361 361 6.00000000000000000000000000000000000000000000000e+00
362 362 6.00000000000000000000000000000000000000000000000e+00
363 363 6.00000000000000000000000000000000000000000000000e+00
364 364 6.00000000000000000000000000000000000000000000000e+00
365 365 6.00000000000000000000000000000000000000000000000e+00
366 366 6.00000000000000000000000000000000000000000000000e+00
367 367 6.00000000000000000000000000000000000000000000000e+00
368 368 6.00000000000000000000000000000000000000000000000e+00
369 369 6.00000000000000000000000000000000000000000000000e+00
370 370 6.00000000000000000000000000000000000000000000000e+00
371 371 6.00000000000000000000000000000000000000000000000e+00
372 372 6.00000000000000000000000000000000000000000000000e+00
373 373 6.00000000000000000000000000000000000000000000000e+00
374 374 6.00000000000000000000000000000000000000000000000e+00
375 375 6.00000000000000000000000000000000000000000000000e+00
376 376 6.00000000000000000000000000000000000000000000000e+00
377 377 6.00000000000000000000000000000000000000000000000e+00
378 378 6.00000000000000000000000000000000000000000000000e+00
379 379 6.00000000000000000000000000000000000000000000000e+00
380 380 6.00000000000000000000000000000000000000000000000e+00
381 381 6.00000000000000000000000000000000000000000000000e+00
382 382 6.00000000000000000000000000000000000000000000000e+00
383 383 6.00000000000000000000000000000000000000000000000e+00
384 384 6.00000000000000000000000000000000000000000000000e+00
385 385 6.00000000000000000000000000000000000000000000000e+00
386 386 6.00000000000000000000000000000000000000000000000e+00
387 387 6.00000000000000000000000000000000000000000000000e+00
388 388 6.00000000000000000000000000000000000000000000000e+00
389 389 6.00000000000000000000000000000000000000000000000e+00
390 390 6.00000000000000000000000000000000000000000000000e+00
391 391 6.00000000000000000000000000000000000000000000000e+00
392 392 6.00000000000000000000000000000000000000000000000e+00
393 393 6.00000000000000000000000000000000000000000000000e+00
394 394 6.00000000000000000000000000000000000000000000000e+00
395 395 6.00000000000000000000000000000000000000000000000e+00
396 396 6.00000000000000000000000000000000000000000000000e+00
397 397 6.00000000000000000000000000000000000000000000000e+00
398 398 6.00000000000000000000000000000000000000000000000e+00
399 399 6.00000000000000000000000000000000000000000000000e+00
400 400 6.00000000000000000000000000000000000000000000000e+00
401 401 6.00000000000000000000000000000000000000000000000e+00
402 402 6.00000000000000000000000000000000000000000000000e+00
403 403 6.00000000000000000000000000000000000000000000000e+00
404 404 6.00000000000000000000000000000000000000000000000e+00
405 405 6.00000000000000000000000000000000000000000000000e+00
406 406 6.00000000000000000000000000000000000000000000000e+00
407 407 6.00000000000000000000000000000000000000000000000e+00
408 408 6.00000000000000000000000000000000000000000000000e+00
409 409 6.00000000000000000000000000000000000000000000000e+00
410 410 6.00000000000000000000000000000000000000000000000e+00
411 411 6.00000000000000000000000000000000000000000000000e+00
412 412 6.00000000000000000000000000000000000000000000000e+00
413 413 6.00000000000000000000000000000000000000000000000e+00
414 414 6.00000000000000000000000000000000000000000000000e+00
415 415 6.00000000000000000000000000000000000000000000000e+00
416 416 6.00000000000000000000000000000000000000000000000e+00
417 417 6.00000000000000000000000000000000000000000000000e+00
418 418 6.00000000000000000000000000000000000000000000000e+00
419 419 6.00000000000000000000000000000000000000000000000e+00
420 420 6.00000000000000000000000000000000000000000000000e+00
421 421 6.00000000000000000000000000000000000000000000000e+00
422 422 6.00000000000000000000000000000000000000000000000e+00
423 423 6.00000000000000000000000000000000000000000000000e+00
424 424 6.00000000000000000000000000000000000000000000000e+00
425 425 6.00000000000000000000000000000000000000000000000e+00
426 426 6.00000000000000000000000000000000000000000000000e+00
427 427 6.00000000000000000000000000000000000000000000000e+00
428 428 6.00000000000000000000000000000000000000000000000e+00
429 429 6.00000000000000000000000000000000000000000000000e+00
430 430 6.00000000000000000000000000000000000000000000000e+00
431 431 6.00000000000000000000000000000000000000000000000e+00
432 432 6.00000000000000000000000000000000000000000000000e+00
433 433 6.00000000000000000000000000000000000000000000000e+00
434 434 6.00000000000000000000000000000000000000000000000e+00
435 435 6.00000000000000000000000000000000000000000000000e+00
436 436 1.00000000000000000000000000000000000000000000000e+01
437 437 1.00000000000000000000000000000000000000000000000e+01
438 438 1.00000000000000000000000000000000000000000000000e+01
439 439 1.00000000000000000000000000000000000000000000000e+01
440 440 1.00000000000000000000000000000000000000000000000e+01
441 441 1.00000000000000000000000000000000000000000000000e+01
442 442 1.00000000000000000000000000000000000000000000000e+01
443 443 1.00000000000000000000000000000000000000000000000e+01
444 444 1.00000000000000000000000000000000000000000000000e+01
445 445 1.00000000000000000000000000000000000000000000000e+01
446 446 1.00000000000000000000000000000000000000000000000e+01
447 447 1.00000000000000000000000000000000000000000000000e+01
448 448 1.00000000000000000000000000000000000000000000000e+01
449 449 1.00000000000000000000000000000000000000000000000e+01
450 450 1.00000000000000000000000000000000000000000000000e+01
451 451 1.00000000000000000000000000000000000000000000000e+01
452 452 1.00000000000000000000000000000000000000000000000e+01
453 453 1.00000000000000000000000000000000000000000000000e+01
454 454 1.00000000000000000000000000000000000000000000000e+01
455 455 1.00000000000000000000000000000000000000000000000e+01
456 456 1.00000000000000000000000000000000000000000000000e+01
457 457 1.00000000000000000000000000000000000000000000000e+01
458 458 1.00000000000000000000000000000000000000000000000e+01
459 459 1.00000000000000000000000000000000000000000000000e+01
460 460 1.00000000000000000000000000000000000000000000000e+01
461 461 1.00000000000000000000000000000000000000000000000e+01
462 462 1.00000000000000000000000000000000000000000000000e+01
463 463 1.00000000000000000000000000000000000000000000000e+01
464 464 1.00000000000000000000000000000000000000000000000e+01
465 465 1.00000000000000000000000000000000000000000000000e+01
466 466 1.00000000000000000000000000000000000000000000000e+01
467 467 1.00000000000000000000000000000000000000000000000e+01
468 468 1.00000000000000000000000000000000000000000000000e+01
469 469 1.00000000000000000000000000000000000000000000000e+01
470 470 1.00000000000000000000000000000000000000000000000e+01
471 471 1.00000000000000000000000000000000000000000000000e+01
472 472 1.00000000000000000000000000000000000000000000000e+01
473 473 1.00000000000000000000000000000000000000000000000e+01
474 474 1.00000000000000000000000000000000000000000000000e+01
475 475 1.00000000000000000000000000000000000000000000000e+01
476 476 1.00000000000000000000000000000000000000000000000e+01
477 477 1.00000000000000000000000000000000000000000000000e+01
478 478 1.00000000000000000000000000000000000000000000000e+01
479 479 1.00000000000000000000000000000000000000000000000e+01
480 480 1.00000000000000000000000000000000000000000000000e+01
481 481 1.00000000000000000000000000000000000000000000000e+01
482 482 1.00000000000000000000000000000000000000000000000e+01
483 483 1.00000000000000000000000000000000000000000000000e+01
484 484 1.00000000000000000000000000000000000000000000000e+01
485 485 1.00000000000000000000000000000000000000000000000e+01
486 486 1.00000000000000000000000000000000000000000000000e+01
487 487 1.00000000000000000000000000000000000000000000000e+01
488 488 1.00000000000000000000000000000000000000000000000e+01
489 489 1.00000000000000000000000000000000000000000000000e+01
490 490 1.00000000000000000000000000000000000000000000000e+01
491 491 1.00000000000000000000000000000000000000000000000e+01
492 492 1.00000000000000000000000000000000000000000000000e+01
493 493 1.00000000000000000000000000000000000000000000000e+01
494 494 1.00000000000000000000000000000000000000000000000e+01
495 495 1.00000000000000000000000000000000000000000000000e+01
496 496 1.00000000000000000000000000000000000000000000000e+01
497 497 1.00000000000000000000000000000000000000000000000e+01
498 498 1.00000000000000000000000000000000000000000000000e+01
499 499 1.00000000000000000000000000000000000000000000000e+01
500 500 1.00000000000000000000000000000000000000000000000e+01
501 501 1.00000000000000000000000000000000000000000000000e+01
502 502 1.00000000000000000000000000000000000000000000000e+01
503 503 1.00000000000000000000000000000000000000000000000e+01
504 504 1.00000000000000000000000000000000000000000000000e+01
505 505 1.00000000000000000000000000000000000000000000000e+01
506 506 1.00000000000000000000000000000000000000000000000e+01
507 507 1.00000000000000000000000000000000000000000000000e+01
508 508 1.00000000000000000000000000000000000000000000000e+01
509 509 1.00000000000000000000000000000000000000000000000e+01
510 510 1.00000000000000000000000000000000000000000000000e+01
511 511 1.00000000000000000000000000000000000000000000000e+01
512 512 1.00000000000000000000000000000000000000000000000e+01
513 513 1.00000000000000000000000000000000000000000000000e+01
514 514 1.00000000000000000000000000000000000000000000000e+01
515 515 1.00000000000000000000000000000000000000000000000e+01
516 516 1.00000000000000000000000000000000000000000000000e+01
517 517 1.00000000000000000000000000000000000000000000000e+01
518 518 1.00000000000000000000000000000000000000000000000e+01
519 519 1.00000000000000000000000000000000000000000000000e+01
520 520 1.00000000000000000000000000000000000000000000000e+01
521 521 1.00000000000000000000000000000000000000000000000e+01
522 522 1.00000000000000000000000000000000000000000000000e+01
523 523 1.00000000000000000000000000000000000000000000000e+01
524 524 1.00000000000000000000000000000000000000000000000e+01
525 525 1.00000000000000000000000000000000000000000000000e+01
526 526 1.00000000000000000000000000000000000000000000000e+01
527 527 1.00000000000000000000000000000000000000000000000e+01
528 528 1.00000000000000000000000000000000000000000000000e+01
529 529 1.00000000000000000000000000000000000000000000000e+01
530 530 1.00000000000000000000000000000000000000000000000e+01
531 531 1.00000000000000000000000000000000000000000000000e+01
532 532 1.00000000000000000000000000000000000000000000000e+01
533 533 1.00000000000000000000000000000000000000000000000e+01
534 534 1.00000000000000000000000000000000000000000000000e+01
535 535 1.00000000000000000000000000000000000000000000000e+01
536 536 1.00000000000000000000000000000000000000000000000e+01
537 537 1.00000000000000000000000000000000000000000000000e+01
538 538 1.00000000000000000000000000000000000000000000000e+01
539 539 1.00000000000000000000000000000000000000000000000e+01
540 540 1.00000000000000000000000000000000000000000000000e+01
541 541 1.00000000000000000000000000000000000000000000000e+01
542 542 1.00000000000000000000000000000000000000000000000e+01
543 543 1.00000000000000000000000000000000000000000000000e+01
544 544 1.00000000000000000000000000000000000000000000000e+01
545 545 1.00000000000000000000000000000000000000000000000e+01
546 546 1.00000000000000000000000000000000000000000000000e+01
547 547 1.00000000000000000000000000000000000000000000000e+01
548 548 1.00000000000000000000000000000000000000000000000e+01
549 549 1.00000000000000000000000000000000000000000000000e+01
550 550 1.00000000000000000000000000000000000000000000000e+01
551 551 1.00000000000000000000000000000000000000000000000e+01
552 552 1.00000000000000000000000000000000000000000000000e+01
553 553 1.00000000000000000000000000000000000000000000000e+01
554 554 1.00000000000000000000000000000000000000000000000e+01
555 555 1.00000000000000000000000000000000000000000000000e+01
556 556 1.00000000000000000000000000000000000000000000000e+01
557 557 1.00000000000000000000000000000000000000000000000e+01
558 558 1.00000000000000000000000000000000000000000000000e+01
559 559 1.00000000000000000000000000000000000000000000000e+01
560 560 1.00000000000000000000000000000000000000000000000e+01
561 561 1.00000000000000000000000000000000000000000000000e+01
562 562 1.00000000000000000000000000000000000000000000000e+01
563 563 1.00000000000000000000000000000000000000000000000e+01
564 564 1.00000000000000000000000000000000000000000000000e+01
565 565 1.00000000000000000000000000000000000000000000000e+01
566 566 1.00000000000000000000000000000000000000000000000e+01
567 567 1.00000000000000000000000000000000000000000000000e+01
568 568 1.00000000000000000000000000000000000000000000000e+01
569 569 1.00000000000000000000000000000000000000000000000e+01
570 570 1.00000000000000000000000000000000000000000000000e+01
571 571 1.00000000000000000000000000000000000000000000000e+01
572 572 1.00000000000000000000000000000000000000000000000e+01
573 573 1.00000000000000000000000000000000000000000000000e+01
574 574 1.00000000000000000000000000000000000000000000000e+01
575 575 1.00000000000000000000000000000000000000000000000e+01
576 576 1.00000000000000000000000000000000000000000000000e+01
577 577 1.00000000000000000000000000000000000000000000000e+01
578 578 1.00000000000000000000000000000000000000000000000e+01
579 579 1.00000000000000000000000000000000000000000000000e+01
580 580 1.00000000000000000000000000000000000000000000000e+01
581 581 1.00000000000000000000000000000000000000000000000e+01
582 582 1.00000000000000000000000000000000000000000000000e+01
583 583 1.00000000000000000000000000000000000000000000000e+01
584 584 1.00000000000000000000000000000000000000000000000e+01
585 585 1.00000000000000000000000000000000000000000000000e+01
586 586 1.00000000000000000000000000000000000000000000000e+01
587 587 1.00000000000000000000000000000000000000000000000e+01
588 588 1.00000000000000000000000000000000000000000000000e+01
589 589 1.00000000000000000000000000000000000000000000000e+01
590 590 1.00000000000000000000000000000000000000000000000e+01
591 591 1.00000000000000000000000000000000000000000000000e+01
592 592 1.00000000000000000000000000000000000000000000000e+01
593 593 1.00000000000000000000000000000000000000000000000e+01
594 594 1.00000000000000000000000000000000000000000000000e+01
595 595 1.00000000000000000000000000000000000000000000000e+01
596 596 1.00000000000000000000000000000000000000000000000e+01
597 597 1.00000000000000000000000000000000000000000000000e+01
598 598 1.00000000000000000000000000000000000000000000000e+01
599 599 1.00000000000000000000000000000000000000000000000e+01
600 600 1.00000000000000000000000000000000000000000000000e+01
601 601 1.00000000000000000000000000000000000000000000000e+01
602 602 1.00000000000000000000000000000000000000000000000e+01
603 603 1.00000000000000000000000000000000000000000000000e+01
604 604 1.00000000000000000000000000000000000000000000000e+01
605 605 1.00000000000000000000000000000000000000000000000e+01
606 606 1.00000000000000000000000000000000000000000000000e+01
607 607 1.00000000000000000000000000000000000000000000000e+01
608 608 1.00000000000000000000000000000000000000000000000e+01
609 609 1.00000000000000000000000000000000000000000000000e+01
610 610 1.50000000000000000000000000000000000000000000000e+01
611 611 1.50000000000000000000000000000000000000000000000e+01
612 612 1.50000000000000000000000000000000000000000000000e+01
613 613 1.50000000000000000000000000000000000000000000000e+01
614 614 1.50000000000000000000000000000000000000000000000e+01
615 615 1.50000000000000000000000000000000000000000000000e+01
616 616 1.50000000000000000000000000000000000000000000000e+01
617 617 1.50000000000000000000000000000000000000000000000e+01
618 618 1.50000000000000000000000000000000000000000000000e+01
619 619 1.50000000000000000000000000000000000000000000000e+01
620 620 1.50000000000000000000000000000000000000000000000e+01
621 621 1.50000000000000000000000000000000000000000000000e+01
622 622 1.50000000000000000000000000000000000000000000000e+01
623 623 1.50000000000000000000000000000000000000000000000e+01
624 624 1.50000000000000000000000000000000000000000000000e+01
625 625 1.50000000000000000000000000000000000000000000000e+01
626 626 1.50000000000000000000000000000000000000000000000e+01
627 627 1.50000000000000000000000000000000000000000000000e+01
628 628 1.50000000000000000000000000000000000000000000000e+01
629 629 1.50000000000000000000000000000000000000000000000e+01
630 630 1.50000000000000000000000000000000000000000000000e+01
631 631 1.50000000000000000000000000000000000000000000000e+01
632 632 1.50000000000000000000000000000000000000000000000e+01
633 633 1.50000000000000000000000000000000000000000000000e+01
634 634 1.50000000000000000000000000000000000000000000000e+01
635 635 1.50000000000000000000000000000000000000000000000e+01
636 636 1.50000000000000000000000000000000000000000000000e+01
637 637 1.50000000000000000000000000000000000000000000000e+01
638 638 1.50000000000000000000000000000000000000000000000e+01
639 639 1.50000000000000000000000000000000000000000000000e+01
640 640 1.50000000000000000000000000000000000000000000000e+01
641 641 1.50000000000000000000000000000000000000000000000e+01
642 642 1.50000000000000000000000000000000000000000000000e+01
643 643 1.50000000000000000000000000000000000000000000000e+01
644 644 1.50000000000000000000000000000000000000000000000e+01
645 645 1.50000000000000000000000000000000000000000000000e+01
646 646 1.50000000000000000000000000000000000000000000000e+01
647 647 1.50000000000000000000000000000000000000000000000e+01
648 648 1.50000000000000000000000000000000000000000000000e+01
649 649 1.50000000000000000000000000000000000000000000000e+01
650 650 1.50000000000000000000000000000000000000000000000e+01
651 651 1.50000000000000000000000000000000000000000000000e+01
652 652 1.50000000000000000000000000000000000000000000000e+01
653 653 1.50000000000000000000000000000000000000000000000e+01
654 654 1.50000000000000000000000000000000000000000000000e+01
655 655 1.50000000000000000000000000000000000000000000000e+01
656 656 1.50000000000000000000000000000000000000000000000e+01
657 657 1.50000000000000000000000000000000000000000000000e+01
658 658 1.50000000000000000000000000000000000000000000000e+01
659 659 1.50000000000000000000000000000000000000000000000e+01
660 660 1.50000000000000000000000000000000000000000000000e+01
661 661 1.50000000000000000000000000000000000000000000000e+01
662 662 1.50000000000000000000000000000000000000000000000e+01
663 663 1.50000000000000000000000000000000000000000000000e+01
664 664 1.50000000000000000000000000000000000000000000000e+01
665 665 1.50000000000000000000000000000000000000000000000e+01
666 666 1.50000000000000000000000000000000000000000000000e+01
667 667 1.50000000000000000000000000000000000000000000000e+01
668 668 1.50000000000000000000000000000000000000000000000e+01
669 669 1.50000000000000000000000000000000000000000000000e+01
670 670 1.50000000000000000000000000000000000000000000000e+01
671 671 1.50000000000000000000000000000000000000000000000e+01
672 672 1.50000000000000000000000000000000000000000000000e+01
673 673 1.50000000000000000000000000000000000000000000000e+01
674 674 1.50000000000000000000000000000000000000000000000e+01
675 675 1.50000000000000000000000000000000000000000000000e+01
676 676 1.50000000000000000000000000000000000000000000000e+01
677 677 1.50000000000000000000000000000000000000000000000e+01
678 678 1.50000000000000000000000000000000000000000000000e+01
679 679 1.50000000000000000000000000000000000000000000000e+01
680 680 1.50000000000000000000000000000000000000000000000e+01
681 681 1.50000000000000000000000000000000000000000000000e+01
682 682 1.50000000000000000000000000000000000000000000000e+01
683 683 1.50000000000000000000000000000000000000000000000e+01
684 684 1.50000000000000000000000000000000000000000000000e+01
685 685 1.50000000000000000000000000000000000000000000000e+01
686 686 1.50000000000000000000000000000000000000000000000e+01
687 687 1.50000000000000000000000000000000000000000000000e+01
688 688 1.50000000000000000000000000000000000000000000000e+01
689 689 1.50000000000000000000000000000000000000000000000e+01
690 690 1.50000000000000000000000000000000000000000000000e+01
691 691 1.50000000000000000000000000000000000000000000000e+01
692 692 1.50000000000000000000000000000000000000000000000e+01
693 693 1.50000000000000000000000000000000000000000000000e+01
694 694 1.50000000000000000000000000000000000000000000000e+01
695 695 1.50000000000000000000000000000000000000000000000e+01
696 696 1.50000000000000000000000000000000000000000000000e+01
697 697 1.50000000000000000000000000000000000000000000000e+01
698 698 1.50000000000000000000000000000000000000000000000e+01
699 699 1.50000000000000000000000000000000000000000000000e+01
700 700 1.50000000000000000000000000000000000000000000000e+01
701 701 1.50000000000000000000000000000000000000000000000e+01
702 702 1.50000000000000000000000000000000000000000000000e+01
703 703 1.50000000000000000000000000000000000000000000000e+01
704 704 1.50000000000000000000000000000000000000000000000e+01
705 705 1.50000000000000000000000000000000000000000000000e+01
706 706 1.50000000000000000000000000000000000000000000000e+01
707 707 1.50000000000000000000000000000000000000000000000e+01
708 708 1.50000000000000000000000000000000000000000000000e+01
709 709 1.50000000000000000000000000000000000000000000000e+01
710 710 1.50000000000000000000000000000000000000000000000e+01
711 711 1.50000000000000000000000000000000000000000000000e+01
712 712 1.50000000000000000000000000000000000000000000000e+01
713 713 1.50000000000000000000000000000000000000000000000e+01
714 714 1.50000000000000000000000000000000000000000000000e+01
715 715 1.50000000000000000000000000000000000000000000000e+01
716 716 1.50000000000000000000000000000000000000000000000e+01
717 717 1.50000000000000000000000000000000000000000000000e+01
718 718 1.50000000000000000000000000000000000000000000000e+01
719 719 1.50000000000000000000000000000000000000000000000e+01
720 720 1.50000000000000000000000000000000000000000000000e+01
721 721 1.50000000000000000000000000000000000000000000000e+01
722 722 1.50000000000000000000000000000000000000000000000e+01
723 723 1.50000000000000000000000000000000000000000000000e+01
724 724 1.50000000000000000000000000000000000000000000000e+01
725 725 1.50000000000000000000000000000000000000000000000e+01
726 726 1.50000000000000000000000000000000000000000000000e+01
727 727 1.50000000000000000000000000000000000000000000000e+01
728 728 1.50000000000000000000000000000000000000000000000e+01
729 729 1.50000000000000000000000000000000000000000000000e+01
730 730 1.50000000000000000000000000000000000000000000000e+01
731 731 1.50000000000000000000000000000000000000000000000e+01
732 732 1.50000000000000000000000000000000000000000000000e+01
733 733 1.50000000000000000000000000000000000000000000000e+01
734 734 1.50000000000000000000000000000000000000000000000e+01
735 735 1.50000000000000000000000000000000000000000000000e+01
736 736 1.50000000000000000000000000000000000000000000000e+01
737 737 1.50000000000000000000000000000000000000000000000e+01
738 738 1.50000000000000000000000000000000000000000000000e+01
739 739 1.50000000000000000000000000000000000000000000000e+01
740 740 1.50000000000000000000000000000000000000000000000e+01
741 741 1.50000000000000000000000000000000000000000000000e+01
742 742 1.50000000000000000000000000000000000000000000000e+01
743 743 1.50000000000000000000000000000000000000000000000e+01
744 744 1.50000000000000000000000000000000000000000000000e+01
745 745 1.50000000000000000000000000000000000000000000000e+01
746 746 1.50000000000000000000000000000000000000000000000e+01
747 747 1.50000000000000000000000000000000000000000000000e+01
748 748 1.50000000000000000000000000000000000000000000000e+01
749 749 1.50000000000000000000000000000000000000000000000e+01
750 750 1.50000000000000000000000000000000000000000000000e+01
751 751 1.50000000000000000000000000000000000000000000000e+01
752 752 1.50000000000000000000000000000000000000000000000e+01
753 753 1.50000000000000000000000000000000000000000000000e+01
754 754 1.50000000000000000000000000000000000000000000000e+01
755 755 1.50000000000000000000000000000000000000000000000e+01
756 756 1.50000000000000000000000000000000000000000000000e+01
757 757 1.50000000000000000000000000000000000000000000000e+01
758 758 1.50000000000000000000000000000000000000000000000e+01
759 759 1.50000000000000000000000000000000000000000000000e+01
760 760 1.50000000000000000000000000000000000000000000000e+01
761 761 1.50000000000000000000000000000000000000000000000e+01
762 762 1.50000000000000000000000000000000000000000000000e+01
763 763 1.50000000000000000000000000000000000000000000000e+01
764 764 1.50000000000000000000000000000000000000000000000e+01
765 765 1.50000000000000000000000000000000000000000000000e+01
766 766 1.50000000000000000000000000000000000000000000000e+01
767 767 1.50000000000000000000000000000000000000000000000e+01
768 768 1.50000000000000000000000000000000000000000000000e+01
769 769 1.50000000000000000000000000000000000000000000000e+01
770 770 1.50000000000000000000000000000000000000000000000e+01
