1 0 1 1 -1
2 0 1 1 0
3 0 1 1 1
4 0 2 2 -2
5 0 2 2 -1
6 0 2 2 0
7 0 2 2 1
8 0 2 2 2
9 0 3 3 -3
10 0 3 3 -2
11 0 3 3 -1
12 0 3 3 0
13 0 3 3 1
14 0 3 3 2
15 0 3 3 3
16 0 4 4 -4
17 0 4 4 -3
18 0 4 4 -2
19 0 4 4 -1
20 0 4 4 0
21 0 4 4 1
22 0 4 4 2
23 0 4 4 3
24 0 4 4 4
25 0 5 5 -5
26 0 5 5 -4
27 0 5 5 -3
28 0 5 5 -2
29 0 5 5 -1
30 0 5 5 0
31 0 5 5 1
32 0 5 5 2
33 0 5 5 3
34 0 5 5 4
35 0 5 5 5
36 0 6 6 -6
37 0 6 6 -5
38 0 6 6 -4
39 0 6 6 -3
40 0 6 6 -2
41 0 6 6 -1
42 0 6 6 0
43 0 6 6 1
44 0 6 6 2
45 0 6 6 3
46 0 6 6 4
47 0 6 6 5
48 0 6 6 6
49 0 7 7 -7
50 0 7 7 -6
51 0 7 7 -5
52 0 7 7 -4
53 0 7 7 -3
54 0 7 7 -2
55 0 7 7 -1
56 0 7 7 0
57 0 7 7 1
58 0 7 7 2
59 0 7 7 3
60 0 7 7 4
61 0 7 7 5
62 0 7 7 6
63 0 7 7 7
64 0 8 8 -8
65 0 8 8 -7
66 0 8 8 -6
67 0 8 8 -5
68 0 8 8 -4
69 0 8 8 -3
70 0 8 8 -2
71 0 8 8 -1
72 0 8 8 0
73 0 8 8 1
74 0 8 8 2
75 0 8 8 3
76 0 8 8 4
77 0 8 8 5
78 0 8 8 6
79 0 8 8 7
80 0 8 8 8
81 0 9 9 -9
82 0 9 9 -8
83 0 9 9 -7
84 0 9 9 -6
85 0 9 9 -5
86 0 9 9 -4
87 0 9 9 -3
88 0 9 9 -2
89 0 9 9 -1
90 0 9 9 0
91 0 9 9 1
92 0 9 9 2
93 0 9 9 3
94 0 9 9 4
95 0 9 9 5
96 0 9 9 6
97 0 9 9 7
98 0 9 9 8
99 0 9 9 9
100 1 0 1 -1
101 1 0 1 0
102 1 0 1 1
103 1 1 0 0
104 1 1 1 -1
105 1 1 1 0
106 1 1 1 1
107 1 1 2 -2
108 1 1 2 -1
109 1 1 2 0
110 1 1 2 1
111 1 1 2 2
112 1 2 1 -1
113 1 2 1 0
114 1 2 1 1
115 1 2 2 -2
116 1 2 2 -1
117 1 2 2 0
118 1 2 2 1
119 1 2 2 2
120 1 2 3 -3
121 1 2 3 -2
122 1 2 3 -1
123 1 2 3 0
124 1 2 3 1
125 1 2 3 2
126 1 2 3 3
127 1 3 2 -2
128 1 3 2 -1
129 1 3 2 0
130 1 3 2 1
131 1 3 2 2
132 1 3 3 -3
133 1 3 3 -2
134 1 3 3 -1
135 1 3 3 0
136 1 3 3 1
137 1 3 3 2
138 1 3 3 3
139 1 3 4 -4
140 1 3 4 -3
141 1 3 4 -2
142 1 3 4 -1
143 1 3 4 0
144 1 3 4 1
145 1 3 4 2
146 1 3 4 3
147 1 3 4 4
148 1 4 3 -3
149 1 4 3 -2
150 1 4 3 -1
151 1 4 3 0
152 1 4 3 1
153 1 4 3 2
154 1 4 3 3
155 1 4 4 -4
156 1 4 4 -3
157 1 4 4 -2
158 1 4 4 -1
159 1 4 4 0
160 1 4 4 1
161 1 4 4 2
162 1 4 4 3
163 1 4 4 4
164 1 4 5 -5
165 1 4 5 -4
166 1 4 5 -3
167 1 4 5 -2
168 1 4 5 -1
169 1 4 5 0
170 1 4 5 1
171 1 4 5 2
172 1 4 5 3
173 1 4 5 4
174 1 4 5 5
175 1 5 4 -4
176 1 5 4 -3
177 1 5 4 -2
178 1 5 4 -1
179 1 5 4 0
180 1 5 4 1
181 1 5 4 2
182 1 5 4 3
183 1 5 4 4
184 1 5 5 -5
185 1 5 5 -4
186 1 5 5 -3
187 1 5 5 -2
188 1 5 5 -1
189 1 5 5 0
190 1 5 5 1
191 1 5 5 2
192 1 5 5 3
193 1 5 5 4
194 1 5 5 5
195 1 5 6 -6
196 1 5 6 -5
197 1 5 6 -4
198 1 5 6 -3
199 1 5 6 -2
200 1 5 6 -1
201 1 5 6 0
202 1 5 6 1
203 1 5 6 2
204 1 5 6 3
205 1 5 6 4
206 1 5 6 5
207 1 5 6 6
208 1 6 5 -5
209 1 6 5 -4
210 1 6 5 -3
211 1 6 5 -2
212 1 6 5 -1
213 1 6 5 0
214 1 6 5 1
215 1 6 5 2
216 1 6 5 3
217 1 6 5 4
218 1 6 5 5
219 1 6 6 -6
220 1 6 6 -5
221 1 6 6 -4
222 1 6 6 -3
223 1 6 6 -2
224 1 6 6 -1
225 1 6 6 0
226 1 6 6 1
227 1 6 6 2
228 1 6 6 3
229 1 6 6 4
230 1 6 6 5
231 1 6 6 6
232 1 6 7 -7
233 1 6 7 -6
234 1 6 7 -5
235 1 6 7 -4
236 1 6 7 -3
237 1 6 7 -2
238 1 6 7 -1
239 1 6 7 0
240 1 6 7 1
241 1 6 7 2
242 1 6 7 3
243 1 6 7 4
244 1 6 7 5
245 1 6 7 6
246 1 6 7 7
247 1 7 6 -6
248 1 7 6 -5
249 1 7 6 -4
250 1 7 6 -3
251 1 7 6 -2
252 1 7 6 -1
253 1 7 6 0
254 1 7 6 1
255 1 7 6 2
256 1 7 6 3
257 1 7 6 4
258 1 7 6 5
259 1 7 6 6
260 1 7 7 -7
261 1 7 7 -6
262 1 7 7 -5
263 1 7 7 -4
264 1 7 7 -3
265 1 7 7 -2
266 1 7 7 -1
267 1 7 7 0
268 1 7 7 1
269 1 7 7 2
270 1 7 7 3
271 1 7 7 4
272 1 7 7 5
273 1 7 7 6
274 1 7 7 7
275 1 7 8 -8
276 1 7 8 -7
277 1 7 8 -6
278 1 7 8 -5
279 1 7 8 -4
280 1 7 8 -3
281 1 7 8 -2
282 1 7 8 -1
283 1 7 8 0
284 1 7 8 1
285 1 7 8 2
286 1 7 8 3
287 1 7 8 4
288 1 7 8 5
289 1 7 8 6
290 1 7 8 7
291 1 7 8 8
292 1 8 7 -7
293 1 8 7 -6
294 1 8 7 -5
295 1 8 7 -4
296 1 8 7 -3
297 1 8 7 -2
298 1 8 7 -1
299 1 8 7 0
300 1 8 7 1
301 1 8 7 2
302 1 8 7 3
303 1 8 7 4
304 1 8 7 5
305 1 8 7 6
306 1 8 7 7
307 1 8 8 -8
308 1 8 8 -7
309 1 8 8 -6
310 1 8 8 -5
311 1 8 8 -4
312 1 8 8 -3
313 1 8 8 -2
314 1 8 8 -1
315 1 8 8 0
316 1 8 8 1
317 1 8 8 2
318 1 8 8 3
319 1 8 8 4
320 1 8 8 5
321 1 8 8 6
322 1 8 8 7
323 1 8 8 8
324 1 8 9 -9
325 1 8 9 -8
326 1 8 9 -7
327 1 8 9 -6
328 1 8 9 -5
329 1 8 9 -4
330 1 8 9 -3
331 1 8 9 -2
332 1 8 9 -1
333 1 8 9 0
334 1 8 9 1
335 1 8 9 2
336 1 8 9 3
337 1 8 9 4
338 1 8 9 5
339 1 8 9 6
340 1 8 9 7
341 1 8 9 8
342 1 8 9 9
343 1 9 8 -8
344 1 9 8 -7
345 1 9 8 -6
346 1 9 8 -5
347 1 9 8 -4
348 1 9 8 -3
349 1 9 8 -2
350 1 9 8 -1
351 1 9 8 0
352 1 9 8 1
353 1 9 8 2
354 1 9 8 3
355 1 9 8 4
356 1 9 8 5
357 1 9 8 6
358 1 9 8 7
359 1 9 8 8
360 1 9 9 -9
361 1 9 9 -8
362 1 9 9 -7
363 1 9 9 -6
364 1 9 9 -5
365 1 9 9 -4
366 1 9 9 -3
367 1 9 9 -2
368 1 9 9 -1
369 1 9 9 0
370 1 9 9 1
371 1 9 9 2
372 1 9 9 3
373 1 9 9 4
374 1 9 9 5
375 1 9 9 6
376 1 9 9 7
377 1 9 9 8
378 1 9 9 9
379 2 0 2 -2
380 2 0 2 -1
381 2 0 2 0
382 2 0 2 1
383 2 0 2 2
384 2 1 1 -1
385 2 1 1 0
386 2 1 1 1
387 2 1 2 -2
388 2 1 2 -1
389 2 1 2 0
390 2 1 2 1
391 2 1 2 2
392 2 1 3 -3
393 2 1 3 -2
394 2 1 3 -1
395 2 1 3 0
396 2 1 3 1
397 2 1 3 2
398 2 1 3 3
399 2 2 0 0
400 2 2 1 -1
401 2 2 1 0
402 2 2 1 1
403 2 2 2 -2
404 2 2 2 -1
405 2 2 2 0
406 2 2 2 1
407 2 2 2 2
408 2 2 3 -3
409 2 2 3 -2
410 2 2 3 -1
411 2 2 3 0
412 2 2 3 1
413 2 2 3 2
414 2 2 3 3
415 2 2 4 -4
416 2 2 4 -3
417 2 2 4 -2
418 2 2 4 -1
419 2 2 4 0
420 2 2 4 1
421 2 2 4 2
422 2 2 4 3
423 2 2 4 4
424 2 3 1 -1
425 2 3 1 0
426 2 3 1 1
427 2 3 2 -2
428 2 3 2 -1
429 2 3 2 0
430 2 3 2 1
431 2 3 2 2
432 2 3 3 -3
433 2 3 3 -2
434 2 3 3 -1
435 2 3 3 0
436 2 3 3 1
437 2 3 3 2
438 2 3 3 3
439 2 3 4 -4
440 2 3 4 -3
441 2 3 4 -2
442 2 3 4 -1
443 2 3 4 0
444 2 3 4 1
445 2 3 4 2
446 2 3 4 3
447 2 3 4 4
448 2 3 5 -5
449 2 3 5 -4
450 2 3 5 -3
451 2 3 5 -2
452 2 3 5 -1
453 2 3 5 0
454 2 3 5 1
455 2 3 5 2
456 2 3 5 3
457 2 3 5 4
458 2 3 5 5
459 2 4 2 -2
460 2 4 2 -1
461 2 4 2 0
462 2 4 2 1
463 2 4 2 2
464 2 4 3 -3
465 2 4 3 -2
466 2 4 3 -1
467 2 4 3 0
468 2 4 3 1
469 2 4 3 2
470 2 4 3 3
471 2 4 4 -4
472 2 4 4 -3
473 2 4 4 -2
474 2 4 4 -1
475 2 4 4 0
476 2 4 4 1
477 2 4 4 2
478 2 4 4 3
479 2 4 4 4
480 2 4 5 -5
481 2 4 5 -4
482 2 4 5 -3
483 2 4 5 -2
484 2 4 5 -1
485 2 4 5 0
486 2 4 5 1
487 2 4 5 2
488 2 4 5 3
489 2 4 5 4
490 2 4 5 5
491 2 4 6 -6
492 2 4 6 -5
493 2 4 6 -4
494 2 4 6 -3
495 2 4 6 -2
496 2 4 6 -1
497 2 4 6 0
498 2 4 6 1
499 2 4 6 2
500 2 4 6 3
501 2 4 6 4
502 2 4 6 5
503 2 4 6 6
504 2 5 3 -3
505 2 5 3 -2
506 2 5 3 -1
507 2 5 3 0
508 2 5 3 1
509 2 5 3 2
510 2 5 3 3
511 2 5 4 -4
512 2 5 4 -3
513 2 5 4 -2
514 2 5 4 -1
515 2 5 4 0
516 2 5 4 1
517 2 5 4 2
518 2 5 4 3
519 2 5 4 4
520 2 5 5 -5
521 2 5 5 -4
522 2 5 5 -3
523 2 5 5 -2
524 2 5 5 -1
525 2 5 5 0
526 2 5 5 1
527 2 5 5 2
528 2 5 5 3
529 2 5 5 4
530 2 5 5 5
531 2 5 6 -6
532 2 5 6 -5
533 2 5 6 -4
534 2 5 6 -3
535 2 5 6 -2
536 2 5 6 -1
537 2 5 6 0
538 2 5 6 1
539 2 5 6 2
540 2 5 6 3
541 2 5 6 4
542 2 5 6 5
543 2 5 6 6
544 2 5 7 -7
545 2 5 7 -6
546 2 5 7 -5
547 2 5 7 -4
548 2 5 7 -3
549 2 5 7 -2
550 2 5 7 -1
551 2 5 7 0
552 2 5 7 1
553 2 5 7 2
554 2 5 7 3
555 2 5 7 4
556 2 5 7 5
557 2 5 7 6
558 2 5 7 7
559 2 6 4 -4
560 2 6 4 -3
561 2 6 4 -2
562 2 6 4 -1
563 2 6 4 0
564 2 6 4 1
565 2 6 4 2
566 2 6 4 3
567 2 6 4 4
568 2 6 5 -5
569 2 6 5 -4
570 2 6 5 -3
571 2 6 5 -2
572 2 6 5 -1
573 2 6 5 0
574 2 6 5 1
575 2 6 5 2
576 2 6 5 3
577 2 6 5 4
578 2 6 5 5
579 2 6 6 -6
580 2 6 6 -5
581 2 6 6 -4
582 2 6 6 -3
583 2 6 6 -2
584 2 6 6 -1
585 2 6 6 0
586 2 6 6 1
587 2 6 6 2
588 2 6 6 3
589 2 6 6 4
590 2 6 6 5
591 2 6 6 6
592 2 6 7 -7
593 2 6 7 -6
594 2 6 7 -5
595 2 6 7 -4
596 2 6 7 -3
597 2 6 7 -2
598 2 6 7 -1
599 2 6 7 0
600 2 6 7 1
601 2 6 7 2
602 2 6 7 3
603 2 6 7 4
604 2 6 7 5
605 2 6 7 6
606 2 6 7 7
607 2 6 8 -8
608 2 6 8 -7
609 2 6 8 -6
610 2 6 8 -5
611 2 6 8 -4
612 2 6 8 -3
613 2 6 8 -2
614 2 6 8 -1
615 2 6 8 0
616 2 6 8 1
617 2 6 8 2
618 2 6 8 3
619 2 6 8 4
620 2 6 8 5
621 2 6 8 6
622 2 6 8 7
623 2 6 8 8
624 2 7 5 -5
625 2 7 5 -4
626 2 7 5 -3
627 2 7 5 -2
628 2 7 5 -1
629 2 7 5 0
630 2 7 5 1
631 2 7 5 2
632 2 7 5 3
633 2 7 5 4
634 2 7 5 5
635 2 7 6 -6
636 2 7 6 -5
637 2 7 6 -4
638 2 7 6 -3
639 2 7 6 -2
640 2 7 6 -1
641 2 7 6 0
642 2 7 6 1
643 2 7 6 2
644 2 7 6 3
645 2 7 6 4
646 2 7 6 5
647 2 7 6 6
648 2 7 7 -7
649 2 7 7 -6
650 2 7 7 -5
651 2 7 7 -4
652 2 7 7 -3
653 2 7 7 -2
654 2 7 7 -1
655 2 7 7 0
656 2 7 7 1
657 2 7 7 2
658 2 7 7 3
659 2 7 7 4
660 2 7 7 5
661 2 7 7 6
662 2 7 7 7
663 2 7 8 -8
664 2 7 8 -7
665 2 7 8 -6
666 2 7 8 -5
667 2 7 8 -4
668 2 7 8 -3
669 2 7 8 -2
670 2 7 8 -1
671 2 7 8 0
672 2 7 8 1
673 2 7 8 2
674 2 7 8 3
675 2 7 8 4
676 2 7 8 5
677 2 7 8 6
678 2 7 8 7
679 2 7 8 8
680 2 7 9 -9
681 2 7 9 -8
682 2 7 9 -7
683 2 7 9 -6
684 2 7 9 -5
685 2 7 9 -4
686 2 7 9 -3
687 2 7 9 -2
688 2 7 9 -1
689 2 7 9 0
690 2 7 9 1
691 2 7 9 2
692 2 7 9 3
693 2 7 9 4
694 2 7 9 5
695 2 7 9 6
696 2 7 9 7
697 2 7 9 8
698 2 7 9 9
699 2 8 6 -6
700 2 8 6 -5
701 2 8 6 -4
702 2 8 6 -3
703 2 8 6 -2
704 2 8 6 -1
705 2 8 6 0
706 2 8 6 1
707 2 8 6 2
708 2 8 6 3
709 2 8 6 4
710 2 8 6 5
711 2 8 6 6
712 2 8 7 -7
713 2 8 7 -6
714 2 8 7 -5
715 2 8 7 -4
716 2 8 7 -3
717 2 8 7 -2
718 2 8 7 -1
719 2 8 7 0
720 2 8 7 1
721 2 8 7 2
722 2 8 7 3
723 2 8 7 4
724 2 8 7 5
725 2 8 7 6
726 2 8 7 7
727 2 8 8 -8
728 2 8 8 -7
729 2 8 8 -6
730 2 8 8 -5
731 2 8 8 -4
732 2 8 8 -3
733 2 8 8 -2
734 2 8 8 -1
735 2 8 8 0
736 2 8 8 1
737 2 8 8 2
738 2 8 8 3
739 2 8 8 4
740 2 8 8 5
741 2 8 8 6
742 2 8 8 7
743 2 8 8 8
744 2 8 9 -9
745 2 8 9 -8
746 2 8 9 -7
747 2 8 9 -6
748 2 8 9 -5
749 2 8 9 -4
750 2 8 9 -3
751 2 8 9 -2
752 2 8 9 -1
753 2 8 9 0
754 2 8 9 1
755 2 8 9 2
756 2 8 9 3
757 2 8 9 4
758 2 8 9 5
759 2 8 9 6
760 2 8 9 7
761 2 8 9 8
762 2 8 9 9
763 2 9 7 -7
764 2 9 7 -6
765 2 9 7 -5
766 2 9 7 -4
767 2 9 7 -3
768 2 9 7 -2
769 2 9 7 -1
770 2 9 7 0
771 2 9 7 1
772 2 9 7 2
773 2 9 7 3
774 2 9 7 4
775 2 9 7 5
776 2 9 7 6
777 2 9 7 7
778 2 9 8 -8
779 2 9 8 -7
780 2 9 8 -6
781 2 9 8 -5
782 2 9 8 -4
783 2 9 8 -3
784 2 9 8 -2
785 2 9 8 -1
786 2 9 8 0
787 2 9 8 1
788 2 9 8 2
789 2 9 8 3
790 2 9 8 4
791 2 9 8 5
792 2 9 8 6
793 2 9 8 7
794 2 9 8 8
795 2 9 9 -9
796 2 9 9 -8
797 2 9 9 -7
798 2 9 9 -6
799 2 9 9 -5
800 2 9 9 -4
801 2 9 9 -3
802 2 9 9 -2
803 2 9 9 -1
804 2 9 9 0
805 2 9 9 1
806 2 9 9 2
807 2 9 9 3
808 2 9 9 4
809 2 9 9 5
810 2 9 9 6
811 2 9 9 7
812 2 9 9 8
813 2 9 9 9
814 3 0 3 -3
815 3 0 3 -2
816 3 0 3 -1
817 3 0 3 0
818 3 0 3 1
819 3 0 3 2
820 3 0 3 3
821 3 1 2 -2
822 3 1 2 -1
823 3 1 2 0
824 3 1 2 1
825 3 1 2 2
826 3 1 3 -3
827 3 1 3 -2
828 3 1 3 -1
829 3 1 3 0
830 3 1 3 1
831 3 1 3 2
832 3 1 3 3
833 3 1 4 -4
834 3 1 4 -3
835 3 1 4 -2
836 3 1 4 -1
837 3 1 4 0
838 3 1 4 1
839 3 1 4 2
840 3 1 4 3
841 3 1 4 4
842 3 2 1 -1
843 3 2 1 0
844 3 2 1 1
845 3 2 2 -2
846 3 2 2 -1
847 3 2 2 0
848 3 2 2 1
849 3 2 2 2
850 3 2 3 -3
851 3 2 3 -2
852 3 2 3 -1
853 3 2 3 0
854 3 2 3 1
855 3 2 3 2
856 3 2 3 3
857 3 2 4 -4
858 3 2 4 -3
859 3 2 4 -2
860 3 2 4 -1
861 3 2 4 0
862 3 2 4 1
863 3 2 4 2
864 3 2 4 3
865 3 2 4 4
866 3 2 5 -5
867 3 2 5 -4
868 3 2 5 -3
869 3 2 5 -2
870 3 2 5 -1
871 3 2 5 0
872 3 2 5 1
873 3 2 5 2
874 3 2 5 3
875 3 2 5 4
876 3 2 5 5
877 3 3 0 0
878 3 3 1 -1
879 3 3 1 0
880 3 3 1 1
881 3 3 2 -2
882 3 3 2 -1
883 3 3 2 0
884 3 3 2 1
885 3 3 2 2
886 3 3 3 -3
887 3 3 3 -2
888 3 3 3 -1
889 3 3 3 0
890 3 3 3 1
891 3 3 3 2
892 3 3 3 3
893 3 3 4 -4
894 3 3 4 -3
895 3 3 4 -2
896 3 3 4 -1
897 3 3 4 0
898 3 3 4 1
899 3 3 4 2
900 3 3 4 3
901 3 3 4 4
902 3 3 5 -5
903 3 3 5 -4
904 3 3 5 -3
905 3 3 5 -2
906 3 3 5 -1
907 3 3 5 0
908 3 3 5 1
909 3 3 5 2
910 3 3 5 3
911 3 3 5 4
912 3 3 5 5
913 3 3 6 -6
914 3 3 6 -5
915 3 3 6 -4
916 3 3 6 -3
917 3 3 6 -2
918 3 3 6 -1
919 3 3 6 0
920 3 3 6 1
921 3 3 6 2
922 3 3 6 3
923 3 3 6 4
924 3 3 6 5
925 3 3 6 6
926 3 4 1 -1
927 3 4 1 0
928 3 4 1 1
929 3 4 2 -2
930 3 4 2 -1
931 3 4 2 0
932 3 4 2 1
933 3 4 2 2
934 3 4 3 -3
935 3 4 3 -2
936 3 4 3 -1
937 3 4 3 0
938 3 4 3 1
939 3 4 3 2
940 3 4 3 3
941 3 4 4 -4
942 3 4 4 -3
943 3 4 4 -2
944 3 4 4 -1
945 3 4 4 0
946 3 4 4 1
947 3 4 4 2
948 3 4 4 3
949 3 4 4 4
950 3 4 5 -5
951 3 4 5 -4
952 3 4 5 -3
953 3 4 5 -2
954 3 4 5 -1
955 3 4 5 0
956 3 4 5 1
957 3 4 5 2
958 3 4 5 3
959 3 4 5 4
960 3 4 5 5
961 3 4 6 -6
962 3 4 6 -5
963 3 4 6 -4
964 3 4 6 -3
965 3 4 6 -2
966 3 4 6 -1
967 3 4 6 0
968 3 4 6 1
969 3 4 6 2
970 3 4 6 3
971 3 4 6 4
972 3 4 6 5
973 3 4 6 6
974 3 4 7 -7
975 3 4 7 -6
976 3 4 7 -5
977 3 4 7 -4
978 3 4 7 -3
979 3 4 7 -2
980 3 4 7 -1
981 3 4 7 0
982 3 4 7 1
983 3 4 7 2
984 3 4 7 3
985 3 4 7 4
986 3 4 7 5
987 3 4 7 6
988 3 4 7 7
989 3 5 2 -2
990 3 5 2 -1
991 3 5 2 0
992 3 5 2 1
993 3 5 2 2
994 3 5 3 -3
995 3 5 3 -2
996 3 5 3 -1
997 3 5 3 0
998 3 5 3 1
999 3 5 3 2
1000 3 5 3 3
1001 3 5 4 -4
1002 3 5 4 -3
1003 3 5 4 -2
1004 3 5 4 -1
1005 3 5 4 0
1006 3 5 4 1
1007 3 5 4 2
1008 3 5 4 3
1009 3 5 4 4
1010 3 5 5 -5
1011 3 5 5 -4
1012 3 5 5 -3
1013 3 5 5 -2
1014 3 5 5 -1
1015 3 5 5 0
1016 3 5 5 1
1017 3 5 5 2
1018 3 5 5 3
1019 3 5 5 4
1020 3 5 5 5
1021 3 5 6 -6
1022 3 5 6 -5
1023 3 5 6 -4
1024 3 5 6 -3
1025 3 5 6 -2
1026 3 5 6 -1
1027 3 5 6 0
1028 3 5 6 1
1029 3 5 6 2
1030 3 5 6 3
1031 3 5 6 4
1032 3 5 6 5
1033 3 5 6 6
1034 3 5 7 -7
1035 3 5 7 -6
1036 3 5 7 -5
1037 3 5 7 -4
1038 3 5 7 -3
1039 3 5 7 -2
1040 3 5 7 -1
1041 3 5 7 0
1042 3 5 7 1
1043 3 5 7 2
1044 3 5 7 3
1045 3 5 7 4
1046 3 5 7 5
1047 3 5 7 6
1048 3 5 7 7
1049 3 5 8 -8
1050 3 5 8 -7
1051 3 5 8 -6
1052 3 5 8 -5
1053 3 5 8 -4
1054 3 5 8 -3
1055 3 5 8 -2
1056 3 5 8 -1
1057 3 5 8 0
1058 3 5 8 1
1059 3 5 8 2
1060 3 5 8 3
1061 3 5 8 4
1062 3 5 8 5
1063 3 5 8 6
1064 3 5 8 7
1065 3 5 8 8
1066 3 6 3 -3
1067 3 6 3 -2
1068 3 6 3 -1
1069 3 6 3 0
1070 3 6 3 1
1071 3 6 3 2
1072 3 6 3 3
1073 3 6 4 -4
1074 3 6 4 -3
1075 3 6 4 -2
1076 3 6 4 -1
1077 3 6 4 0
1078 3 6 4 1
1079 3 6 4 2
1080 3 6 4 3
1081 3 6 4 4
1082 3 6 5 -5
1083 3 6 5 -4
1084 3 6 5 -3
1085 3 6 5 -2
1086 3 6 5 -1
1087 3 6 5 0
1088 3 6 5 1
1089 3 6 5 2
1090 3 6 5 3
1091 3 6 5 4
1092 3 6 5 5
1093 3 6 6 -6
1094 3 6 6 -5
1095 3 6 6 -4
1096 3 6 6 -3
1097 3 6 6 -2
1098 3 6 6 -1
1099 3 6 6 0
1100 3 6 6 1
1101 3 6 6 2
1102 3 6 6 3
1103 3 6 6 4
1104 3 6 6 5
1105 3 6 6 6
1106 3 6 7 -7
1107 3 6 7 -6
1108 3 6 7 -5
1109 3 6 7 -4
1110 3 6 7 -3
1111 3 6 7 -2
1112 3 6 7 -1
1113 3 6 7 0
1114 3 6 7 1
1115 3 6 7 2
1116 3 6 7 3
1117 3 6 7 4
1118 3 6 7 5
1119 3 6 7 6
1120 3 6 7 7
1121 3 6 8 -8
1122 3 6 8 -7
1123 3 6 8 -6
1124 3 6 8 -5
1125 3 6 8 -4
1126 3 6 8 -3
1127 3 6 8 -2
1128 3 6 8 -1
1129 3 6 8 0
1130 3 6 8 1
1131 3 6 8 2
1132 3 6 8 3
1133 3 6 8 4
1134 3 6 8 5
1135 3 6 8 6
1136 3 6 8 7
1137 3 6 8 8
1138 3 6 9 -9
1139 3 6 9 -8
1140 3 6 9 -7
1141 3 6 9 -6
1142 3 6 9 -5
1143 3 6 9 -4
1144 3 6 9 -3
1145 3 6 9 -2
1146 3 6 9 -1
1147 3 6 9 0
1148 3 6 9 1
1149 3 6 9 2
1150 3 6 9 3
1151 3 6 9 4
1152 3 6 9 5
1153 3 6 9 6
1154 3 6 9 7
1155 3 6 9 8
1156 3 6 9 9
1157 3 7 4 -4
1158 3 7 4 -3
1159 3 7 4 -2
1160 3 7 4 -1
1161 3 7 4 0
1162 3 7 4 1
1163 3 7 4 2
1164 3 7 4 3
1165 3 7 4 4
1166 3 7 5 -5
1167 3 7 5 -4
1168 3 7 5 -3
1169 3 7 5 -2
1170 3 7 5 -1
1171 3 7 5 0
1172 3 7 5 1
1173 3 7 5 2
1174 3 7 5 3
1175 3 7 5 4
1176 3 7 5 5
1177 3 7 6 -6
1178 3 7 6 -5
1179 3 7 6 -4
1180 3 7 6 -3
1181 3 7 6 -2
1182 3 7 6 -1
1183 3 7 6 0
1184 3 7 6 1
1185 3 7 6 2
1186 3 7 6 3
1187 3 7 6 4
1188 3 7 6 5
1189 3 7 6 6
1190 3 7 7 -7
1191 3 7 7 -6
1192 3 7 7 -5
1193 3 7 7 -4
1194 3 7 7 -3
1195 3 7 7 -2
1196 3 7 7 -1
1197 3 7 7 0
1198 3 7 7 1
1199 3 7 7 2
1200 3 7 7 3
1201 3 7 7 4
1202 3 7 7 5
1203 3 7 7 6
1204 3 7 7 7
1205 3 7 8 -8
1206 3 7 8 -7
1207 3 7 8 -6
1208 3 7 8 -5
1209 3 7 8 -4
1210 3 7 8 -3
1211 3 7 8 -2
1212 3 7 8 -1
1213 3 7 8 0
1214 3 7 8 1
1215 3 7 8 2
1216 3 7 8 3
1217 3 7 8 4
1218 3 7 8 5
1219 3 7 8 6
1220 3 7 8 7
1221 3 7 8 8
1222 3 7 9 -9
1223 3 7 9 -8
1224 3 7 9 -7
1225 3 7 9 -6
1226 3 7 9 -5
1227 3 7 9 -4
1228 3 7 9 -3
1229 3 7 9 -2
1230 3 7 9 -1
1231 3 7 9 0
1232 3 7 9 1
1233 3 7 9 2
1234 3 7 9 3
1235 3 7 9 4
1236 3 7 9 5
1237 3 7 9 6
1238 3 7 9 7
1239 3 7 9 8
1240 3 7 9 9
1241 3 8 5 -5
1242 3 8 5 -4
1243 3 8 5 -3
1244 3 8 5 -2
1245 3 8 5 -1
1246 3 8 5 0
1247 3 8 5 1
1248 3 8 5 2
1249 3 8 5 3
1250 3 8 5 4
1251 3 8 5 5
1252 3 8 6 -6
1253 3 8 6 -5
1254 3 8 6 -4
1255 3 8 6 -3
1256 3 8 6 -2
1257 3 8 6 -1
1258 3 8 6 0
1259 3 8 6 1
1260 3 8 6 2
1261 3 8 6 3
1262 3 8 6 4
1263 3 8 6 5
1264 3 8 6 6
1265 3 8 7 -7
1266 3 8 7 -6
1267 3 8 7 -5
1268 3 8 7 -4
1269 3 8 7 -3
1270 3 8 7 -2
1271 3 8 7 -1
1272 3 8 7 0
1273 3 8 7 1
1274 3 8 7 2
1275 3 8 7 3
1276 3 8 7 4
1277 3 8 7 5
1278 3 8 7 6
1279 3 8 7 7
1280 3 8 8 -8
1281 3 8 8 -7
1282 3 8 8 -6
1283 3 8 8 -5
1284 3 8 8 -4
1285 3 8 8 -3
1286 3 8 8 -2
1287 3 8 8 -1
1288 3 8 8 0
1289 3 8 8 1
1290 3 8 8 2
1291 3 8 8 3
1292 3 8 8 4
1293 3 8 8 5
1294 3 8 8 6
1295 3 8 8 7
1296 3 8 8 8
1297 3 8 9 -9
1298 3 8 9 -8
1299 3 8 9 -7
1300 3 8 9 -6
1301 3 8 9 -5
1302 3 8 9 -4
1303 3 8 9 -3
1304 3 8 9 -2
1305 3 8 9 -1
1306 3 8 9 0
1307 3 8 9 1
1308 3 8 9 2
1309 3 8 9 3
1310 3 8 9 4
1311 3 8 9 5
1312 3 8 9 6
1313 3 8 9 7
1314 3 8 9 8
1315 3 8 9 9
1316 3 9 6 -6
1317 3 9 6 -5
1318 3 9 6 -4
1319 3 9 6 -3
1320 3 9 6 -2
1321 3 9 6 -1
1322 3 9 6 0
1323 3 9 6 1
1324 3 9 6 2
1325 3 9 6 3
1326 3 9 6 4
1327 3 9 6 5
1328 3 9 6 6
1329 3 9 7 -7
1330 3 9 7 -6
1331 3 9 7 -5
1332 3 9 7 -4
1333 3 9 7 -3
1334 3 9 7 -2
1335 3 9 7 -1
1336 3 9 7 0
1337 3 9 7 1
1338 3 9 7 2
1339 3 9 7 3
1340 3 9 7 4
1341 3 9 7 5
1342 3 9 7 6
1343 3 9 7 7
1344 3 9 8 -8
1345 3 9 8 -7
1346 3 9 8 -6
1347 3 9 8 -5
1348 3 9 8 -4
1349 3 9 8 -3
1350 3 9 8 -2
1351 3 9 8 -1
1352 3 9 8 0
1353 3 9 8 1
1354 3 9 8 2
1355 3 9 8 3
1356 3 9 8 4
1357 3 9 8 5
1358 3 9 8 6
1359 3 9 8 7
1360 3 9 8 8
1361 3 9 9 -9
1362 3 9 9 -8
1363 3 9 9 -7
1364 3 9 9 -6
1365 3 9 9 -5
1366 3 9 9 -4
1367 3 9 9 -3
1368 3 9 9 -2
1369 3 9 9 -1
1370 3 9 9 0
1371 3 9 9 1
1372 3 9 9 2
1373 3 9 9 3
1374 3 9 9 4
1375 3 9 9 5
1376 3 9 9 6
1377 3 9 9 7
1378 3 9 9 8
1379 3 9 9 9
1380 4 0 4 -4
1381 4 0 4 -3
1382 4 0 4 -2
1383 4 0 4 -1
1384 4 0 4 0
1385 4 0 4 1
1386 4 0 4 2
1387 4 0 4 3
1388 4 0 4 4
1389 4 1 3 -3
1390 4 1 3 -2
1391 4 1 3 -1
1392 4 1 3 0
1393 4 1 3 1
1394 4 1 3 2
1395 4 1 3 3
1396 4 1 4 -4
1397 4 1 4 -3
1398 4 1 4 -2
1399 4 1 4 -1
1400 4 1 4 0
1401 4 1 4 1
1402 4 1 4 2
1403 4 1 4 3
1404 4 1 4 4
1405 4 1 5 -5
1406 4 1 5 -4
1407 4 1 5 -3
1408 4 1 5 -2
1409 4 1 5 -1
1410 4 1 5 0
1411 4 1 5 1
1412 4 1 5 2
1413 4 1 5 3
1414 4 1 5 4
1415 4 1 5 5
1416 4 2 2 -2
1417 4 2 2 -1
1418 4 2 2 0
1419 4 2 2 1
1420 4 2 2 2
1421 4 2 3 -3
1422 4 2 3 -2
1423 4 2 3 -1
1424 4 2 3 0
1425 4 2 3 1
1426 4 2 3 2
1427 4 2 3 3
1428 4 2 4 -4
1429 4 2 4 -3
1430 4 2 4 -2
1431 4 2 4 -1
1432 4 2 4 0
1433 4 2 4 1
1434 4 2 4 2
1435 4 2 4 3
1436 4 2 4 4
1437 4 2 5 -5
1438 4 2 5 -4
1439 4 2 5 -3
1440 4 2 5 -2
1441 4 2 5 -1
1442 4 2 5 0
1443 4 2 5 1
1444 4 2 5 2
1445 4 2 5 3
1446 4 2 5 4
1447 4 2 5 5
1448 4 2 6 -6
1449 4 2 6 -5
1450 4 2 6 -4
1451 4 2 6 -3
1452 4 2 6 -2
1453 4 2 6 -1
1454 4 2 6 0
1455 4 2 6 1
1456 4 2 6 2
1457 4 2 6 3
1458 4 2 6 4
1459 4 2 6 5
1460 4 2 6 6
1461 4 3 1 -1
1462 4 3 1 0
1463 4 3 1 1
1464 4 3 2 -2
1465 4 3 2 -1
1466 4 3 2 0
1467 4 3 2 1
1468 4 3 2 2
1469 4 3 3 -3
1470 4 3 3 -2
1471 4 3 3 -1
1472 4 3 3 0
1473 4 3 3 1
1474 4 3 3 2
1475 4 3 3 3
1476 4 3 4 -4
1477 4 3 4 -3
1478 4 3 4 -2
1479 4 3 4 -1
1480 4 3 4 0
1481 4 3 4 1
1482 4 3 4 2
1483 4 3 4 3
1484 4 3 4 4
1485 4 3 5 -5
1486 4 3 5 -4
1487 4 3 5 -3
1488 4 3 5 -2
1489 4 3 5 -1
1490 4 3 5 0
1491 4 3 5 1
1492 4 3 5 2
1493 4 3 5 3
1494 4 3 5 4
1495 4 3 5 5
1496 4 3 6 -6
1497 4 3 6 -5
1498 4 3 6 -4
1499 4 3 6 -3
1500 4 3 6 -2
1501 4 3 6 -1
1502 4 3 6 0
1503 4 3 6 1
1504 4 3 6 2
1505 4 3 6 3
1506 4 3 6 4
1507 4 3 6 5
1508 4 3 6 6
1509 4 3 7 -7
1510 4 3 7 -6
1511 4 3 7 -5
1512 4 3 7 -4
1513 4 3 7 -3
1514 4 3 7 -2
1515 4 3 7 -1
1516 4 3 7 0
1517 4 3 7 1
1518 4 3 7 2
1519 4 3 7 3
1520 4 3 7 4
1521 4 3 7 5
1522 4 3 7 6
1523 4 3 7 7
1524 4 4 0 0
1525 4 4 1 -1
1526 4 4 1 0
1527 4 4 1 1
1528 4 4 2 -2
1529 4 4 2 -1
1530 4 4 2 0
1531 4 4 2 1
1532 4 4 2 2
1533 4 4 3 -3
1534 4 4 3 -2
1535 4 4 3 -1
1536 4 4 3 0
1537 4 4 3 1
1538 4 4 3 2
1539 4 4 3 3
1540 4 4 4 -4
1541 4 4 4 -3
1542 4 4 4 -2
1543 4 4 4 -1
1544 4 4 4 0
1545 4 4 4 1
1546 4 4 4 2
1547 4 4 4 3
1548 4 4 4 4
1549 4 4 5 -5
1550 4 4 5 -4
1551 4 4 5 -3
1552 4 4 5 -2
1553 4 4 5 -1
1554 4 4 5 0
1555 4 4 5 1
1556 4 4 5 2
1557 4 4 5 3
1558 4 4 5 4
1559 4 4 5 5
1560 4 4 6 -6
1561 4 4 6 -5
1562 4 4 6 -4
1563 4 4 6 -3
1564 4 4 6 -2
1565 4 4 6 -1
1566 4 4 6 0
1567 4 4 6 1
1568 4 4 6 2
1569 4 4 6 3
1570 4 4 6 4
1571 4 4 6 5
1572 4 4 6 6
1573 4 4 7 -7
1574 4 4 7 -6
1575 4 4 7 -5
1576 4 4 7 -4
1577 4 4 7 -3
1578 4 4 7 -2
1579 4 4 7 -1
1580 4 4 7 0
1581 4 4 7 1
1582 4 4 7 2
1583 4 4 7 3
1584 4 4 7 4
1585 4 4 7 5
1586 4 4 7 6
1587 4 4 7 7
1588 4 4 8 -8
1589 4 4 8 -7
1590 4 4 8 -6
1591 4 4 8 -5
1592 4 4 8 -4
1593 4 4 8 -3
1594 4 4 8 -2
1595 4 4 8 -1
1596 4 4 8 0
1597 4 4 8 1
1598 4 4 8 2
1599 4 4 8 3
1600 4 4 8 4
1601 4 4 8 5
1602 4 4 8 6
1603 4 4 8 7
1604 4 4 8 8
1605 4 5 1 -1
1606 4 5 1 0
1607 4 5 1 1
1608 4 5 2 -2
1609 4 5 2 -1
1610 4 5 2 0
1611 4 5 2 1
1612 4 5 2 2
1613 4 5 3 -3
1614 4 5 3 -2
1615 4 5 3 -1
1616 4 5 3 0
1617 4 5 3 1
1618 4 5 3 2
1619 4 5 3 3
1620 4 5 4 -4
1621 4 5 4 -3
1622 4 5 4 -2
1623 4 5 4 -1
1624 4 5 4 0
1625 4 5 4 1
1626 4 5 4 2
1627 4 5 4 3
1628 4 5 4 4
1629 4 5 5 -5
1630 4 5 5 -4
1631 4 5 5 -3
1632 4 5 5 -2
1633 4 5 5 -1
1634 4 5 5 0
1635 4 5 5 1
1636 4 5 5 2
1637 4 5 5 3
1638 4 5 5 4
1639 4 5 5 5
1640 4 5 6 -6
1641 4 5 6 -5
1642 4 5 6 -4
1643 4 5 6 -3
1644 4 5 6 -2
1645 4 5 6 -1
1646 4 5 6 0
1647 4 5 6 1
1648 4 5 6 2
1649 4 5 6 3
1650 4 5 6 4
1651 4 5 6 5
1652 4 5 6 6
1653 4 5 7 -7
1654 4 5 7 -6
1655 4 5 7 -5
1656 4 5 7 -4
1657 4 5 7 -3
1658 4 5 7 -2
1659 4 5 7 -1
1660 4 5 7 0
1661 4 5 7 1
1662 4 5 7 2
1663 4 5 7 3
1664 4 5 7 4
1665 4 5 7 5
1666 4 5 7 6
1667 4 5 7 7
1668 4 5 8 -8
1669 4 5 8 -7
1670 4 5 8 -6
1671 4 5 8 -5
1672 4 5 8 -4
1673 4 5 8 -3
1674 4 5 8 -2
1675 4 5 8 -1
1676 4 5 8 0
1677 4 5 8 1
1678 4 5 8 2
1679 4 5 8 3
1680 4 5 8 4
1681 4 5 8 5
1682 4 5 8 6
1683 4 5 8 7
1684 4 5 8 8
1685 4 5 9 -9
1686 4 5 9 -8
1687 4 5 9 -7
1688 4 5 9 -6
1689 4 5 9 -5
1690 4 5 9 -4
1691 4 5 9 -3
1692 4 5 9 -2
1693 4 5 9 -1
1694 4 5 9 0
1695 4 5 9 1
1696 4 5 9 2
1697 4 5 9 3
1698 4 5 9 4
1699 4 5 9 5
1700 4 5 9 6
1701 4 5 9 7
1702 4 5 9 8
1703 4 5 9 9
1704 4 6 2 -2
1705 4 6 2 -1
1706 4 6 2 0
1707 4 6 2 1
1708 4 6 2 2
1709 4 6 3 -3
1710 4 6 3 -2
1711 4 6 3 -1
1712 4 6 3 0
1713 4 6 3 1
1714 4 6 3 2
1715 4 6 3 3
1716 4 6 4 -4
1717 4 6 4 -3
1718 4 6 4 -2
1719 4 6 4 -1
1720 4 6 4 0
1721 4 6 4 1
1722 4 6 4 2
1723 4 6 4 3
1724 4 6 4 4
1725 4 6 5 -5
1726 4 6 5 -4
1727 4 6 5 -3
1728 4 6 5 -2
1729 4 6 5 -1
1730 4 6 5 0
1731 4 6 5 1
1732 4 6 5 2
1733 4 6 5 3
1734 4 6 5 4
1735 4 6 5 5
1736 4 6 6 -6
1737 4 6 6 -5
1738 4 6 6 -4
1739 4 6 6 -3
1740 4 6 6 -2
1741 4 6 6 -1
1742 4 6 6 0
1743 4 6 6 1
1744 4 6 6 2
1745 4 6 6 3
1746 4 6 6 4
1747 4 6 6 5
1748 4 6 6 6
1749 4 6 7 -7
1750 4 6 7 -6
1751 4 6 7 -5
1752 4 6 7 -4
1753 4 6 7 -3
1754 4 6 7 -2
1755 4 6 7 -1
1756 4 6 7 0
1757 4 6 7 1
1758 4 6 7 2
1759 4 6 7 3
1760 4 6 7 4
1761 4 6 7 5
1762 4 6 7 6
1763 4 6 7 7
1764 4 6 8 -8
1765 4 6 8 -7
1766 4 6 8 -6
1767 4 6 8 -5
1768 4 6 8 -4
1769 4 6 8 -3
1770 4 6 8 -2
1771 4 6 8 -1
1772 4 6 8 0
1773 4 6 8 1
1774 4 6 8 2
1775 4 6 8 3
1776 4 6 8 4
1777 4 6 8 5
1778 4 6 8 6
1779 4 6 8 7
1780 4 6 8 8
1781 4 6 9 -9
1782 4 6 9 -8
1783 4 6 9 -7
1784 4 6 9 -6
1785 4 6 9 -5
1786 4 6 9 -4
1787 4 6 9 -3
1788 4 6 9 -2
1789 4 6 9 -1
1790 4 6 9 0
1791 4 6 9 1
1792 4 6 9 2
1793 4 6 9 3
1794 4 6 9 4
1795 4 6 9 5
1796 4 6 9 6
1797 4 6 9 7
1798 4 6 9 8
1799 4 6 9 9
1800 4 7 3 -3
1801 4 7 3 -2
1802 4 7 3 -1
1803 4 7 3 0
1804 4 7 3 1
1805 4 7 3 2
1806 4 7 3 3
1807 4 7 4 -4
1808 4 7 4 -3
1809 4 7 4 -2
1810 4 7 4 -1
1811 4 7 4 0
1812 4 7 4 1
1813 4 7 4 2
1814 4 7 4 3
1815 4 7 4 4
1816 4 7 5 -5
1817 4 7 5 -4
1818 4 7 5 -3
1819 4 7 5 -2
1820 4 7 5 -1
1821 4 7 5 0
1822 4 7 5 1
1823 4 7 5 2
1824 4 7 5 3
1825 4 7 5 4
1826 4 7 5 5
1827 4 7 6 -6
1828 4 7 6 -5
1829 4 7 6 -4
1830 4 7 6 -3
1831 4 7 6 -2
1832 4 7 6 -1
1833 4 7 6 0
1834 4 7 6 1
1835 4 7 6 2
1836 4 7 6 3
1837 4 7 6 4
1838 4 7 6 5
1839 4 7 6 6
1840 4 7 7 -7
1841 4 7 7 -6
1842 4 7 7 -5
1843 4 7 7 -4
1844 4 7 7 -3
1845 4 7 7 -2
1846 4 7 7 -1
1847 4 7 7 0
1848 4 7 7 1
1849 4 7 7 2
1850 4 7 7 3
1851 4 7 7 4
1852 4 7 7 5
1853 4 7 7 6
1854 4 7 7 7
1855 4 7 8 -8
1856 4 7 8 -7
1857 4 7 8 -6
1858 4 7 8 -5
1859 4 7 8 -4
1860 4 7 8 -3
1861 4 7 8 -2
1862 4 7 8 -1
1863 4 7 8 0
1864 4 7 8 1
1865 4 7 8 2
1866 4 7 8 3
1867 4 7 8 4
1868 4 7 8 5
1869 4 7 8 6
1870 4 7 8 7
1871 4 7 8 8
1872 4 7 9 -9
1873 4 7 9 -8
1874 4 7 9 -7
1875 4 7 9 -6
1876 4 7 9 -5
1877 4 7 9 -4
1878 4 7 9 -3
1879 4 7 9 -2
1880 4 7 9 -1
1881 4 7 9 0
1882 4 7 9 1
1883 4 7 9 2
1884 4 7 9 3
1885 4 7 9 4
1886 4 7 9 5
1887 4 7 9 6
1888 4 7 9 7
1889 4 7 9 8
1890 4 7 9 9
1891 4 8 4 -4
1892 4 8 4 -3
1893 4 8 4 -2
1894 4 8 4 -1
1895 4 8 4 0
1896 4 8 4 1
1897 4 8 4 2
1898 4 8 4 3
1899 4 8 4 4
1900 4 8 5 -5
1901 4 8 5 -4
1902 4 8 5 -3
1903 4 8 5 -2
1904 4 8 5 -1
1905 4 8 5 0
1906 4 8 5 1
1907 4 8 5 2
1908 4 8 5 3
1909 4 8 5 4
1910 4 8 5 5
1911 4 8 6 -6
1912 4 8 6 -5
1913 4 8 6 -4
1914 4 8 6 -3
1915 4 8 6 -2
1916 4 8 6 -1
1917 4 8 6 0
1918 4 8 6 1
1919 4 8 6 2
1920 4 8 6 3
1921 4 8 6 4
1922 4 8 6 5
1923 4 8 6 6
1924 4 8 7 -7
1925 4 8 7 -6
1926 4 8 7 -5
1927 4 8 7 -4
1928 4 8 7 -3
1929 4 8 7 -2
1930 4 8 7 -1
1931 4 8 7 0
1932 4 8 7 1
1933 4 8 7 2
1934 4 8 7 3
1935 4 8 7 4
1936 4 8 7 5
1937 4 8 7 6
1938 4 8 7 7
1939 4 8 8 -8
1940 4 8 8 -7
1941 4 8 8 -6
1942 4 8 8 -5
1943 4 8 8 -4
1944 4 8 8 -3
1945 4 8 8 -2
1946 4 8 8 -1
1947 4 8 8 0
1948 4 8 8 1
1949 4 8 8 2
1950 4 8 8 3
1951 4 8 8 4
1952 4 8 8 5
1953 4 8 8 6
1954 4 8 8 7
1955 4 8 8 8
1956 4 8 9 -9
1957 4 8 9 -8
1958 4 8 9 -7
1959 4 8 9 -6
1960 4 8 9 -5
1961 4 8 9 -4
1962 4 8 9 -3
1963 4 8 9 -2
1964 4 8 9 -1
1965 4 8 9 0
1966 4 8 9 1
1967 4 8 9 2
1968 4 8 9 3
1969 4 8 9 4
1970 4 8 9 5
1971 4 8 9 6
1972 4 8 9 7
1973 4 8 9 8
1974 4 8 9 9
1975 4 9 5 -5
1976 4 9 5 -4
1977 4 9 5 -3
1978 4 9 5 -2
1979 4 9 5 -1
1980 4 9 5 0
1981 4 9 5 1
1982 4 9 5 2
1983 4 9 5 3
1984 4 9 5 4
1985 4 9 5 5
1986 4 9 6 -6
1987 4 9 6 -5
1988 4 9 6 -4
1989 4 9 6 -3
1990 4 9 6 -2
1991 4 9 6 -1
1992 4 9 6 0
1993 4 9 6 1
1994 4 9 6 2
1995 4 9 6 3
1996 4 9 6 4
1997 4 9 6 5
1998 4 9 6 6
1999 4 9 7 -7
2000 4 9 7 -6
2001 4 9 7 -5
2002 4 9 7 -4
2003 4 9 7 -3
2004 4 9 7 -2
2005 4 9 7 -1
2006 4 9 7 0
2007 4 9 7 1
2008 4 9 7 2
2009 4 9 7 3
2010 4 9 7 4
2011 4 9 7 5
2012 4 9 7 6
2013 4 9 7 7
2014 4 9 8 -8
2015 4 9 8 -7
2016 4 9 8 -6
2017 4 9 8 -5
2018 4 9 8 -4
2019 4 9 8 -3
2020 4 9 8 -2
2021 4 9 8 -1
2022 4 9 8 0
2023 4 9 8 1
2024 4 9 8 2
2025 4 9 8 3
2026 4 9 8 4
2027 4 9 8 5
2028 4 9 8 6
2029 4 9 8 7
2030 4 9 8 8
2031 4 9 9 -9
2032 4 9 9 -8
2033 4 9 9 -7
2034 4 9 9 -6
2035 4 9 9 -5
2036 4 9 9 -4
2037 4 9 9 -3
2038 4 9 9 -2
2039 4 9 9 -1
2040 4 9 9 0
2041 4 9 9 1
2042 4 9 9 2
2043 4 9 9 3
2044 4 9 9 4
2045 4 9 9 5
2046 4 9 9 6
2047 4 9 9 7
2048 4 9 9 8
2049 4 9 9 9
2050 5 0 5 -5
2051 5 0 5 -4
2052 5 0 5 -3
2053 5 0 5 -2
2054 5 0 5 -1
2055 5 0 5 0
2056 5 0 5 1
2057 5 0 5 2
2058 5 0 5 3
2059 5 0 5 4
2060 5 0 5 5
2061 5 1 4 -4
2062 5 1 4 -3
2063 5 1 4 -2
2064 5 1 4 -1
2065 5 1 4 0
2066 5 1 4 1
2067 5 1 4 2
2068 5 1 4 3
2069 5 1 4 4
2070 5 1 5 -5
2071 5 1 5 -4
2072 5 1 5 -3
2073 5 1 5 -2
2074 5 1 5 -1
2075 5 1 5 0
2076 5 1 5 1
2077 5 1 5 2
2078 5 1 5 3
2079 5 1 5 4
2080 5 1 5 5
2081 5 1 6 -6
2082 5 1 6 -5
2083 5 1 6 -4
2084 5 1 6 -3
2085 5 1 6 -2
2086 5 1 6 -1
2087 5 1 6 0
2088 5 1 6 1
2089 5 1 6 2
2090 5 1 6 3
2091 5 1 6 4
2092 5 1 6 5
2093 5 1 6 6
2094 5 2 3 -3
2095 5 2 3 -2
2096 5 2 3 -1
2097 5 2 3 0
2098 5 2 3 1
2099 5 2 3 2
2100 5 2 3 3
2101 5 2 4 -4
2102 5 2 4 -3
2103 5 2 4 -2
2104 5 2 4 -1
2105 5 2 4 0
2106 5 2 4 1
2107 5 2 4 2
2108 5 2 4 3
2109 5 2 4 4
2110 5 2 5 -5
2111 5 2 5 -4
2112 5 2 5 -3
2113 5 2 5 -2
2114 5 2 5 -1
2115 5 2 5 0
2116 5 2 5 1
2117 5 2 5 2
2118 5 2 5 3
2119 5 2 5 4
2120 5 2 5 5
2121 5 2 6 -6
2122 5 2 6 -5
2123 5 2 6 -4
2124 5 2 6 -3
2125 5 2 6 -2
2126 5 2 6 -1
2127 5 2 6 0
2128 5 2 6 1
2129 5 2 6 2
2130 5 2 6 3
2131 5 2 6 4
2132 5 2 6 5
2133 5 2 6 6
2134 5 2 7 -7
2135 5 2 7 -6
2136 5 2 7 -5
2137 5 2 7 -4
2138 5 2 7 -3
2139 5 2 7 -2
2140 5 2 7 -1
2141 5 2 7 0
2142 5 2 7 1
2143 5 2 7 2
2144 5 2 7 3
2145 5 2 7 4
2146 5 2 7 5
2147 5 2 7 6
2148 5 2 7 7
2149 5 3 2 -2
2150 5 3 2 -1
2151 5 3 2 0
2152 5 3 2 1
2153 5 3 2 2
2154 5 3 3 -3
2155 5 3 3 -2
2156 5 3 3 -1
2157 5 3 3 0
2158 5 3 3 1
2159 5 3 3 2
2160 5 3 3 3
2161 5 3 4 -4
2162 5 3 4 -3
2163 5 3 4 -2
2164 5 3 4 -1
2165 5 3 4 0
2166 5 3 4 1
2167 5 3 4 2
2168 5 3 4 3
2169 5 3 4 4
2170 5 3 5 -5
2171 5 3 5 -4
2172 5 3 5 -3
2173 5 3 5 -2
2174 5 3 5 -1
2175 5 3 5 0
2176 5 3 5 1
2177 5 3 5 2
2178 5 3 5 3
2179 5 3 5 4
2180 5 3 5 5
2181 5 3 6 -6
2182 5 3 6 -5
2183 5 3 6 -4
2184 5 3 6 -3
2185 5 3 6 -2
2186 5 3 6 -1
2187 5 3 6 0
2188 5 3 6 1
2189 5 3 6 2
2190 5 3 6 3
2191 5 3 6 4
2192 5 3 6 5
2193 5 3 6 6
2194 5 3 7 -7
2195 5 3 7 -6
2196 5 3 7 -5
2197 5 3 7 -4
2198 5 3 7 -3
2199 5 3 7 -2
2200 5 3 7 -1
2201 5 3 7 0
2202 5 3 7 1
2203 5 3 7 2
2204 5 3 7 3
2205 5 3 7 4
2206 5 3 7 5
2207 5 3 7 6
2208 5 3 7 7
2209 5 3 8 -8
2210 5 3 8 -7
2211 5 3 8 -6
2212 5 3 8 -5
2213 5 3 8 -4
2214 5 3 8 -3
2215 5 3 8 -2
2216 5 3 8 -1
2217 5 3 8 0
2218 5 3 8 1
2219 5 3 8 2
2220 5 3 8 3
2221 5 3 8 4
2222 5 3 8 5
2223 5 3 8 6
2224 5 3 8 7
2225 5 3 8 8
2226 5 4 1 -1
2227 5 4 1 0
2228 5 4 1 1
2229 5 4 2 -2
2230 5 4 2 -1
2231 5 4 2 0
2232 5 4 2 1
2233 5 4 2 2
2234 5 4 3 -3
2235 5 4 3 -2
2236 5 4 3 -1
2237 5 4 3 0
2238 5 4 3 1
2239 5 4 3 2
2240 5 4 3 3
2241 5 4 4 -4
2242 5 4 4 -3
2243 5 4 4 -2
2244 5 4 4 -1
2245 5 4 4 0
2246 5 4 4 1
2247 5 4 4 2
2248 5 4 4 3
2249 5 4 4 4
2250 5 4 5 -5
2251 5 4 5 -4
2252 5 4 5 -3
2253 5 4 5 -2
2254 5 4 5 -1
2255 5 4 5 0
2256 5 4 5 1
2257 5 4 5 2
2258 5 4 5 3
2259 5 4 5 4
2260 5 4 5 5
2261 5 4 6 -6
2262 5 4 6 -5
2263 5 4 6 -4
2264 5 4 6 -3
2265 5 4 6 -2
2266 5 4 6 -1
2267 5 4 6 0
2268 5 4 6 1
2269 5 4 6 2
2270 5 4 6 3
2271 5 4 6 4
2272 5 4 6 5
2273 5 4 6 6
2274 5 4 7 -7
2275 5 4 7 -6
2276 5 4 7 -5
2277 5 4 7 -4
2278 5 4 7 -3
2279 5 4 7 -2
2280 5 4 7 -1
2281 5 4 7 0
2282 5 4 7 1
2283 5 4 7 2
2284 5 4 7 3
2285 5 4 7 4
2286 5 4 7 5
2287 5 4 7 6
2288 5 4 7 7
2289 5 4 8 -8
2290 5 4 8 -7
2291 5 4 8 -6
2292 5 4 8 -5
2293 5 4 8 -4
2294 5 4 8 -3
2295 5 4 8 -2
2296 5 4 8 -1
2297 5 4 8 0
2298 5 4 8 1
2299 5 4 8 2
2300 5 4 8 3
2301 5 4 8 4
2302 5 4 8 5
2303 5 4 8 6
2304 5 4 8 7
2305 5 4 8 8
2306 5 4 9 -9
2307 5 4 9 -8
2308 5 4 9 -7
2309 5 4 9 -6
2310 5 4 9 -5
2311 5 4 9 -4
2312 5 4 9 -3
2313 5 4 9 -2
2314 5 4 9 -1
2315 5 4 9 0
2316 5 4 9 1
2317 5 4 9 2
2318 5 4 9 3
2319 5 4 9 4
2320 5 4 9 5
2321 5 4 9 6
2322 5 4 9 7
2323 5 4 9 8
2324 5 4 9 9
2325 5 5 0 0
2326 5 5 1 -1
2327 5 5 1 0
2328 5 5 1 1
2329 5 5 2 -2
2330 5 5 2 -1
2331 5 5 2 0
2332 5 5 2 1
2333 5 5 2 2
2334 5 5 3 -3
2335 5 5 3 -2
2336 5 5 3 -1
2337 5 5 3 0
2338 5 5 3 1
2339 5 5 3 2
2340 5 5 3 3
2341 5 5 4 -4
2342 5 5 4 -3
2343 5 5 4 -2
2344 5 5 4 -1
2345 5 5 4 0
2346 5 5 4 1
2347 5 5 4 2
2348 5 5 4 3
2349 5 5 4 4
2350 5 5 5 -5
2351 5 5 5 -4
2352 5 5 5 -3
2353 5 5 5 -2
2354 5 5 5 -1
2355 5 5 5 0
2356 5 5 5 1
2357 5 5 5 2
2358 5 5 5 3
2359 5 5 5 4
2360 5 5 5 5
2361 5 5 6 -6
2362 5 5 6 -5
2363 5 5 6 -4
2364 5 5 6 -3
2365 5 5 6 -2
2366 5 5 6 -1
2367 5 5 6 0
2368 5 5 6 1
2369 5 5 6 2
2370 5 5 6 3
2371 5 5 6 4
2372 5 5 6 5
2373 5 5 6 6
2374 5 5 7 -7
2375 5 5 7 -6
2376 5 5 7 -5
2377 5 5 7 -4
2378 5 5 7 -3
2379 5 5 7 -2
2380 5 5 7 -1
2381 5 5 7 0
2382 5 5 7 1
2383 5 5 7 2
2384 5 5 7 3
2385 5 5 7 4
2386 5 5 7 5
2387 5 5 7 6
2388 5 5 7 7
2389 5 5 8 -8
2390 5 5 8 -7
2391 5 5 8 -6
2392 5 5 8 -5
2393 5 5 8 -4
2394 5 5 8 -3
2395 5 5 8 -2
2396 5 5 8 -1
2397 5 5 8 0
2398 5 5 8 1
2399 5 5 8 2
2400 5 5 8 3
2401 5 5 8 4
2402 5 5 8 5
2403 5 5 8 6
2404 5 5 8 7
2405 5 5 8 8
2406 5 5 9 -9
2407 5 5 9 -8
2408 5 5 9 -7
2409 5 5 9 -6
2410 5 5 9 -5
2411 5 5 9 -4
2412 5 5 9 -3
2413 5 5 9 -2
2414 5 5 9 -1
2415 5 5 9 0
2416 5 5 9 1
2417 5 5 9 2
2418 5 5 9 3
2419 5 5 9 4
2420 5 5 9 5
2421 5 5 9 6
2422 5 5 9 7
2423 5 5 9 8
2424 5 5 9 9
2425 5 6 1 -1
2426 5 6 1 0
2427 5 6 1 1
2428 5 6 2 -2
2429 5 6 2 -1
2430 5 6 2 0
2431 5 6 2 1
2432 5 6 2 2
2433 5 6 3 -3
2434 5 6 3 -2
2435 5 6 3 -1
2436 5 6 3 0
2437 5 6 3 1
2438 5 6 3 2
2439 5 6 3 3
2440 5 6 4 -4
2441 5 6 4 -3
2442 5 6 4 -2
2443 5 6 4 -1
2444 5 6 4 0
2445 5 6 4 1
2446 5 6 4 2
2447 5 6 4 3
2448 5 6 4 4
2449 5 6 5 -5
2450 5 6 5 -4
2451 5 6 5 -3
2452 5 6 5 -2
2453 5 6 5 -1
2454 5 6 5 0
2455 5 6 5 1
2456 5 6 5 2
2457 5 6 5 3
2458 5 6 5 4
2459 5 6 5 5
2460 5 6 6 -6
2461 5 6 6 -5
2462 5 6 6 -4
2463 5 6 6 -3
2464 5 6 6 -2
2465 5 6 6 -1
2466 5 6 6 0
2467 5 6 6 1
2468 5 6 6 2
2469 5 6 6 3
2470 5 6 6 4
2471 5 6 6 5
2472 5 6 6 6
2473 5 6 7 -7
2474 5 6 7 -6
2475 5 6 7 -5
2476 5 6 7 -4
2477 5 6 7 -3
2478 5 6 7 -2
2479 5 6 7 -1
2480 5 6 7 0
2481 5 6 7 1
2482 5 6 7 2
2483 5 6 7 3
2484 5 6 7 4
2485 5 6 7 5
2486 5 6 7 6
2487 5 6 7 7
2488 5 6 8 -8
2489 5 6 8 -7
2490 5 6 8 -6
2491 5 6 8 -5
2492 5 6 8 -4
2493 5 6 8 -3
2494 5 6 8 -2
2495 5 6 8 -1
2496 5 6 8 0
2497 5 6 8 1
2498 5 6 8 2
2499 5 6 8 3
2500 5 6 8 4
2501 5 6 8 5
2502 5 6 8 6
2503 5 6 8 7
2504 5 6 8 8
2505 5 6 9 -9
2506 5 6 9 -8
2507 5 6 9 -7
2508 5 6 9 -6
2509 5 6 9 -5
2510 5 6 9 -4
2511 5 6 9 -3
2512 5 6 9 -2
2513 5 6 9 -1
2514 5 6 9 0
2515 5 6 9 1
2516 5 6 9 2
2517 5 6 9 3
2518 5 6 9 4
2519 5 6 9 5
2520 5 6 9 6
2521 5 6 9 7
2522 5 6 9 8
2523 5 6 9 9
2524 5 7 2 -2
2525 5 7 2 -1
2526 5 7 2 0
2527 5 7 2 1
2528 5 7 2 2
2529 5 7 3 -3
2530 5 7 3 -2
2531 5 7 3 -1
2532 5 7 3 0
2533 5 7 3 1
2534 5 7 3 2
2535 5 7 3 3
2536 5 7 4 -4
2537 5 7 4 -3
2538 5 7 4 -2
2539 5 7 4 -1
2540 5 7 4 0
2541 5 7 4 1
2542 5 7 4 2
2543 5 7 4 3
2544 5 7 4 4
2545 5 7 5 -5
2546 5 7 5 -4
2547 5 7 5 -3
2548 5 7 5 -2
2549 5 7 5 -1
2550 5 7 5 0
2551 5 7 5 1
2552 5 7 5 2
2553 5 7 5 3
2554 5 7 5 4
2555 5 7 5 5
2556 5 7 6 -6
2557 5 7 6 -5
2558 5 7 6 -4
2559 5 7 6 -3
2560 5 7 6 -2
2561 5 7 6 -1
2562 5 7 6 0
2563 5 7 6 1
2564 5 7 6 2
2565 5 7 6 3
2566 5 7 6 4
2567 5 7 6 5
2568 5 7 6 6
2569 5 7 7 -7
2570 5 7 7 -6
2571 5 7 7 -5
2572 5 7 7 -4
2573 5 7 7 -3
2574 5 7 7 -2
2575 5 7 7 -1
2576 5 7 7 0
2577 5 7 7 1
2578 5 7 7 2
2579 5 7 7 3
2580 5 7 7 4
2581 5 7 7 5
2582 5 7 7 6
2583 5 7 7 7
2584 5 7 8 -8
2585 5 7 8 -7
2586 5 7 8 -6
2587 5 7 8 -5
2588 5 7 8 -4
2589 5 7 8 -3
2590 5 7 8 -2
2591 5 7 8 -1
2592 5 7 8 0
2593 5 7 8 1
2594 5 7 8 2
2595 5 7 8 3
2596 5 7 8 4
2597 5 7 8 5
2598 5 7 8 6
2599 5 7 8 7
2600 5 7 8 8
2601 5 7 9 -9
2602 5 7 9 -8
2603 5 7 9 -7
2604 5 7 9 -6
2605 5 7 9 -5
2606 5 7 9 -4
2607 5 7 9 -3
2608 5 7 9 -2
2609 5 7 9 -1
2610 5 7 9 0
2611 5 7 9 1
2612 5 7 9 2
2613 5 7 9 3
2614 5 7 9 4
2615 5 7 9 5
2616 5 7 9 6
2617 5 7 9 7
2618 5 7 9 8
2619 5 7 9 9
2620 5 8 3 -3
2621 5 8 3 -2
2622 5 8 3 -1
2623 5 8 3 0
2624 5 8 3 1
2625 5 8 3 2
2626 5 8 3 3
2627 5 8 4 -4
2628 5 8 4 -3
2629 5 8 4 -2
2630 5 8 4 -1
2631 5 8 4 0
2632 5 8 4 1
2633 5 8 4 2
2634 5 8 4 3
2635 5 8 4 4
2636 5 8 5 -5
2637 5 8 5 -4
2638 5 8 5 -3
2639 5 8 5 -2
2640 5 8 5 -1
2641 5 8 5 0
2642 5 8 5 1
2643 5 8 5 2
2644 5 8 5 3
2645 5 8 5 4
2646 5 8 5 5
2647 5 8 6 -6
2648 5 8 6 -5
2649 5 8 6 -4
2650 5 8 6 -3
2651 5 8 6 -2
2652 5 8 6 -1
2653 5 8 6 0
2654 5 8 6 1
2655 5 8 6 2
2656 5 8 6 3
2657 5 8 6 4
2658 5 8 6 5
2659 5 8 6 6
2660 5 8 7 -7
2661 5 8 7 -6
2662 5 8 7 -5
2663 5 8 7 -4
2664 5 8 7 -3
2665 5 8 7 -2
2666 5 8 7 -1
2667 5 8 7 0
2668 5 8 7 1
2669 5 8 7 2
2670 5 8 7 3
2671 5 8 7 4
2672 5 8 7 5
2673 5 8 7 6
2674 5 8 7 7
2675 5 8 8 -8
2676 5 8 8 -7
2677 5 8 8 -6
2678 5 8 8 -5
2679 5 8 8 -4
2680 5 8 8 -3
2681 5 8 8 -2
2682 5 8 8 -1
2683 5 8 8 0
2684 5 8 8 1
2685 5 8 8 2
2686 5 8 8 3
2687 5 8 8 4
2688 5 8 8 5
2689 5 8 8 6
2690 5 8 8 7
2691 5 8 8 8
2692 5 8 9 -9
2693 5 8 9 -8
2694 5 8 9 -7
2695 5 8 9 -6
2696 5 8 9 -5
2697 5 8 9 -4
2698 5 8 9 -3
2699 5 8 9 -2
2700 5 8 9 -1
2701 5 8 9 0
2702 5 8 9 1
2703 5 8 9 2
2704 5 8 9 3
2705 5 8 9 4
2706 5 8 9 5
2707 5 8 9 6
2708 5 8 9 7
2709 5 8 9 8
2710 5 8 9 9
2711 5 9 4 -4
2712 5 9 4 -3
2713 5 9 4 -2
2714 5 9 4 -1
2715 5 9 4 0
2716 5 9 4 1
2717 5 9 4 2
2718 5 9 4 3
2719 5 9 4 4
2720 5 9 5 -5
2721 5 9 5 -4
2722 5 9 5 -3
2723 5 9 5 -2
2724 5 9 5 -1
2725 5 9 5 0
2726 5 9 5 1
2727 5 9 5 2
2728 5 9 5 3
2729 5 9 5 4
2730 5 9 5 5
2731 5 9 6 -6
2732 5 9 6 -5
2733 5 9 6 -4
2734 5 9 6 -3
2735 5 9 6 -2
2736 5 9 6 -1
2737 5 9 6 0
2738 5 9 6 1
2739 5 9 6 2
2740 5 9 6 3
2741 5 9 6 4
2742 5 9 6 5
2743 5 9 6 6
2744 5 9 7 -7
2745 5 9 7 -6
2746 5 9 7 -5
2747 5 9 7 -4
2748 5 9 7 -3
2749 5 9 7 -2
2750 5 9 7 -1
2751 5 9 7 0
2752 5 9 7 1
2753 5 9 7 2
2754 5 9 7 3
2755 5 9 7 4
2756 5 9 7 5
2757 5 9 7 6
2758 5 9 7 7
2759 5 9 8 -8
2760 5 9 8 -7
2761 5 9 8 -6
2762 5 9 8 -5
2763 5 9 8 -4
2764 5 9 8 -3
2765 5 9 8 -2
2766 5 9 8 -1
2767 5 9 8 0
2768 5 9 8 1
2769 5 9 8 2
2770 5 9 8 3
2771 5 9 8 4
2772 5 9 8 5
2773 5 9 8 6
2774 5 9 8 7
2775 5 9 8 8
2776 5 9 9 -9
2777 5 9 9 -8
2778 5 9 9 -7
2779 5 9 9 -6
2780 5 9 9 -5
2781 5 9 9 -4
2782 5 9 9 -3
2783 5 9 9 -2
2784 5 9 9 -1
2785 5 9 9 0
2786 5 9 9 1
2787 5 9 9 2
2788 5 9 9 3
2789 5 9 9 4
2790 5 9 9 5
2791 5 9 9 6
2792 5 9 9 7
2793 5 9 9 8
2794 5 9 9 9
2795 6 0 6 -6
2796 6 0 6 -5
2797 6 0 6 -4
2798 6 0 6 -3
2799 6 0 6 -2
2800 6 0 6 -1
2801 6 0 6 0
2802 6 0 6 1
2803 6 0 6 2
2804 6 0 6 3
2805 6 0 6 4
2806 6 0 6 5
2807 6 0 6 6
2808 6 1 5 -5
2809 6 1 5 -4
2810 6 1 5 -3
2811 6 1 5 -2
2812 6 1 5 -1
2813 6 1 5 0
2814 6 1 5 1
2815 6 1 5 2
2816 6 1 5 3
2817 6 1 5 4
2818 6 1 5 5
2819 6 1 6 -6
2820 6 1 6 -5
2821 6 1 6 -4
2822 6 1 6 -3
2823 6 1 6 -2
2824 6 1 6 -1
2825 6 1 6 0
2826 6 1 6 1
2827 6 1 6 2
2828 6 1 6 3
2829 6 1 6 4
2830 6 1 6 5
2831 6 1 6 6
2832 6 1 7 -7
2833 6 1 7 -6
2834 6 1 7 -5
2835 6 1 7 -4
2836 6 1 7 -3
2837 6 1 7 -2
2838 6 1 7 -1
2839 6 1 7 0
2840 6 1 7 1
2841 6 1 7 2
2842 6 1 7 3
2843 6 1 7 4
2844 6 1 7 5
2845 6 1 7 6
2846 6 1 7 7
2847 6 2 4 -4
2848 6 2 4 -3
2849 6 2 4 -2
2850 6 2 4 -1
2851 6 2 4 0
2852 6 2 4 1
2853 6 2 4 2
2854 6 2 4 3
2855 6 2 4 4
2856 6 2 5 -5
2857 6 2 5 -4
2858 6 2 5 -3
2859 6 2 5 -2
2860 6 2 5 -1
2861 6 2 5 0
2862 6 2 5 1
2863 6 2 5 2
2864 6 2 5 3
2865 6 2 5 4
2866 6 2 5 5
2867 6 2 6 -6
2868 6 2 6 -5
2869 6 2 6 -4
2870 6 2 6 -3
2871 6 2 6 -2
2872 6 2 6 -1
2873 6 2 6 0
2874 6 2 6 1
2875 6 2 6 2
2876 6 2 6 3
2877 6 2 6 4
2878 6 2 6 5
2879 6 2 6 6
2880 6 2 7 -7
2881 6 2 7 -6
2882 6 2 7 -5
2883 6 2 7 -4
2884 6 2 7 -3
2885 6 2 7 -2
2886 6 2 7 -1
2887 6 2 7 0
2888 6 2 7 1
2889 6 2 7 2
2890 6 2 7 3
2891 6 2 7 4
2892 6 2 7 5
2893 6 2 7 6
2894 6 2 7 7
2895 6 2 8 -8
2896 6 2 8 -7
2897 6 2 8 -6
2898 6 2 8 -5
2899 6 2 8 -4
2900 6 2 8 -3
2901 6 2 8 -2
2902 6 2 8 -1
2903 6 2 8 0
2904 6 2 8 1
2905 6 2 8 2
2906 6 2 8 3
2907 6 2 8 4
2908 6 2 8 5
2909 6 2 8 6
2910 6 2 8 7
2911 6 2 8 8
2912 6 3 3 -3
2913 6 3 3 -2
2914 6 3 3 -1
2915 6 3 3 0
2916 6 3 3 1
2917 6 3 3 2
2918 6 3 3 3
2919 6 3 4 -4
2920 6 3 4 -3
2921 6 3 4 -2
2922 6 3 4 -1
2923 6 3 4 0
2924 6 3 4 1
2925 6 3 4 2
2926 6 3 4 3
2927 6 3 4 4
2928 6 3 5 -5
2929 6 3 5 -4
2930 6 3 5 -3
2931 6 3 5 -2
2932 6 3 5 -1
2933 6 3 5 0
2934 6 3 5 1
2935 6 3 5 2
2936 6 3 5 3
2937 6 3 5 4
2938 6 3 5 5
2939 6 3 6 -6
2940 6 3 6 -5
2941 6 3 6 -4
2942 6 3 6 -3
2943 6 3 6 -2
2944 6 3 6 -1
2945 6 3 6 0
2946 6 3 6 1
2947 6 3 6 2
2948 6 3 6 3
2949 6 3 6 4
2950 6 3 6 5
2951 6 3 6 6
2952 6 3 7 -7
2953 6 3 7 -6
2954 6 3 7 -5
2955 6 3 7 -4
2956 6 3 7 -3
2957 6 3 7 -2
2958 6 3 7 -1
2959 6 3 7 0
2960 6 3 7 1
2961 6 3 7 2
2962 6 3 7 3
2963 6 3 7 4
2964 6 3 7 5
2965 6 3 7 6
2966 6 3 7 7
2967 6 3 8 -8
2968 6 3 8 -7
2969 6 3 8 -6
2970 6 3 8 -5
2971 6 3 8 -4
2972 6 3 8 -3
2973 6 3 8 -2
2974 6 3 8 -1
2975 6 3 8 0
2976 6 3 8 1
2977 6 3 8 2
2978 6 3 8 3
2979 6 3 8 4
2980 6 3 8 5
2981 6 3 8 6
2982 6 3 8 7
2983 6 3 8 8
2984 6 3 9 -9
2985 6 3 9 -8
2986 6 3 9 -7
2987 6 3 9 -6
2988 6 3 9 -5
2989 6 3 9 -4
2990 6 3 9 -3
2991 6 3 9 -2
2992 6 3 9 -1
2993 6 3 9 0
2994 6 3 9 1
2995 6 3 9 2
2996 6 3 9 3
2997 6 3 9 4
2998 6 3 9 5
2999 6 3 9 6
3000 6 3 9 7
3001 6 3 9 8
3002 6 3 9 9
3003 6 4 2 -2
3004 6 4 2 -1
3005 6 4 2 0
3006 6 4 2 1
3007 6 4 2 2
3008 6 4 3 -3
3009 6 4 3 -2
3010 6 4 3 -1
3011 6 4 3 0
3012 6 4 3 1
3013 6 4 3 2
3014 6 4 3 3
3015 6 4 4 -4
3016 6 4 4 -3
3017 6 4 4 -2
3018 6 4 4 -1
3019 6 4 4 0
3020 6 4 4 1
3021 6 4 4 2
3022 6 4 4 3
3023 6 4 4 4
3024 6 4 5 -5
3025 6 4 5 -4
3026 6 4 5 -3
3027 6 4 5 -2
3028 6 4 5 -1
3029 6 4 5 0
3030 6 4 5 1
3031 6 4 5 2
3032 6 4 5 3
3033 6 4 5 4
3034 6 4 5 5
3035 6 4 6 -6
3036 6 4 6 -5
3037 6 4 6 -4
3038 6 4 6 -3
3039 6 4 6 -2
3040 6 4 6 -1
3041 6 4 6 0
3042 6 4 6 1
3043 6 4 6 2
3044 6 4 6 3
3045 6 4 6 4
3046 6 4 6 5
3047 6 4 6 6
3048 6 4 7 -7
3049 6 4 7 -6
3050 6 4 7 -5
3051 6 4 7 -4
3052 6 4 7 -3
3053 6 4 7 -2
3054 6 4 7 -1
3055 6 4 7 0
3056 6 4 7 1
3057 6 4 7 2
3058 6 4 7 3
3059 6 4 7 4
3060 6 4 7 5
3061 6 4 7 6
3062 6 4 7 7
3063 6 4 8 -8
3064 6 4 8 -7
3065 6 4 8 -6
3066 6 4 8 -5
3067 6 4 8 -4
3068 6 4 8 -3
3069 6 4 8 -2
3070 6 4 8 -1
3071 6 4 8 0
3072 6 4 8 1
3073 6 4 8 2
3074 6 4 8 3
3075 6 4 8 4
3076 6 4 8 5
3077 6 4 8 6
3078 6 4 8 7
3079 6 4 8 8
3080 6 4 9 -9
3081 6 4 9 -8
3082 6 4 9 -7
3083 6 4 9 -6
3084 6 4 9 -5
3085 6 4 9 -4
3086 6 4 9 -3
3087 6 4 9 -2
3088 6 4 9 -1
3089 6 4 9 0
3090 6 4 9 1
3091 6 4 9 2
3092 6 4 9 3
3093 6 4 9 4
3094 6 4 9 5
3095 6 4 9 6
3096 6 4 9 7
3097 6 4 9 8
3098 6 4 9 9
3099 6 5 1 -1
3100 6 5 1 0
3101 6 5 1 1
3102 6 5 2 -2
3103 6 5 2 -1
3104 6 5 2 0
3105 6 5 2 1
3106 6 5 2 2
3107 6 5 3 -3
3108 6 5 3 -2
3109 6 5 3 -1
3110 6 5 3 0
3111 6 5 3 1
3112 6 5 3 2
3113 6 5 3 3
3114 6 5 4 -4
3115 6 5 4 -3
3116 6 5 4 -2
3117 6 5 4 -1
3118 6 5 4 0
3119 6 5 4 1
3120 6 5 4 2
3121 6 5 4 3
3122 6 5 4 4
3123 6 5 5 -5
3124 6 5 5 -4
3125 6 5 5 -3
3126 6 5 5 -2
3127 6 5 5 -1
3128 6 5 5 0
3129 6 5 5 1
3130 6 5 5 2
3131 6 5 5 3
3132 6 5 5 4
3133 6 5 5 5
3134 6 5 6 -6
3135 6 5 6 -5
3136 6 5 6 -4
3137 6 5 6 -3
3138 6 5 6 -2
3139 6 5 6 -1
3140 6 5 6 0
3141 6 5 6 1
3142 6 5 6 2
3143 6 5 6 3
3144 6 5 6 4
3145 6 5 6 5
3146 6 5 6 6
3147 6 5 7 -7
3148 6 5 7 -6
3149 6 5 7 -5
3150 6 5 7 -4
3151 6 5 7 -3
3152 6 5 7 -2
3153 6 5 7 -1
3154 6 5 7 0
3155 6 5 7 1
3156 6 5 7 2
3157 6 5 7 3
3158 6 5 7 4
3159 6 5 7 5
3160 6 5 7 6
3161 6 5 7 7
3162 6 5 8 -8
3163 6 5 8 -7
3164 6 5 8 -6
3165 6 5 8 -5
3166 6 5 8 -4
3167 6 5 8 -3
3168 6 5 8 -2
3169 6 5 8 -1
3170 6 5 8 0
3171 6 5 8 1
3172 6 5 8 2
3173 6 5 8 3
3174 6 5 8 4
3175 6 5 8 5
3176 6 5 8 6
3177 6 5 8 7
3178 6 5 8 8
3179 6 5 9 -9
3180 6 5 9 -8
3181 6 5 9 -7
3182 6 5 9 -6
3183 6 5 9 -5
3184 6 5 9 -4
3185 6 5 9 -3
3186 6 5 9 -2
3187 6 5 9 -1
3188 6 5 9 0
3189 6 5 9 1
3190 6 5 9 2
3191 6 5 9 3
3192 6 5 9 4
3193 6 5 9 5
3194 6 5 9 6
3195 6 5 9 7
3196 6 5 9 8
3197 6 5 9 9
3198 6 6 0 0
3199 6 6 1 -1
3200 6 6 1 0
3201 6 6 1 1
3202 6 6 2 -2
3203 6 6 2 -1
3204 6 6 2 0
3205 6 6 2 1
3206 6 6 2 2
3207 6 6 3 -3
3208 6 6 3 -2
3209 6 6 3 -1
3210 6 6 3 0
3211 6 6 3 1
3212 6 6 3 2
3213 6 6 3 3
3214 6 6 4 -4
3215 6 6 4 -3
3216 6 6 4 -2
3217 6 6 4 -1
3218 6 6 4 0
3219 6 6 4 1
3220 6 6 4 2
3221 6 6 4 3
3222 6 6 4 4
3223 6 6 5 -5
3224 6 6 5 -4
3225 6 6 5 -3
3226 6 6 5 -2
3227 6 6 5 -1
3228 6 6 5 0
3229 6 6 5 1
3230 6 6 5 2
3231 6 6 5 3
3232 6 6 5 4
3233 6 6 5 5
3234 6 6 6 -6
3235 6 6 6 -5
3236 6 6 6 -4
3237 6 6 6 -3
3238 6 6 6 -2
3239 6 6 6 -1
3240 6 6 6 0
3241 6 6 6 1
3242 6 6 6 2
3243 6 6 6 3
3244 6 6 6 4
3245 6 6 6 5
3246 6 6 6 6
3247 6 6 7 -7
3248 6 6 7 -6
3249 6 6 7 -5
3250 6 6 7 -4
3251 6 6 7 -3
3252 6 6 7 -2
3253 6 6 7 -1
3254 6 6 7 0
3255 6 6 7 1
3256 6 6 7 2
3257 6 6 7 3
3258 6 6 7 4
3259 6 6 7 5
3260 6 6 7 6
3261 6 6 7 7
3262 6 6 8 -8
3263 6 6 8 -7
3264 6 6 8 -6
3265 6 6 8 -5
3266 6 6 8 -4
3267 6 6 8 -3
3268 6 6 8 -2
3269 6 6 8 -1
3270 6 6 8 0
3271 6 6 8 1
3272 6 6 8 2
3273 6 6 8 3
3274 6 6 8 4
3275 6 6 8 5
3276 6 6 8 6
3277 6 6 8 7
3278 6 6 8 8
3279 6 6 9 -9
3280 6 6 9 -8
3281 6 6 9 -7
3282 6 6 9 -6
3283 6 6 9 -5
3284 6 6 9 -4
3285 6 6 9 -3
3286 6 6 9 -2
3287 6 6 9 -1
3288 6 6 9 0
3289 6 6 9 1
3290 6 6 9 2
3291 6 6 9 3
3292 6 6 9 4
3293 6 6 9 5
3294 6 6 9 6
3295 6 6 9 7
3296 6 6 9 8
3297 6 6 9 9
3298 6 7 1 -1
3299 6 7 1 0
3300 6 7 1 1
3301 6 7 2 -2
3302 6 7 2 -1
3303 6 7 2 0
3304 6 7 2 1
3305 6 7 2 2
3306 6 7 3 -3
3307 6 7 3 -2
3308 6 7 3 -1
3309 6 7 3 0
3310 6 7 3 1
3311 6 7 3 2
3312 6 7 3 3
3313 6 7 4 -4
3314 6 7 4 -3
3315 6 7 4 -2
3316 6 7 4 -1
3317 6 7 4 0
3318 6 7 4 1
3319 6 7 4 2
3320 6 7 4 3
3321 6 7 4 4
3322 6 7 5 -5
3323 6 7 5 -4
3324 6 7 5 -3
3325 6 7 5 -2
3326 6 7 5 -1
3327 6 7 5 0
3328 6 7 5 1
3329 6 7 5 2
3330 6 7 5 3
3331 6 7 5 4
3332 6 7 5 5
3333 6 7 6 -6
3334 6 7 6 -5
3335 6 7 6 -4
3336 6 7 6 -3
3337 6 7 6 -2
3338 6 7 6 -1
3339 6 7 6 0
3340 6 7 6 1
3341 6 7 6 2
3342 6 7 6 3
3343 6 7 6 4
3344 6 7 6 5
3345 6 7 6 6
3346 6 7 7 -7
3347 6 7 7 -6
3348 6 7 7 -5
3349 6 7 7 -4
3350 6 7 7 -3
3351 6 7 7 -2
3352 6 7 7 -1
3353 6 7 7 0
3354 6 7 7 1
3355 6 7 7 2
3356 6 7 7 3
3357 6 7 7 4
3358 6 7 7 5
3359 6 7 7 6
3360 6 7 7 7
3361 6 7 8 -8
3362 6 7 8 -7
3363 6 7 8 -6
3364 6 7 8 -5
3365 6 7 8 -4
3366 6 7 8 -3
3367 6 7 8 -2
3368 6 7 8 -1
3369 6 7 8 0
3370 6 7 8 1
3371 6 7 8 2
3372 6 7 8 3
3373 6 7 8 4
3374 6 7 8 5
3375 6 7 8 6
3376 6 7 8 7
3377 6 7 8 8
3378 6 7 9 -9
3379 6 7 9 -8
3380 6 7 9 -7
3381 6 7 9 -6
3382 6 7 9 -5
3383 6 7 9 -4
3384 6 7 9 -3
3385 6 7 9 -2
3386 6 7 9 -1
3387 6 7 9 0
3388 6 7 9 1
3389 6 7 9 2
3390 6 7 9 3
3391 6 7 9 4
3392 6 7 9 5
3393 6 7 9 6
3394 6 7 9 7
3395 6 7 9 8
3396 6 7 9 9
3397 6 8 2 -2
3398 6 8 2 -1
3399 6 8 2 0
3400 6 8 2 1
3401 6 8 2 2
3402 6 8 3 -3
3403 6 8 3 -2
3404 6 8 3 -1
3405 6 8 3 0
3406 6 8 3 1
3407 6 8 3 2
3408 6 8 3 3
3409 6 8 4 -4
3410 6 8 4 -3
3411 6 8 4 -2
3412 6 8 4 -1
3413 6 8 4 0
3414 6 8 4 1
3415 6 8 4 2
3416 6 8 4 3
3417 6 8 4 4
3418 6 8 5 -5
3419 6 8 5 -4
3420 6 8 5 -3
3421 6 8 5 -2
3422 6 8 5 -1
3423 6 8 5 0
3424 6 8 5 1
3425 6 8 5 2
3426 6 8 5 3
3427 6 8 5 4
3428 6 8 5 5
3429 6 8 6 -6
3430 6 8 6 -5
3431 6 8 6 -4
3432 6 8 6 -3
3433 6 8 6 -2
3434 6 8 6 -1
3435 6 8 6 0
3436 6 8 6 1
3437 6 8 6 2
3438 6 8 6 3
3439 6 8 6 4
3440 6 8 6 5
3441 6 8 6 6
3442 6 8 7 -7
3443 6 8 7 -6
3444 6 8 7 -5
3445 6 8 7 -4
3446 6 8 7 -3
3447 6 8 7 -2
3448 6 8 7 -1
3449 6 8 7 0
3450 6 8 7 1
3451 6 8 7 2
3452 6 8 7 3
3453 6 8 7 4
3454 6 8 7 5
3455 6 8 7 6
3456 6 8 7 7
3457 6 8 8 -8
3458 6 8 8 -7
3459 6 8 8 -6
3460 6 8 8 -5
3461 6 8 8 -4
3462 6 8 8 -3
3463 6 8 8 -2
3464 6 8 8 -1
3465 6 8 8 0
3466 6 8 8 1
3467 6 8 8 2
3468 6 8 8 3
3469 6 8 8 4
3470 6 8 8 5
3471 6 8 8 6
3472 6 8 8 7
3473 6 8 8 8
3474 6 8 9 -9
3475 6 8 9 -8
3476 6 8 9 -7
3477 6 8 9 -6
3478 6 8 9 -5
3479 6 8 9 -4
3480 6 8 9 -3
3481 6 8 9 -2
3482 6 8 9 -1
3483 6 8 9 0
3484 6 8 9 1
3485 6 8 9 2
3486 6 8 9 3
3487 6 8 9 4
3488 6 8 9 5
3489 6 8 9 6
3490 6 8 9 7
3491 6 8 9 8
3492 6 8 9 9
3493 6 9 3 -3
3494 6 9 3 -2
3495 6 9 3 -1
3496 6 9 3 0
3497 6 9 3 1
3498 6 9 3 2
3499 6 9 3 3
3500 6 9 4 -4
3501 6 9 4 -3
3502 6 9 4 -2
3503 6 9 4 -1
3504 6 9 4 0
3505 6 9 4 1
3506 6 9 4 2
3507 6 9 4 3
3508 6 9 4 4
3509 6 9 5 -5
3510 6 9 5 -4
3511 6 9 5 -3
3512 6 9 5 -2
3513 6 9 5 -1
3514 6 9 5 0
3515 6 9 5 1
3516 6 9 5 2
3517 6 9 5 3
3518 6 9 5 4
3519 6 9 5 5
3520 6 9 6 -6
3521 6 9 6 -5
3522 6 9 6 -4
3523 6 9 6 -3
3524 6 9 6 -2
3525 6 9 6 -1
3526 6 9 6 0
3527 6 9 6 1
3528 6 9 6 2
3529 6 9 6 3
3530 6 9 6 4
3531 6 9 6 5
3532 6 9 6 6
3533 6 9 7 -7
3534 6 9 7 -6
3535 6 9 7 -5
3536 6 9 7 -4
3537 6 9 7 -3
3538 6 9 7 -2
3539 6 9 7 -1
3540 6 9 7 0
3541 6 9 7 1
3542 6 9 7 2
3543 6 9 7 3
3544 6 9 7 4
3545 6 9 7 5
3546 6 9 7 6
3547 6 9 7 7
3548 6 9 8 -8
3549 6 9 8 -7
3550 6 9 8 -6
3551 6 9 8 -5
3552 6 9 8 -4
3553 6 9 8 -3
3554 6 9 8 -2
3555 6 9 8 -1
3556 6 9 8 0
3557 6 9 8 1
3558 6 9 8 2
3559 6 9 8 3
3560 6 9 8 4
3561 6 9 8 5
3562 6 9 8 6
3563 6 9 8 7
3564 6 9 8 8
3565 6 9 9 -9
3566 6 9 9 -8
3567 6 9 9 -7
3568 6 9 9 -6
3569 6 9 9 -5
3570 6 9 9 -4
3571 6 9 9 -3
3572 6 9 9 -2
3573 6 9 9 -1
3574 6 9 9 0
3575 6 9 9 1
3576 6 9 9 2
3577 6 9 9 3
3578 6 9 9 4
3579 6 9 9 5
3580 6 9 9 6
3581 6 9 9 7
3582 6 9 9 8
3583 6 9 9 9
3584 7 0 7 -7
3585 7 0 7 -6
3586 7 0 7 -5
3587 7 0 7 -4
3588 7 0 7 -3
3589 7 0 7 -2
3590 7 0 7 -1
3591 7 0 7 0
3592 7 0 7 1
3593 7 0 7 2
3594 7 0 7 3
3595 7 0 7 4
3596 7 0 7 5
3597 7 0 7 6
3598 7 0 7 7
3599 7 1 6 -6
3600 7 1 6 -5
3601 7 1 6 -4
3602 7 1 6 -3
3603 7 1 6 -2
3604 7 1 6 -1
3605 7 1 6 0
3606 7 1 6 1
3607 7 1 6 2
3608 7 1 6 3
3609 7 1 6 4
3610 7 1 6 5
3611 7 1 6 6
3612 7 1 7 -7
3613 7 1 7 -6
3614 7 1 7 -5
3615 7 1 7 -4
3616 7 1 7 -3
3617 7 1 7 -2
3618 7 1 7 -1
3619 7 1 7 0
3620 7 1 7 1
3621 7 1 7 2
3622 7 1 7 3
3623 7 1 7 4
3624 7 1 7 5
3625 7 1 7 6
3626 7 1 7 7
3627 7 1 8 -8
3628 7 1 8 -7
3629 7 1 8 -6
3630 7 1 8 -5
3631 7 1 8 -4
3632 7 1 8 -3
3633 7 1 8 -2
3634 7 1 8 -1
3635 7 1 8 0
3636 7 1 8 1
3637 7 1 8 2
3638 7 1 8 3
3639 7 1 8 4
3640 7 1 8 5
3641 7 1 8 6
3642 7 1 8 7
3643 7 1 8 8
3644 7 2 5 -5
3645 7 2 5 -4
3646 7 2 5 -3
3647 7 2 5 -2
3648 7 2 5 -1
3649 7 2 5 0
3650 7 2 5 1
3651 7 2 5 2
3652 7 2 5 3
3653 7 2 5 4
3654 7 2 5 5
3655 7 2 6 -6
3656 7 2 6 -5
3657 7 2 6 -4
3658 7 2 6 -3
3659 7 2 6 -2
3660 7 2 6 -1
3661 7 2 6 0
3662 7 2 6 1
3663 7 2 6 2
3664 7 2 6 3
3665 7 2 6 4
3666 7 2 6 5
3667 7 2 6 6
3668 7 2 7 -7
3669 7 2 7 -6
3670 7 2 7 -5
3671 7 2 7 -4
3672 7 2 7 -3
3673 7 2 7 -2
3674 7 2 7 -1
3675 7 2 7 0
3676 7 2 7 1
3677 7 2 7 2
3678 7 2 7 3
3679 7 2 7 4
3680 7 2 7 5
3681 7 2 7 6
3682 7 2 7 7
3683 7 2 8 -8
3684 7 2 8 -7
3685 7 2 8 -6
3686 7 2 8 -5
3687 7 2 8 -4
3688 7 2 8 -3
3689 7 2 8 -2
3690 7 2 8 -1
3691 7 2 8 0
3692 7 2 8 1
3693 7 2 8 2
3694 7 2 8 3
3695 7 2 8 4
3696 7 2 8 5
3697 7 2 8 6
3698 7 2 8 7
3699 7 2 8 8
3700 7 2 9 -9
3701 7 2 9 -8
3702 7 2 9 -7
3703 7 2 9 -6
3704 7 2 9 -5
3705 7 2 9 -4
3706 7 2 9 -3
3707 7 2 9 -2
3708 7 2 9 -1
3709 7 2 9 0
3710 7 2 9 1
3711 7 2 9 2
3712 7 2 9 3
3713 7 2 9 4
3714 7 2 9 5
3715 7 2 9 6
3716 7 2 9 7
3717 7 2 9 8
3718 7 2 9 9
3719 7 3 4 -4
3720 7 3 4 -3
3721 7 3 4 -2
3722 7 3 4 -1
3723 7 3 4 0
3724 7 3 4 1
3725 7 3 4 2
3726 7 3 4 3
3727 7 3 4 4
3728 7 3 5 -5
3729 7 3 5 -4
3730 7 3 5 -3
3731 7 3 5 -2
3732 7 3 5 -1
3733 7 3 5 0
3734 7 3 5 1
3735 7 3 5 2
3736 7 3 5 3
3737 7 3 5 4
3738 7 3 5 5
3739 7 3 6 -6
3740 7 3 6 -5
3741 7 3 6 -4
3742 7 3 6 -3
3743 7 3 6 -2
3744 7 3 6 -1
3745 7 3 6 0
3746 7 3 6 1
3747 7 3 6 2
3748 7 3 6 3
3749 7 3 6 4
3750 7 3 6 5
3751 7 3 6 6
3752 7 3 7 -7
3753 7 3 7 -6
3754 7 3 7 -5
3755 7 3 7 -4
3756 7 3 7 -3
3757 7 3 7 -2
3758 7 3 7 -1
3759 7 3 7 0
3760 7 3 7 1
3761 7 3 7 2
3762 7 3 7 3
3763 7 3 7 4
3764 7 3 7 5
3765 7 3 7 6
3766 7 3 7 7
3767 7 3 8 -8
3768 7 3 8 -7
3769 7 3 8 -6
3770 7 3 8 -5
3771 7 3 8 -4
3772 7 3 8 -3
3773 7 3 8 -2
3774 7 3 8 -1
3775 7 3 8 0
3776 7 3 8 1
3777 7 3 8 2
3778 7 3 8 3
3779 7 3 8 4
3780 7 3 8 5
3781 7 3 8 6
3782 7 3 8 7
3783 7 3 8 8
3784 7 3 9 -9
3785 7 3 9 -8
3786 7 3 9 -7
3787 7 3 9 -6
3788 7 3 9 -5
3789 7 3 9 -4
3790 7 3 9 -3
3791 7 3 9 -2
3792 7 3 9 -1
3793 7 3 9 0
3794 7 3 9 1
3795 7 3 9 2
3796 7 3 9 3
3797 7 3 9 4
3798 7 3 9 5
3799 7 3 9 6
3800 7 3 9 7
3801 7 3 9 8
3802 7 3 9 9
3803 7 4 3 -3
3804 7 4 3 -2
3805 7 4 3 -1
3806 7 4 3 0
3807 7 4 3 1
3808 7 4 3 2
3809 7 4 3 3
3810 7 4 4 -4
3811 7 4 4 -3
3812 7 4 4 -2
3813 7 4 4 -1
3814 7 4 4 0
3815 7 4 4 1
3816 7 4 4 2
3817 7 4 4 3
3818 7 4 4 4
3819 7 4 5 -5
3820 7 4 5 -4
3821 7 4 5 -3
3822 7 4 5 -2
3823 7 4 5 -1
3824 7 4 5 0
3825 7 4 5 1
3826 7 4 5 2
3827 7 4 5 3
3828 7 4 5 4
3829 7 4 5 5
3830 7 4 6 -6
3831 7 4 6 -5
3832 7 4 6 -4
3833 7 4 6 -3
3834 7 4 6 -2
3835 7 4 6 -1
3836 7 4 6 0
3837 7 4 6 1
3838 7 4 6 2
3839 7 4 6 3
3840 7 4 6 4
3841 7 4 6 5
3842 7 4 6 6
3843 7 4 7 -7
3844 7 4 7 -6
3845 7 4 7 -5
3846 7 4 7 -4
3847 7 4 7 -3
3848 7 4 7 -2
3849 7 4 7 -1
3850 7 4 7 0
3851 7 4 7 1
3852 7 4 7 2
3853 7 4 7 3
3854 7 4 7 4
3855 7 4 7 5
3856 7 4 7 6
3857 7 4 7 7
3858 7 4 8 -8
3859 7 4 8 -7
3860 7 4 8 -6
3861 7 4 8 -5
3862 7 4 8 -4
3863 7 4 8 -3
3864 7 4 8 -2
3865 7 4 8 -1
3866 7 4 8 0
3867 7 4 8 1
3868 7 4 8 2
3869 7 4 8 3
3870 7 4 8 4
3871 7 4 8 5
3872 7 4 8 6
3873 7 4 8 7
3874 7 4 8 8
3875 7 4 9 -9
3876 7 4 9 -8
3877 7 4 9 -7
3878 7 4 9 -6
3879 7 4 9 -5
3880 7 4 9 -4
3881 7 4 9 -3
3882 7 4 9 -2
3883 7 4 9 -1
3884 7 4 9 0
3885 7 4 9 1
3886 7 4 9 2
3887 7 4 9 3
3888 7 4 9 4
3889 7 4 9 5
3890 7 4 9 6
3891 7 4 9 7
3892 7 4 9 8
3893 7 4 9 9
3894 7 5 2 -2
3895 7 5 2 -1
3896 7 5 2 0
3897 7 5 2 1
3898 7 5 2 2
3899 7 5 3 -3
3900 7 5 3 -2
3901 7 5 3 -1
3902 7 5 3 0
3903 7 5 3 1
3904 7 5 3 2
3905 7 5 3 3
3906 7 5 4 -4
3907 7 5 4 -3
3908 7 5 4 -2
3909 7 5 4 -1
3910 7 5 4 0
3911 7 5 4 1
3912 7 5 4 2
3913 7 5 4 3
3914 7 5 4 4
3915 7 5 5 -5
3916 7 5 5 -4
3917 7 5 5 -3
3918 7 5 5 -2
3919 7 5 5 -1
3920 7 5 5 0
3921 7 5 5 1
3922 7 5 5 2
3923 7 5 5 3
3924 7 5 5 4
3925 7 5 5 5
3926 7 5 6 -6
3927 7 5 6 -5
3928 7 5 6 -4
3929 7 5 6 -3
3930 7 5 6 -2
3931 7 5 6 -1
3932 7 5 6 0
3933 7 5 6 1
3934 7 5 6 2
3935 7 5 6 3
3936 7 5 6 4
3937 7 5 6 5
3938 7 5 6 6
3939 7 5 7 -7
3940 7 5 7 -6
3941 7 5 7 -5
3942 7 5 7 -4
3943 7 5 7 -3
3944 7 5 7 -2
3945 7 5 7 -1
3946 7 5 7 0
3947 7 5 7 1
3948 7 5 7 2
3949 7 5 7 3
3950 7 5 7 4
3951 7 5 7 5
3952 7 5 7 6
3953 7 5 7 7
3954 7 5 8 -8
3955 7 5 8 -7
3956 7 5 8 -6
3957 7 5 8 -5
3958 7 5 8 -4
3959 7 5 8 -3
3960 7 5 8 -2
3961 7 5 8 -1
3962 7 5 8 0
3963 7 5 8 1
3964 7 5 8 2
3965 7 5 8 3
3966 7 5 8 4
3967 7 5 8 5
3968 7 5 8 6
3969 7 5 8 7
3970 7 5 8 8
3971 7 5 9 -9
3972 7 5 9 -8
3973 7 5 9 -7
3974 7 5 9 -6
3975 7 5 9 -5
3976 7 5 9 -4
3977 7 5 9 -3
3978 7 5 9 -2
3979 7 5 9 -1
3980 7 5 9 0
3981 7 5 9 1
3982 7 5 9 2
3983 7 5 9 3
3984 7 5 9 4
3985 7 5 9 5
3986 7 5 9 6
3987 7 5 9 7
3988 7 5 9 8
3989 7 5 9 9
3990 7 6 1 -1
3991 7 6 1 0
3992 7 6 1 1
3993 7 6 2 -2
3994 7 6 2 -1
3995 7 6 2 0
3996 7 6 2 1
3997 7 6 2 2
3998 7 6 3 -3
3999 7 6 3 -2
4000 7 6 3 -1
4001 7 6 3 0
4002 7 6 3 1
4003 7 6 3 2
4004 7 6 3 3
4005 7 6 4 -4
4006 7 6 4 -3
4007 7 6 4 -2
4008 7 6 4 -1
4009 7 6 4 0
4010 7 6 4 1
4011 7 6 4 2
4012 7 6 4 3
4013 7 6 4 4
4014 7 6 5 -5
4015 7 6 5 -4
4016 7 6 5 -3
4017 7 6 5 -2
4018 7 6 5 -1
4019 7 6 5 0
4020 7 6 5 1
4021 7 6 5 2
4022 7 6 5 3
4023 7 6 5 4
4024 7 6 5 5
4025 7 6 6 -6
4026 7 6 6 -5
4027 7 6 6 -4
4028 7 6 6 -3
4029 7 6 6 -2
4030 7 6 6 -1
4031 7 6 6 0
4032 7 6 6 1
4033 7 6 6 2
4034 7 6 6 3
4035 7 6 6 4
4036 7 6 6 5
4037 7 6 6 6
4038 7 6 7 -7
4039 7 6 7 -6
4040 7 6 7 -5
4041 7 6 7 -4
4042 7 6 7 -3
4043 7 6 7 -2
4044 7 6 7 -1
4045 7 6 7 0
4046 7 6 7 1
4047 7 6 7 2
4048 7 6 7 3
4049 7 6 7 4
4050 7 6 7 5
4051 7 6 7 6
4052 7 6 7 7
4053 7 6 8 -8
4054 7 6 8 -7
4055 7 6 8 -6
4056 7 6 8 -5
4057 7 6 8 -4
4058 7 6 8 -3
4059 7 6 8 -2
4060 7 6 8 -1
4061 7 6 8 0
4062 7 6 8 1
4063 7 6 8 2
4064 7 6 8 3
4065 7 6 8 4
4066 7 6 8 5
4067 7 6 8 6
4068 7 6 8 7
4069 7 6 8 8
4070 7 6 9 -9
4071 7 6 9 -8
4072 7 6 9 -7
4073 7 6 9 -6
4074 7 6 9 -5
4075 7 6 9 -4
4076 7 6 9 -3
4077 7 6 9 -2
4078 7 6 9 -1
4079 7 6 9 0
4080 7 6 9 1
4081 7 6 9 2
4082 7 6 9 3
4083 7 6 9 4
4084 7 6 9 5
4085 7 6 9 6
4086 7 6 9 7
4087 7 6 9 8
4088 7 6 9 9
4089 7 7 0 0
4090 7 7 1 -1
4091 7 7 1 0
4092 7 7 1 1
4093 7 7 2 -2
4094 7 7 2 -1
4095 7 7 2 0
4096 7 7 2 1
4097 7 7 2 2
4098 7 7 3 -3
4099 7 7 3 -2
4100 7 7 3 -1
4101 7 7 3 0
4102 7 7 3 1
4103 7 7 3 2
4104 7 7 3 3
4105 7 7 4 -4
4106 7 7 4 -3
4107 7 7 4 -2
4108 7 7 4 -1
4109 7 7 4 0
4110 7 7 4 1
4111 7 7 4 2
4112 7 7 4 3
4113 7 7 4 4
4114 7 7 5 -5
4115 7 7 5 -4
4116 7 7 5 -3
4117 7 7 5 -2
4118 7 7 5 -1
4119 7 7 5 0
4120 7 7 5 1
4121 7 7 5 2
4122 7 7 5 3
4123 7 7 5 4
4124 7 7 5 5
4125 7 7 6 -6
4126 7 7 6 -5
4127 7 7 6 -4
4128 7 7 6 -3
4129 7 7 6 -2
4130 7 7 6 -1
4131 7 7 6 0
4132 7 7 6 1
4133 7 7 6 2
4134 7 7 6 3
4135 7 7 6 4
4136 7 7 6 5
4137 7 7 6 6
4138 7 7 7 -7
4139 7 7 7 -6
4140 7 7 7 -5
4141 7 7 7 -4
4142 7 7 7 -3
4143 7 7 7 -2
4144 7 7 7 -1
4145 7 7 7 0
4146 7 7 7 1
4147 7 7 7 2
4148 7 7 7 3
4149 7 7 7 4
4150 7 7 7 5
4151 7 7 7 6
4152 7 7 7 7
4153 7 7 8 -8
4154 7 7 8 -7
4155 7 7 8 -6
4156 7 7 8 -5
4157 7 7 8 -4
4158 7 7 8 -3
4159 7 7 8 -2
4160 7 7 8 -1
4161 7 7 8 0
4162 7 7 8 1
4163 7 7 8 2
4164 7 7 8 3
4165 7 7 8 4
4166 7 7 8 5
4167 7 7 8 6
4168 7 7 8 7
4169 7 7 8 8
4170 7 7 9 -9
4171 7 7 9 -8
4172 7 7 9 -7
4173 7 7 9 -6
4174 7 7 9 -5
4175 7 7 9 -4
4176 7 7 9 -3
4177 7 7 9 -2
4178 7 7 9 -1
4179 7 7 9 0
4180 7 7 9 1
4181 7 7 9 2
4182 7 7 9 3
4183 7 7 9 4
4184 7 7 9 5
4185 7 7 9 6
4186 7 7 9 7
4187 7 7 9 8
4188 7 7 9 9
4189 7 8 1 -1
4190 7 8 1 0
4191 7 8 1 1
4192 7 8 2 -2
4193 7 8 2 -1
4194 7 8 2 0
4195 7 8 2 1
4196 7 8 2 2
4197 7 8 3 -3
4198 7 8 3 -2
4199 7 8 3 -1
4200 7 8 3 0
4201 7 8 3 1
4202 7 8 3 2
4203 7 8 3 3
4204 7 8 4 -4
4205 7 8 4 -3
4206 7 8 4 -2
4207 7 8 4 -1
4208 7 8 4 0
4209 7 8 4 1
4210 7 8 4 2
4211 7 8 4 3
4212 7 8 4 4
4213 7 8 5 -5
4214 7 8 5 -4
4215 7 8 5 -3
4216 7 8 5 -2
4217 7 8 5 -1
4218 7 8 5 0
4219 7 8 5 1
4220 7 8 5 2
4221 7 8 5 3
4222 7 8 5 4
4223 7 8 5 5
4224 7 8 6 -6
4225 7 8 6 -5
4226 7 8 6 -4
4227 7 8 6 -3
4228 7 8 6 -2
4229 7 8 6 -1
4230 7 8 6 0
4231 7 8 6 1
4232 7 8 6 2
4233 7 8 6 3
4234 7 8 6 4
4235 7 8 6 5
4236 7 8 6 6
4237 7 8 7 -7
4238 7 8 7 -6
4239 7 8 7 -5
4240 7 8 7 -4
4241 7 8 7 -3
4242 7 8 7 -2
4243 7 8 7 -1
4244 7 8 7 0
4245 7 8 7 1
4246 7 8 7 2
4247 7 8 7 3
4248 7 8 7 4
4249 7 8 7 5
4250 7 8 7 6
4251 7 8 7 7
4252 7 8 8 -8
4253 7 8 8 -7
4254 7 8 8 -6
4255 7 8 8 -5
4256 7 8 8 -4
4257 7 8 8 -3
4258 7 8 8 -2
4259 7 8 8 -1
4260 7 8 8 0
4261 7 8 8 1
4262 7 8 8 2
4263 7 8 8 3
4264 7 8 8 4
4265 7 8 8 5
4266 7 8 8 6
4267 7 8 8 7
4268 7 8 8 8
4269 7 8 9 -9
4270 7 8 9 -8
4271 7 8 9 -7
4272 7 8 9 -6
4273 7 8 9 -5
4274 7 8 9 -4
4275 7 8 9 -3
4276 7 8 9 -2
4277 7 8 9 -1
4278 7 8 9 0
4279 7 8 9 1
4280 7 8 9 2
4281 7 8 9 3
4282 7 8 9 4
4283 7 8 9 5
4284 7 8 9 6
4285 7 8 9 7
4286 7 8 9 8
4287 7 8 9 9
4288 7 9 2 -2
4289 7 9 2 -1
4290 7 9 2 0
4291 7 9 2 1
4292 7 9 2 2
4293 7 9 3 -3
4294 7 9 3 -2
4295 7 9 3 -1
4296 7 9 3 0
4297 7 9 3 1
4298 7 9 3 2
4299 7 9 3 3
4300 7 9 4 -4
4301 7 9 4 -3
4302 7 9 4 -2
4303 7 9 4 -1
4304 7 9 4 0
4305 7 9 4 1
4306 7 9 4 2
4307 7 9 4 3
4308 7 9 4 4
4309 7 9 5 -5
4310 7 9 5 -4
4311 7 9 5 -3
4312 7 9 5 -2
4313 7 9 5 -1
4314 7 9 5 0
4315 7 9 5 1
4316 7 9 5 2
4317 7 9 5 3
4318 7 9 5 4
4319 7 9 5 5
4320 7 9 6 -6
4321 7 9 6 -5
4322 7 9 6 -4
4323 7 9 6 -3
4324 7 9 6 -2
4325 7 9 6 -1
4326 7 9 6 0
4327 7 9 6 1
4328 7 9 6 2
4329 7 9 6 3
4330 7 9 6 4
4331 7 9 6 5
4332 7 9 6 6
4333 7 9 7 -7
4334 7 9 7 -6
4335 7 9 7 -5
4336 7 9 7 -4
4337 7 9 7 -3
4338 7 9 7 -2
4339 7 9 7 -1
4340 7 9 7 0
4341 7 9 7 1
4342 7 9 7 2
4343 7 9 7 3
4344 7 9 7 4
4345 7 9 7 5
4346 7 9 7 6
4347 7 9 7 7
4348 7 9 8 -8
4349 7 9 8 -7
4350 7 9 8 -6
4351 7 9 8 -5
4352 7 9 8 -4
4353 7 9 8 -3
4354 7 9 8 -2
4355 7 9 8 -1
4356 7 9 8 0
4357 7 9 8 1
4358 7 9 8 2
4359 7 9 8 3
4360 7 9 8 4
4361 7 9 8 5
4362 7 9 8 6
4363 7 9 8 7
4364 7 9 8 8
4365 7 9 9 -9
4366 7 9 9 -8
4367 7 9 9 -7
4368 7 9 9 -6
4369 7 9 9 -5
4370 7 9 9 -4
4371 7 9 9 -3
4372 7 9 9 -2
4373 7 9 9 -1
4374 7 9 9 0
4375 7 9 9 1
4376 7 9 9 2
4377 7 9 9 3
4378 7 9 9 4
4379 7 9 9 5
4380 7 9 9 6
4381 7 9 9 7
4382 7 9 9 8
4383 7 9 9 9
4384 8 0 8 -8
4385 8 0 8 -7
4386 8 0 8 -6
4387 8 0 8 -5
4388 8 0 8 -4
4389 8 0 8 -3
4390 8 0 8 -2
4391 8 0 8 -1
4392 8 0 8 0
4393 8 0 8 1
4394 8 0 8 2
4395 8 0 8 3
4396 8 0 8 4
4397 8 0 8 5
4398 8 0 8 6
4399 8 0 8 7
4400 8 0 8 8
4401 8 1 7 -7
4402 8 1 7 -6
4403 8 1 7 -5
4404 8 1 7 -4
4405 8 1 7 -3
4406 8 1 7 -2
4407 8 1 7 -1
4408 8 1 7 0
4409 8 1 7 1
4410 8 1 7 2
4411 8 1 7 3
4412 8 1 7 4
4413 8 1 7 5
4414 8 1 7 6
4415 8 1 7 7
4416 8 1 8 -8
4417 8 1 8 -7
4418 8 1 8 -6
4419 8 1 8 -5
4420 8 1 8 -4
4421 8 1 8 -3
4422 8 1 8 -2
4423 8 1 8 -1
4424 8 1 8 0
4425 8 1 8 1
4426 8 1 8 2
4427 8 1 8 3
4428 8 1 8 4
4429 8 1 8 5
4430 8 1 8 6
4431 8 1 8 7
4432 8 1 8 8
4433 8 1 9 -9
4434 8 1 9 -8
4435 8 1 9 -7
4436 8 1 9 -6
4437 8 1 9 -5
4438 8 1 9 -4
4439 8 1 9 -3
4440 8 1 9 -2
4441 8 1 9 -1
4442 8 1 9 0
4443 8 1 9 1
4444 8 1 9 2
4445 8 1 9 3
4446 8 1 9 4
4447 8 1 9 5
4448 8 1 9 6
4449 8 1 9 7
4450 8 1 9 8
4451 8 1 9 9
4452 8 2 6 -6
4453 8 2 6 -5
4454 8 2 6 -4
4455 8 2 6 -3
4456 8 2 6 -2
4457 8 2 6 -1
4458 8 2 6 0
4459 8 2 6 1
4460 8 2 6 2
4461 8 2 6 3
4462 8 2 6 4
4463 8 2 6 5
4464 8 2 6 6
4465 8 2 7 -7
4466 8 2 7 -6
4467 8 2 7 -5
4468 8 2 7 -4
4469 8 2 7 -3
4470 8 2 7 -2
4471 8 2 7 -1
4472 8 2 7 0
4473 8 2 7 1
4474 8 2 7 2
4475 8 2 7 3
4476 8 2 7 4
4477 8 2 7 5
4478 8 2 7 6
4479 8 2 7 7
4480 8 2 8 -8
4481 8 2 8 -7
4482 8 2 8 -6
4483 8 2 8 -5
4484 8 2 8 -4
4485 8 2 8 -3
4486 8 2 8 -2
4487 8 2 8 -1
4488 8 2 8 0
4489 8 2 8 1
4490 8 2 8 2
4491 8 2 8 3
4492 8 2 8 4
4493 8 2 8 5
4494 8 2 8 6
4495 8 2 8 7
4496 8 2 8 8
4497 8 2 9 -9
4498 8 2 9 -8
4499 8 2 9 -7
4500 8 2 9 -6
4501 8 2 9 -5
4502 8 2 9 -4
4503 8 2 9 -3
4504 8 2 9 -2
4505 8 2 9 -1
4506 8 2 9 0
4507 8 2 9 1
4508 8 2 9 2
4509 8 2 9 3
4510 8 2 9 4
4511 8 2 9 5
4512 8 2 9 6
4513 8 2 9 7
4514 8 2 9 8
4515 8 2 9 9
4516 8 3 5 -5
4517 8 3 5 -4
4518 8 3 5 -3
4519 8 3 5 -2
4520 8 3 5 -1
4521 8 3 5 0
4522 8 3 5 1
4523 8 3 5 2
4524 8 3 5 3
4525 8 3 5 4
4526 8 3 5 5
4527 8 3 6 -6
4528 8 3 6 -5
4529 8 3 6 -4
4530 8 3 6 -3
4531 8 3 6 -2
4532 8 3 6 -1
4533 8 3 6 0
4534 8 3 6 1
4535 8 3 6 2
4536 8 3 6 3
4537 8 3 6 4
4538 8 3 6 5
4539 8 3 6 6
4540 8 3 7 -7
4541 8 3 7 -6
4542 8 3 7 -5
4543 8 3 7 -4
4544 8 3 7 -3
4545 8 3 7 -2
4546 8 3 7 -1
4547 8 3 7 0
4548 8 3 7 1
4549 8 3 7 2
4550 8 3 7 3
4551 8 3 7 4
4552 8 3 7 5
4553 8 3 7 6
4554 8 3 7 7
4555 8 3 8 -8
4556 8 3 8 -7
4557 8 3 8 -6
4558 8 3 8 -5
4559 8 3 8 -4
4560 8 3 8 -3
4561 8 3 8 -2
4562 8 3 8 -1
4563 8 3 8 0
4564 8 3 8 1
4565 8 3 8 2
4566 8 3 8 3
4567 8 3 8 4
4568 8 3 8 5
4569 8 3 8 6
4570 8 3 8 7
4571 8 3 8 8
4572 8 3 9 -9
4573 8 3 9 -8
4574 8 3 9 -7
4575 8 3 9 -6
4576 8 3 9 -5
4577 8 3 9 -4
4578 8 3 9 -3
4579 8 3 9 -2
4580 8 3 9 -1
4581 8 3 9 0
4582 8 3 9 1
4583 8 3 9 2
4584 8 3 9 3
4585 8 3 9 4
4586 8 3 9 5
4587 8 3 9 6
4588 8 3 9 7
4589 8 3 9 8
4590 8 3 9 9
4591 8 4 4 -4
4592 8 4 4 -3
4593 8 4 4 -2
4594 8 4 4 -1
4595 8 4 4 0
4596 8 4 4 1
4597 8 4 4 2
4598 8 4 4 3
4599 8 4 4 4
4600 8 4 5 -5
4601 8 4 5 -4
4602 8 4 5 -3
4603 8 4 5 -2
4604 8 4 5 -1
4605 8 4 5 0
4606 8 4 5 1
4607 8 4 5 2
4608 8 4 5 3
4609 8 4 5 4
4610 8 4 5 5
4611 8 4 6 -6
4612 8 4 6 -5
4613 8 4 6 -4
4614 8 4 6 -3
4615 8 4 6 -2
4616 8 4 6 -1
4617 8 4 6 0
4618 8 4 6 1
4619 8 4 6 2
4620 8 4 6 3
4621 8 4 6 4
4622 8 4 6 5
4623 8 4 6 6
4624 8 4 7 -7
4625 8 4 7 -6
4626 8 4 7 -5
4627 8 4 7 -4
4628 8 4 7 -3
4629 8 4 7 -2
4630 8 4 7 -1
4631 8 4 7 0
4632 8 4 7 1
4633 8 4 7 2
4634 8 4 7 3
4635 8 4 7 4
4636 8 4 7 5
4637 8 4 7 6
4638 8 4 7 7
4639 8 4 8 -8
4640 8 4 8 -7
4641 8 4 8 -6
4642 8 4 8 -5
4643 8 4 8 -4
4644 8 4 8 -3
4645 8 4 8 -2
4646 8 4 8 -1
4647 8 4 8 0
4648 8 4 8 1
4649 8 4 8 2
4650 8 4 8 3
4651 8 4 8 4
4652 8 4 8 5
4653 8 4 8 6
4654 8 4 8 7
4655 8 4 8 8
4656 8 4 9 -9
4657 8 4 9 -8
4658 8 4 9 -7
4659 8 4 9 -6
4660 8 4 9 -5
4661 8 4 9 -4
4662 8 4 9 -3
4663 8 4 9 -2
4664 8 4 9 -1
4665 8 4 9 0
4666 8 4 9 1
4667 8 4 9 2
4668 8 4 9 3
4669 8 4 9 4
4670 8 4 9 5
4671 8 4 9 6
4672 8 4 9 7
4673 8 4 9 8
4674 8 4 9 9
4675 8 5 3 -3
4676 8 5 3 -2
4677 8 5 3 -1
4678 8 5 3 0
4679 8 5 3 1
4680 8 5 3 2
4681 8 5 3 3
4682 8 5 4 -4
4683 8 5 4 -3
4684 8 5 4 -2
4685 8 5 4 -1
4686 8 5 4 0
4687 8 5 4 1
4688 8 5 4 2
4689 8 5 4 3
4690 8 5 4 4
4691 8 5 5 -5
4692 8 5 5 -4
4693 8 5 5 -3
4694 8 5 5 -2
4695 8 5 5 -1
4696 8 5 5 0
4697 8 5 5 1
4698 8 5 5 2
4699 8 5 5 3
4700 8 5 5 4
4701 8 5 5 5
4702 8 5 6 -6
4703 8 5 6 -5
4704 8 5 6 -4
4705 8 5 6 -3
4706 8 5 6 -2
4707 8 5 6 -1
4708 8 5 6 0
4709 8 5 6 1
4710 8 5 6 2
4711 8 5 6 3
4712 8 5 6 4
4713 8 5 6 5
4714 8 5 6 6
4715 8 5 7 -7
4716 8 5 7 -6
4717 8 5 7 -5
4718 8 5 7 -4
4719 8 5 7 -3
4720 8 5 7 -2
4721 8 5 7 -1
4722 8 5 7 0
4723 8 5 7 1
4724 8 5 7 2
4725 8 5 7 3
4726 8 5 7 4
4727 8 5 7 5
4728 8 5 7 6
4729 8 5 7 7
4730 8 5 8 -8
4731 8 5 8 -7
4732 8 5 8 -6
4733 8 5 8 -5
4734 8 5 8 -4
4735 8 5 8 -3
4736 8 5 8 -2
4737 8 5 8 -1
4738 8 5 8 0
4739 8 5 8 1
4740 8 5 8 2
4741 8 5 8 3
4742 8 5 8 4
4743 8 5 8 5
4744 8 5 8 6
4745 8 5 8 7
4746 8 5 8 8
4747 8 5 9 -9
4748 8 5 9 -8
4749 8 5 9 -7
4750 8 5 9 -6
4751 8 5 9 -5
4752 8 5 9 -4
4753 8 5 9 -3
4754 8 5 9 -2
4755 8 5 9 -1
4756 8 5 9 0
4757 8 5 9 1
4758 8 5 9 2
4759 8 5 9 3
4760 8 5 9 4
4761 8 5 9 5
4762 8 5 9 6
4763 8 5 9 7
4764 8 5 9 8
4765 8 5 9 9
4766 8 6 2 -2
4767 8 6 2 -1
4768 8 6 2 0
4769 8 6 2 1
4770 8 6 2 2
4771 8 6 3 -3
4772 8 6 3 -2
4773 8 6 3 -1
4774 8 6 3 0
4775 8 6 3 1
4776 8 6 3 2
4777 8 6 3 3
4778 8 6 4 -4
4779 8 6 4 -3
4780 8 6 4 -2
4781 8 6 4 -1
4782 8 6 4 0
4783 8 6 4 1
4784 8 6 4 2
4785 8 6 4 3
4786 8 6 4 4
4787 8 6 5 -5
4788 8 6 5 -4
4789 8 6 5 -3
4790 8 6 5 -2
4791 8 6 5 -1
4792 8 6 5 0
4793 8 6 5 1
4794 8 6 5 2
4795 8 6 5 3
4796 8 6 5 4
4797 8 6 5 5
4798 8 6 6 -6
4799 8 6 6 -5
4800 8 6 6 -4
4801 8 6 6 -3
4802 8 6 6 -2
4803 8 6 6 -1
4804 8 6 6 0
4805 8 6 6 1
4806 8 6 6 2
4807 8 6 6 3
4808 8 6 6 4
4809 8 6 6 5
4810 8 6 6 6
4811 8 6 7 -7
4812 8 6 7 -6
4813 8 6 7 -5
4814 8 6 7 -4
4815 8 6 7 -3
4816 8 6 7 -2
4817 8 6 7 -1
4818 8 6 7 0
4819 8 6 7 1
4820 8 6 7 2
4821 8 6 7 3
4822 8 6 7 4
4823 8 6 7 5
4824 8 6 7 6
4825 8 6 7 7
4826 8 6 8 -8
4827 8 6 8 -7
4828 8 6 8 -6
4829 8 6 8 -5
4830 8 6 8 -4
4831 8 6 8 -3
4832 8 6 8 -2
4833 8 6 8 -1
4834 8 6 8 0
4835 8 6 8 1
4836 8 6 8 2
4837 8 6 8 3
4838 8 6 8 4
4839 8 6 8 5
4840 8 6 8 6
4841 8 6 8 7
4842 8 6 8 8
4843 8 6 9 -9
4844 8 6 9 -8
4845 8 6 9 -7
4846 8 6 9 -6
4847 8 6 9 -5
4848 8 6 9 -4
4849 8 6 9 -3
4850 8 6 9 -2
4851 8 6 9 -1
4852 8 6 9 0
4853 8 6 9 1
4854 8 6 9 2
4855 8 6 9 3
4856 8 6 9 4
4857 8 6 9 5
4858 8 6 9 6
4859 8 6 9 7
4860 8 6 9 8
4861 8 6 9 9
4862 8 7 1 -1
4863 8 7 1 0
4864 8 7 1 1
4865 8 7 2 -2
4866 8 7 2 -1
4867 8 7 2 0
4868 8 7 2 1
4869 8 7 2 2
4870 8 7 3 -3
4871 8 7 3 -2
4872 8 7 3 -1
4873 8 7 3 0
4874 8 7 3 1
4875 8 7 3 2
4876 8 7 3 3
4877 8 7 4 -4
4878 8 7 4 -3
4879 8 7 4 -2
4880 8 7 4 -1
4881 8 7 4 0
4882 8 7 4 1
4883 8 7 4 2
4884 8 7 4 3
4885 8 7 4 4
4886 8 7 5 -5
4887 8 7 5 -4
4888 8 7 5 -3
4889 8 7 5 -2
4890 8 7 5 -1
4891 8 7 5 0
4892 8 7 5 1
4893 8 7 5 2
4894 8 7 5 3
4895 8 7 5 4
4896 8 7 5 5
4897 8 7 6 -6
4898 8 7 6 -5
4899 8 7 6 -4
4900 8 7 6 -3
4901 8 7 6 -2
4902 8 7 6 -1
4903 8 7 6 0
4904 8 7 6 1
4905 8 7 6 2
4906 8 7 6 3
4907 8 7 6 4
4908 8 7 6 5
4909 8 7 6 6
4910 8 7 7 -7
4911 8 7 7 -6
4912 8 7 7 -5
4913 8 7 7 -4
4914 8 7 7 -3
4915 8 7 7 -2
4916 8 7 7 -1
4917 8 7 7 0
4918 8 7 7 1
4919 8 7 7 2
4920 8 7 7 3
4921 8 7 7 4
4922 8 7 7 5
4923 8 7 7 6
4924 8 7 7 7
4925 8 7 8 -8
4926 8 7 8 -7
4927 8 7 8 -6
4928 8 7 8 -5
4929 8 7 8 -4
4930 8 7 8 -3
4931 8 7 8 -2
4932 8 7 8 -1
4933 8 7 8 0
4934 8 7 8 1
4935 8 7 8 2
4936 8 7 8 3
4937 8 7 8 4
4938 8 7 8 5
4939 8 7 8 6
4940 8 7 8 7
4941 8 7 8 8
4942 8 7 9 -9
4943 8 7 9 -8
4944 8 7 9 -7
4945 8 7 9 -6
4946 8 7 9 -5
4947 8 7 9 -4
4948 8 7 9 -3
4949 8 7 9 -2
4950 8 7 9 -1
4951 8 7 9 0
4952 8 7 9 1
4953 8 7 9 2
4954 8 7 9 3
4955 8 7 9 4
4956 8 7 9 5
4957 8 7 9 6
4958 8 7 9 7
4959 8 7 9 8
4960 8 7 9 9
4961 8 8 0 0
4962 8 8 1 -1
4963 8 8 1 0
4964 8 8 1 1
4965 8 8 2 -2
4966 8 8 2 -1
4967 8 8 2 0
4968 8 8 2 1
4969 8 8 2 2
4970 8 8 3 -3
4971 8 8 3 -2
4972 8 8 3 -1
4973 8 8 3 0
4974 8 8 3 1
4975 8 8 3 2
4976 8 8 3 3
4977 8 8 4 -4
4978 8 8 4 -3
4979 8 8 4 -2
4980 8 8 4 -1
4981 8 8 4 0
4982 8 8 4 1
4983 8 8 4 2
4984 8 8 4 3
4985 8 8 4 4
4986 8 8 5 -5
4987 8 8 5 -4
4988 8 8 5 -3
4989 8 8 5 -2
4990 8 8 5 -1
4991 8 8 5 0
4992 8 8 5 1
4993 8 8 5 2
4994 8 8 5 3
4995 8 8 5 4
4996 8 8 5 5
4997 8 8 6 -6
4998 8 8 6 -5
4999 8 8 6 -4
5000 8 8 6 -3
5001 8 8 6 -2
5002 8 8 6 -1
5003 8 8 6 0
5004 8 8 6 1
5005 8 8 6 2
5006 8 8 6 3
5007 8 8 6 4
5008 8 8 6 5
5009 8 8 6 6
5010 8 8 7 -7
5011 8 8 7 -6
5012 8 8 7 -5
5013 8 8 7 -4
5014 8 8 7 -3
5015 8 8 7 -2
5016 8 8 7 -1
5017 8 8 7 0
5018 8 8 7 1
5019 8 8 7 2
5020 8 8 7 3
5021 8 8 7 4
5022 8 8 7 5
5023 8 8 7 6
5024 8 8 7 7
5025 8 8 8 -8
5026 8 8 8 -7
5027 8 8 8 -6
5028 8 8 8 -5
5029 8 8 8 -4
5030 8 8 8 -3
5031 8 8 8 -2
5032 8 8 8 -1
5033 8 8 8 0
5034 8 8 8 1
5035 8 8 8 2
5036 8 8 8 3
5037 8 8 8 4
5038 8 8 8 5
5039 8 8 8 6
5040 8 8 8 7
5041 8 8 8 8
5042 8 8 9 -9
5043 8 8 9 -8
5044 8 8 9 -7
5045 8 8 9 -6
5046 8 8 9 -5
5047 8 8 9 -4
5048 8 8 9 -3
5049 8 8 9 -2
5050 8 8 9 -1
5051 8 8 9 0
5052 8 8 9 1
5053 8 8 9 2
5054 8 8 9 3
5055 8 8 9 4
5056 8 8 9 5
5057 8 8 9 6
5058 8 8 9 7
5059 8 8 9 8
5060 8 8 9 9
5061 8 9 1 -1
5062 8 9 1 0
5063 8 9 1 1
5064 8 9 2 -2
5065 8 9 2 -1
5066 8 9 2 0
5067 8 9 2 1
5068 8 9 2 2
5069 8 9 3 -3
5070 8 9 3 -2
5071 8 9 3 -1
5072 8 9 3 0
5073 8 9 3 1
5074 8 9 3 2
5075 8 9 3 3
5076 8 9 4 -4
5077 8 9 4 -3
5078 8 9 4 -2
5079 8 9 4 -1
5080 8 9 4 0
5081 8 9 4 1
5082 8 9 4 2
5083 8 9 4 3
5084 8 9 4 4
5085 8 9 5 -5
5086 8 9 5 -4
5087 8 9 5 -3
5088 8 9 5 -2
5089 8 9 5 -1
5090 8 9 5 0
5091 8 9 5 1
5092 8 9 5 2
5093 8 9 5 3
5094 8 9 5 4
5095 8 9 5 5
5096 8 9 6 -6
5097 8 9 6 -5
5098 8 9 6 -4
5099 8 9 6 -3
5100 8 9 6 -2
5101 8 9 6 -1
5102 8 9 6 0
5103 8 9 6 1
5104 8 9 6 2
5105 8 9 6 3
5106 8 9 6 4
5107 8 9 6 5
5108 8 9 6 6
5109 8 9 7 -7
5110 8 9 7 -6
5111 8 9 7 -5
5112 8 9 7 -4
5113 8 9 7 -3
5114 8 9 7 -2
5115 8 9 7 -1
5116 8 9 7 0
5117 8 9 7 1
5118 8 9 7 2
5119 8 9 7 3
5120 8 9 7 4
5121 8 9 7 5
5122 8 9 7 6
5123 8 9 7 7
5124 8 9 8 -8
5125 8 9 8 -7
5126 8 9 8 -6
5127 8 9 8 -5
5128 8 9 8 -4
5129 8 9 8 -3
5130 8 9 8 -2
5131 8 9 8 -1
5132 8 9 8 0
5133 8 9 8 1
5134 8 9 8 2
5135 8 9 8 3
5136 8 9 8 4
5137 8 9 8 5
5138 8 9 8 6
5139 8 9 8 7
5140 8 9 8 8
5141 8 9 9 -9
5142 8 9 9 -8
5143 8 9 9 -7
5144 8 9 9 -6
5145 8 9 9 -5
5146 8 9 9 -4
5147 8 9 9 -3
5148 8 9 9 -2
5149 8 9 9 -1
5150 8 9 9 0
5151 8 9 9 1
5152 8 9 9 2
5153 8 9 9 3
5154 8 9 9 4
5155 8 9 9 5
5156 8 9 9 6
5157 8 9 9 7
5158 8 9 9 8
5159 8 9 9 9
5160 9 0 9 -9
5161 9 0 9 -8
5162 9 0 9 -7
5163 9 0 9 -6
5164 9 0 9 -5
5165 9 0 9 -4
5166 9 0 9 -3
5167 9 0 9 -2
5168 9 0 9 -1
5169 9 0 9 0
5170 9 0 9 1
5171 9 0 9 2
5172 9 0 9 3
5173 9 0 9 4
5174 9 0 9 5
5175 9 0 9 6
5176 9 0 9 7
5177 9 0 9 8
5178 9 0 9 9
5179 9 1 8 -8
5180 9 1 8 -7
5181 9 1 8 -6
5182 9 1 8 -5
5183 9 1 8 -4
5184 9 1 8 -3
5185 9 1 8 -2
5186 9 1 8 -1
5187 9 1 8 0
5188 9 1 8 1
5189 9 1 8 2
5190 9 1 8 3
5191 9 1 8 4
5192 9 1 8 5
5193 9 1 8 6
5194 9 1 8 7
5195 9 1 8 8
5196 9 1 9 -9
5197 9 1 9 -8
5198 9 1 9 -7
5199 9 1 9 -6
5200 9 1 9 -5
5201 9 1 9 -4
5202 9 1 9 -3
5203 9 1 9 -2
5204 9 1 9 -1
5205 9 1 9 0
5206 9 1 9 1
5207 9 1 9 2
5208 9 1 9 3
5209 9 1 9 4
5210 9 1 9 5
5211 9 1 9 6
5212 9 1 9 7
5213 9 1 9 8
5214 9 1 9 9
5215 9 2 7 -7
5216 9 2 7 -6
5217 9 2 7 -5
5218 9 2 7 -4
5219 9 2 7 -3
5220 9 2 7 -2
5221 9 2 7 -1
5222 9 2 7 0
5223 9 2 7 1
5224 9 2 7 2
5225 9 2 7 3
5226 9 2 7 4
5227 9 2 7 5
5228 9 2 7 6
5229 9 2 7 7
5230 9 2 8 -8
5231 9 2 8 -7
5232 9 2 8 -6
5233 9 2 8 -5
5234 9 2 8 -4
5235 9 2 8 -3
5236 9 2 8 -2
5237 9 2 8 -1
5238 9 2 8 0
5239 9 2 8 1
5240 9 2 8 2
5241 9 2 8 3
5242 9 2 8 4
5243 9 2 8 5
5244 9 2 8 6
5245 9 2 8 7
5246 9 2 8 8
5247 9 2 9 -9
5248 9 2 9 -8
5249 9 2 9 -7
5250 9 2 9 -6
5251 9 2 9 -5
5252 9 2 9 -4
5253 9 2 9 -3
5254 9 2 9 -2
5255 9 2 9 -1
5256 9 2 9 0
5257 9 2 9 1
5258 9 2 9 2
5259 9 2 9 3
5260 9 2 9 4
5261 9 2 9 5
5262 9 2 9 6
5263 9 2 9 7
5264 9 2 9 8
5265 9 2 9 9
5266 9 3 6 -6
5267 9 3 6 -5
5268 9 3 6 -4
5269 9 3 6 -3
5270 9 3 6 -2
5271 9 3 6 -1
5272 9 3 6 0
5273 9 3 6 1
5274 9 3 6 2
5275 9 3 6 3
5276 9 3 6 4
5277 9 3 6 5
5278 9 3 6 6
5279 9 3 7 -7
5280 9 3 7 -6
5281 9 3 7 -5
5282 9 3 7 -4
5283 9 3 7 -3
5284 9 3 7 -2
5285 9 3 7 -1
5286 9 3 7 0
5287 9 3 7 1
5288 9 3 7 2
5289 9 3 7 3
5290 9 3 7 4
5291 9 3 7 5
5292 9 3 7 6
5293 9 3 7 7
5294 9 3 8 -8
5295 9 3 8 -7
5296 9 3 8 -6
5297 9 3 8 -5
5298 9 3 8 -4
5299 9 3 8 -3
5300 9 3 8 -2
5301 9 3 8 -1
5302 9 3 8 0
5303 9 3 8 1
5304 9 3 8 2
5305 9 3 8 3
5306 9 3 8 4
5307 9 3 8 5
5308 9 3 8 6
5309 9 3 8 7
5310 9 3 8 8
5311 9 3 9 -9
5312 9 3 9 -8
5313 9 3 9 -7
5314 9 3 9 -6
5315 9 3 9 -5
5316 9 3 9 -4
5317 9 3 9 -3
5318 9 3 9 -2
5319 9 3 9 -1
5320 9 3 9 0
5321 9 3 9 1
5322 9 3 9 2
5323 9 3 9 3
5324 9 3 9 4
5325 9 3 9 5
5326 9 3 9 6
5327 9 3 9 7
5328 9 3 9 8
5329 9 3 9 9
5330 9 4 5 -5
5331 9 4 5 -4
5332 9 4 5 -3
5333 9 4 5 -2
5334 9 4 5 -1
5335 9 4 5 0
5336 9 4 5 1
5337 9 4 5 2
5338 9 4 5 3
5339 9 4 5 4
5340 9 4 5 5
5341 9 4 6 -6
5342 9 4 6 -5
5343 9 4 6 -4
5344 9 4 6 -3
5345 9 4 6 -2
5346 9 4 6 -1
5347 9 4 6 0
5348 9 4 6 1
5349 9 4 6 2
5350 9 4 6 3
5351 9 4 6 4
5352 9 4 6 5
5353 9 4 6 6
5354 9 4 7 -7
5355 9 4 7 -6
5356 9 4 7 -5
5357 9 4 7 -4
5358 9 4 7 -3
5359 9 4 7 -2
5360 9 4 7 -1
5361 9 4 7 0
5362 9 4 7 1
5363 9 4 7 2
5364 9 4 7 3
5365 9 4 7 4
5366 9 4 7 5
5367 9 4 7 6
5368 9 4 7 7
5369 9 4 8 -8
5370 9 4 8 -7
5371 9 4 8 -6
5372 9 4 8 -5
5373 9 4 8 -4
5374 9 4 8 -3
5375 9 4 8 -2
5376 9 4 8 -1
5377 9 4 8 0
5378 9 4 8 1
5379 9 4 8 2
5380 9 4 8 3
5381 9 4 8 4
5382 9 4 8 5
5383 9 4 8 6
5384 9 4 8 7
5385 9 4 8 8
5386 9 4 9 -9
5387 9 4 9 -8
5388 9 4 9 -7
5389 9 4 9 -6
5390 9 4 9 -5
5391 9 4 9 -4
5392 9 4 9 -3
5393 9 4 9 -2
5394 9 4 9 -1
5395 9 4 9 0
5396 9 4 9 1
5397 9 4 9 2
5398 9 4 9 3
5399 9 4 9 4
5400 9 4 9 5
5401 9 4 9 6
5402 9 4 9 7
5403 9 4 9 8
5404 9 4 9 9
5405 9 5 4 -4
5406 9 5 4 -3
5407 9 5 4 -2
5408 9 5 4 -1
5409 9 5 4 0
5410 9 5 4 1
5411 9 5 4 2
5412 9 5 4 3
5413 9 5 4 4
5414 9 5 5 -5
5415 9 5 5 -4
5416 9 5 5 -3
5417 9 5 5 -2
5418 9 5 5 -1
5419 9 5 5 0
5420 9 5 5 1
5421 9 5 5 2
5422 9 5 5 3
5423 9 5 5 4
5424 9 5 5 5
5425 9 5 6 -6
5426 9 5 6 -5
5427 9 5 6 -4
5428 9 5 6 -3
5429 9 5 6 -2
5430 9 5 6 -1
5431 9 5 6 0
5432 9 5 6 1
5433 9 5 6 2
5434 9 5 6 3
5435 9 5 6 4
5436 9 5 6 5
5437 9 5 6 6
5438 9 5 7 -7
5439 9 5 7 -6
5440 9 5 7 -5
5441 9 5 7 -4
5442 9 5 7 -3
5443 9 5 7 -2
5444 9 5 7 -1
5445 9 5 7 0
5446 9 5 7 1
5447 9 5 7 2
5448 9 5 7 3
5449 9 5 7 4
5450 9 5 7 5
5451 9 5 7 6
5452 9 5 7 7
5453 9 5 8 -8
5454 9 5 8 -7
5455 9 5 8 -6
5456 9 5 8 -5
5457 9 5 8 -4
5458 9 5 8 -3
5459 9 5 8 -2
5460 9 5 8 -1
5461 9 5 8 0
5462 9 5 8 1
5463 9 5 8 2
5464 9 5 8 3
5465 9 5 8 4
5466 9 5 8 5
5467 9 5 8 6
5468 9 5 8 7
5469 9 5 8 8
5470 9 5 9 -9
5471 9 5 9 -8
5472 9 5 9 -7
5473 9 5 9 -6
5474 9 5 9 -5
5475 9 5 9 -4
5476 9 5 9 -3
5477 9 5 9 -2
5478 9 5 9 -1
5479 9 5 9 0
5480 9 5 9 1
5481 9 5 9 2
5482 9 5 9 3
5483 9 5 9 4
5484 9 5 9 5
5485 9 5 9 6
5486 9 5 9 7
5487 9 5 9 8
5488 9 5 9 9
5489 9 6 3 -3
5490 9 6 3 -2
5491 9 6 3 -1
5492 9 6 3 0
5493 9 6 3 1
5494 9 6 3 2
5495 9 6 3 3
5496 9 6 4 -4
5497 9 6 4 -3
5498 9 6 4 -2
5499 9 6 4 -1
5500 9 6 4 0
5501 9 6 4 1
5502 9 6 4 2
5503 9 6 4 3
5504 9 6 4 4
5505 9 6 5 -5
5506 9 6 5 -4
5507 9 6 5 -3
5508 9 6 5 -2
5509 9 6 5 -1
5510 9 6 5 0
5511 9 6 5 1
5512 9 6 5 2
5513 9 6 5 3
5514 9 6 5 4
5515 9 6 5 5
5516 9 6 6 -6
5517 9 6 6 -5
5518 9 6 6 -4
5519 9 6 6 -3
5520 9 6 6 -2
5521 9 6 6 -1
5522 9 6 6 0
5523 9 6 6 1
5524 9 6 6 2
5525 9 6 6 3
5526 9 6 6 4
5527 9 6 6 5
5528 9 6 6 6
5529 9 6 7 -7
5530 9 6 7 -6
5531 9 6 7 -5
5532 9 6 7 -4
5533 9 6 7 -3
5534 9 6 7 -2
5535 9 6 7 -1
5536 9 6 7 0
5537 9 6 7 1
5538 9 6 7 2
5539 9 6 7 3
5540 9 6 7 4
5541 9 6 7 5
5542 9 6 7 6
5543 9 6 7 7
5544 9 6 8 -8
5545 9 6 8 -7
5546 9 6 8 -6
5547 9 6 8 -5
5548 9 6 8 -4
5549 9 6 8 -3
5550 9 6 8 -2
5551 9 6 8 -1
5552 9 6 8 0
5553 9 6 8 1
5554 9 6 8 2
5555 9 6 8 3
5556 9 6 8 4
5557 9 6 8 5
5558 9 6 8 6
5559 9 6 8 7
5560 9 6 8 8
5561 9 6 9 -9
5562 9 6 9 -8
5563 9 6 9 -7
5564 9 6 9 -6
5565 9 6 9 -5
5566 9 6 9 -4
5567 9 6 9 -3
5568 9 6 9 -2
5569 9 6 9 -1
5570 9 6 9 0
5571 9 6 9 1
5572 9 6 9 2
5573 9 6 9 3
5574 9 6 9 4
5575 9 6 9 5
5576 9 6 9 6
5577 9 6 9 7
5578 9 6 9 8
5579 9 6 9 9
5580 9 7 2 -2
5581 9 7 2 -1
5582 9 7 2 0
5583 9 7 2 1
5584 9 7 2 2
5585 9 7 3 -3
5586 9 7 3 -2
5587 9 7 3 -1
5588 9 7 3 0
5589 9 7 3 1
5590 9 7 3 2
5591 9 7 3 3
5592 9 7 4 -4
5593 9 7 4 -3
5594 9 7 4 -2
5595 9 7 4 -1
5596 9 7 4 0
5597 9 7 4 1
5598 9 7 4 2
5599 9 7 4 3
5600 9 7 4 4
5601 9 7 5 -5
5602 9 7 5 -4
5603 9 7 5 -3
5604 9 7 5 -2
5605 9 7 5 -1
5606 9 7 5 0
5607 9 7 5 1
5608 9 7 5 2
5609 9 7 5 3
5610 9 7 5 4
5611 9 7 5 5
5612 9 7 6 -6
5613 9 7 6 -5
5614 9 7 6 -4
5615 9 7 6 -3
5616 9 7 6 -2
5617 9 7 6 -1
5618 9 7 6 0
5619 9 7 6 1
5620 9 7 6 2
5621 9 7 6 3
5622 9 7 6 4
5623 9 7 6 5
5624 9 7 6 6
5625 9 7 7 -7
5626 9 7 7 -6
5627 9 7 7 -5
5628 9 7 7 -4
5629 9 7 7 -3
5630 9 7 7 -2
5631 9 7 7 -1
5632 9 7 7 0
5633 9 7 7 1
5634 9 7 7 2
5635 9 7 7 3
5636 9 7 7 4
5637 9 7 7 5
5638 9 7 7 6
5639 9 7 7 7
5640 9 7 8 -8
5641 9 7 8 -7
5642 9 7 8 -6
5643 9 7 8 -5
5644 9 7 8 -4
5645 9 7 8 -3
5646 9 7 8 -2
5647 9 7 8 -1
5648 9 7 8 0
5649 9 7 8 1
5650 9 7 8 2
5651 9 7 8 3
5652 9 7 8 4
5653 9 7 8 5
5654 9 7 8 6
5655 9 7 8 7
5656 9 7 8 8
5657 9 7 9 -9
5658 9 7 9 -8
5659 9 7 9 -7
5660 9 7 9 -6
5661 9 7 9 -5
5662 9 7 9 -4
5663 9 7 9 -3
5664 9 7 9 -2
5665 9 7 9 -1
5666 9 7 9 0
5667 9 7 9 1
5668 9 7 9 2
5669 9 7 9 3
5670 9 7 9 4
5671 9 7 9 5
5672 9 7 9 6
5673 9 7 9 7
5674 9 7 9 8
5675 9 7 9 9
5676 9 8 1 -1
5677 9 8 1 0
5678 9 8 1 1
5679 9 8 2 -2
5680 9 8 2 -1
5681 9 8 2 0
5682 9 8 2 1
5683 9 8 2 2
5684 9 8 3 -3
5685 9 8 3 -2
5686 9 8 3 -1
5687 9 8 3 0
5688 9 8 3 1
5689 9 8 3 2
5690 9 8 3 3
5691 9 8 4 -4
5692 9 8 4 -3
5693 9 8 4 -2
5694 9 8 4 -1
5695 9 8 4 0
5696 9 8 4 1
5697 9 8 4 2
5698 9 8 4 3
5699 9 8 4 4
5700 9 8 5 -5
5701 9 8 5 -4
5702 9 8 5 -3
5703 9 8 5 -2
5704 9 8 5 -1
5705 9 8 5 0
5706 9 8 5 1
5707 9 8 5 2
5708 9 8 5 3
5709 9 8 5 4
5710 9 8 5 5
5711 9 8 6 -6
5712 9 8 6 -5
5713 9 8 6 -4
5714 9 8 6 -3
5715 9 8 6 -2
5716 9 8 6 -1
5717 9 8 6 0
5718 9 8 6 1
5719 9 8 6 2
5720 9 8 6 3
5721 9 8 6 4
5722 9 8 6 5
5723 9 8 6 6
5724 9 8 7 -7
5725 9 8 7 -6
5726 9 8 7 -5
5727 9 8 7 -4
5728 9 8 7 -3
5729 9 8 7 -2
5730 9 8 7 -1
5731 9 8 7 0
5732 9 8 7 1
5733 9 8 7 2
5734 9 8 7 3
5735 9 8 7 4
5736 9 8 7 5
5737 9 8 7 6
5738 9 8 7 7
5739 9 8 8 -8
5740 9 8 8 -7
5741 9 8 8 -6
5742 9 8 8 -5
5743 9 8 8 -4
5744 9 8 8 -3
5745 9 8 8 -2
5746 9 8 8 -1
5747 9 8 8 0
5748 9 8 8 1
5749 9 8 8 2
5750 9 8 8 3
5751 9 8 8 4
5752 9 8 8 5
5753 9 8 8 6
5754 9 8 8 7
5755 9 8 8 8
5756 9 8 9 -9
5757 9 8 9 -8
5758 9 8 9 -7
5759 9 8 9 -6
5760 9 8 9 -5
5761 9 8 9 -4
5762 9 8 9 -3
5763 9 8 9 -2
5764 9 8 9 -1
5765 9 8 9 0
5766 9 8 9 1
5767 9 8 9 2
5768 9 8 9 3
5769 9 8 9 4
5770 9 8 9 5
5771 9 8 9 6
5772 9 8 9 7
5773 9 8 9 8
5774 9 8 9 9
5775 9 9 0 0
5776 9 9 1 -1
5777 9 9 1 0
5778 9 9 1 1
5779 9 9 2 -2
5780 9 9 2 -1
5781 9 9 2 0
5782 9 9 2 1
5783 9 9 2 2
5784 9 9 3 -3
5785 9 9 3 -2
5786 9 9 3 -1
5787 9 9 3 0
5788 9 9 3 1
5789 9 9 3 2
5790 9 9 3 3
5791 9 9 4 -4
5792 9 9 4 -3
5793 9 9 4 -2
5794 9 9 4 -1
5795 9 9 4 0
5796 9 9 4 1
5797 9 9 4 2
5798 9 9 4 3
5799 9 9 4 4
5800 9 9 5 -5
5801 9 9 5 -4
5802 9 9 5 -3
5803 9 9 5 -2
5804 9 9 5 -1
5805 9 9 5 0
5806 9 9 5 1
5807 9 9 5 2
5808 9 9 5 3
5809 9 9 5 4
5810 9 9 5 5
5811 9 9 6 -6
5812 9 9 6 -5
5813 9 9 6 -4
5814 9 9 6 -3
5815 9 9 6 -2
5816 9 9 6 -1
5817 9 9 6 0
5818 9 9 6 1
5819 9 9 6 2
5820 9 9 6 3
5821 9 9 6 4
5822 9 9 6 5
5823 9 9 6 6
5824 9 9 7 -7
5825 9 9 7 -6
5826 9 9 7 -5
5827 9 9 7 -4
5828 9 9 7 -3
5829 9 9 7 -2
5830 9 9 7 -1
5831 9 9 7 0
5832 9 9 7 1
5833 9 9 7 2
5834 9 9 7 3
5835 9 9 7 4
5836 9 9 7 5
5837 9 9 7 6
5838 9 9 7 7
5839 9 9 8 -8
5840 9 9 8 -7
5841 9 9 8 -6
5842 9 9 8 -5
5843 9 9 8 -4
5844 9 9 8 -3
5845 9 9 8 -2
5846 9 9 8 -1
5847 9 9 8 0
5848 9 9 8 1
5849 9 9 8 2
5850 9 9 8 3
5851 9 9 8 4
5852 9 9 8 5
5853 9 9 8 6
5854 9 9 8 7
5855 9 9 8 8
5856 9 9 9 -9
5857 9 9 9 -8
5858 9 9 9 -7
5859 9 9 9 -6
5860 9 9 9 -5
5861 9 9 9 -4
5862 9 9 9 -3
5863 9 9 9 -2
5864 9 9 9 -1
5865 9 9 9 0
5866 9 9 9 1
5867 9 9 9 2
5868 9 9 9 3
5869 9 9 9 4
5870 9 9 9 5
5871 9 9 9 6
5872 9 9 9 7
5873 9 9 9 8
5874 9 9 9 9
