1 0 1 1 -1
2 0 1 1 0
3 0 1 1 1
4 0 2 2 -2
5 0 2 2 -1
6 0 2 2 0
7 0 2 2 1
8 0 2 2 2
9 0 3 3 -3
10 0 3 3 -2
11 0 3 3 -1
12 0 3 3 0
13 0 3 3 1
14 0 3 3 2
15 0 3 3 3
16 0 4 4 -4
17 0 4 4 -3
18 0 4 4 -2
19 0 4 4 -1
20 0 4 4 0
21 0 4 4 1
22 0 4 4 2
23 0 4 4 3
24 0 4 4 4
25 1 0 1 -1
26 1 0 1 0
27 1 0 1 1
28 1 1 0 0
29 1 1 1 -1
30 1 1 1 0
31 1 1 1 1
32 1 1 2 -2
33 1 1 2 -1
34 1 1 2 0
35 1 1 2 1
36 1 1 2 2
37 1 2 1 -1
38 1 2 1 0
39 1 2 1 1
40 1 2 2 -2
41 1 2 2 -1
42 1 2 2 0
43 1 2 2 1
44 1 2 2 2
45 1 2 3 -3
46 1 2 3 -2
47 1 2 3 -1
48 1 2 3 0
49 1 2 3 1
50 1 2 3 2
51 1 2 3 3
52 1 3 2 -2
53 1 3 2 -1
54 1 3 2 0
55 1 3 2 1
56 1 3 2 2
57 1 3 3 -3
58 1 3 3 -2
59 1 3 3 -1
60 1 3 3 0
61 1 3 3 1
62 1 3 3 2
63 1 3 3 3
64 1 3 4 -4
65 1 3 4 -3
66 1 3 4 -2
67 1 3 4 -1
68 1 3 4 0
69 1 3 4 1
70 1 3 4 2
71 1 3 4 3
72 1 3 4 4
73 1 4 3 -3
74 1 4 3 -2
75 1 4 3 -1
76 1 4 3 0
77 1 4 3 1
78 1 4 3 2
79 1 4 3 3
80 1 4 4 -4
81 1 4 4 -3
82 1 4 4 -2
83 1 4 4 -1
84 1 4 4 0
85 1 4 4 1
86 1 4 4 2
87 1 4 4 3
88 1 4 4 4
89 2 0 2 -2
90 2 0 2 -1
91 2 0 2 0
92 2 0 2 1
93 2 0 2 2
94 2 1 1 -1
95 2 1 1 0
96 2 1 1 1
97 2 1 2 -2
98 2 1 2 -1
99 2 1 2 0
100 2 1 2 1
101 2 1 2 2
102 2 1 3 -3
103 2 1 3 -2
104 2 1 3 -1
105 2 1 3 0
106 2 1 3 1
107 2 1 3 2
108 2 1 3 3
109 2 2 0 0
110 2 2 1 -1
111 2 2 1 0
112 2 2 1 1
113 2 2 2 -2
114 2 2 2 -1
115 2 2 2 0
116 2 2 2 1
117 2 2 2 2
118 2 2 3 -3
119 2 2 3 -2
120 2 2 3 -1
121 2 2 3 0
122 2 2 3 1
123 2 2 3 2
124 2 2 3 3
125 2 2 4 -4
126 2 2 4 -3
127 2 2 4 -2
128 2 2 4 -1
129 2 2 4 0
130 2 2 4 1
131 2 2 4 2
132 2 2 4 3
133 2 2 4 4
134 2 3 1 -1
135 2 3 1 0
136 2 3 1 1
137 2 3 2 -2
138 2 3 2 -1
139 2 3 2 0
140 2 3 2 1
141 2 3 2 2
142 2 3 3 -3
143 2 3 3 -2
144 2 3 3 -1
145 2 3 3 0
146 2 3 3 1
147 2 3 3 2
148 2 3 3 3
149 2 3 4 -4
150 2 3 4 -3
151 2 3 4 -2
152 2 3 4 -1
153 2 3 4 0
154 2 3 4 1
155 2 3 4 2
156 2 3 4 3
157 2 3 4 4
158 2 4 2 -2
159 2 4 2 -1
160 2 4 2 0
161 2 4 2 1
162 2 4 2 2
163 2 4 3 -3
164 2 4 3 -2
165 2 4 3 -1
166 2 4 3 0
167 2 4 3 1
168 2 4 3 2
169 2 4 3 3
170 2 4 4 -4
171 2 4 4 -3
172 2 4 4 -2
173 2 4 4 -1
174 2 4 4 0
175 2 4 4 1
176 2 4 4 2
177 2 4 4 3
178 2 4 4 4
179 3 0 3 -3
180 3 0 3 -2
181 3 0 3 -1
182 3 0 3 0
183 3 0 3 1
184 3 0 3 2
185 3 0 3 3
186 3 1 2 -2
187 3 1 2 -1
188 3 1 2 0
189 3 1 2 1
190 3 1 2 2
191 3 1 3 -3
192 3 1 3 -2
193 3 1 3 -1
194 3 1 3 0
195 3 1 3 1
196 3 1 3 2
197 3 1 3 3
198 3 1 4 -4
199 3 1 4 -3
200 3 1 4 -2
201 3 1 4 -1
202 3 1 4 0
203 3 1 4 1
204 3 1 4 2
205 3 1 4 3
206 3 1 4 4
207 3 2 1 -1
208 3 2 1 0
209 3 2 1 1
210 3 2 2 -2
211 3 2 2 -1
212 3 2 2 0
213 3 2 2 1
214 3 2 2 2
215 3 2 3 -3
216 3 2 3 -2
217 3 2 3 -1
218 3 2 3 0
219 3 2 3 1
220 3 2 3 2
221 3 2 3 3
222 3 2 4 -4
223 3 2 4 -3
224 3 2 4 -2
225 3 2 4 -1
226 3 2 4 0
227 3 2 4 1
228 3 2 4 2
229 3 2 4 3
230 3 2 4 4
231 3 3 0 0
232 3 3 1 -1
233 3 3 1 0
234 3 3 1 1
235 3 3 2 -2
236 3 3 2 -1
237 3 3 2 0
238 3 3 2 1
239 3 3 2 2
240 3 3 3 -3
241 3 3 3 -2
242 3 3 3 -1
243 3 3 3 0
244 3 3 3 1
245 3 3 3 2
246 3 3 3 3
247 3 3 4 -4
248 3 3 4 -3
249 3 3 4 -2
250 3 3 4 -1
251 3 3 4 0
252 3 3 4 1
253 3 3 4 2
254 3 3 4 3
255 3 3 4 4
256 3 4 1 -1
257 3 4 1 0
258 3 4 1 1
259 3 4 2 -2
260 3 4 2 -1
261 3 4 2 0
262 3 4 2 1
263 3 4 2 2
264 3 4 3 -3
265 3 4 3 -2
266 3 4 3 -1
267 3 4 3 0
268 3 4 3 1
269 3 4 3 2
270 3 4 3 3
271 3 4 4 -4
272 3 4 4 -3
273 3 4 4 -2
274 3 4 4 -1
275 3 4 4 0
276 3 4 4 1
277 3 4 4 2
278 3 4 4 3
279 3 4 4 4
280 4 0 4 -4
281 4 0 4 -3
282 4 0 4 -2
283 4 0 4 -1
284 4 0 4 0
285 4 0 4 1
286 4 0 4 2
287 4 0 4 3
288 4 0 4 4
289 4 1 3 -3
290 4 1 3 -2
291 4 1 3 -1
292 4 1 3 0
293 4 1 3 1
294 4 1 3 2
295 4 1 3 3
296 4 1 4 -4
297 4 1 4 -3
298 4 1 4 -2
299 4 1 4 -1
300 4 1 4 0
301 4 1 4 1
302 4 1 4 2
303 4 1 4 3
304 4 1 4 4
305 4 2 2 -2
306 4 2 2 -1
307 4 2 2 0
308 4 2 2 1
309 4 2 2 2
310 4 2 3 -3
311 4 2 3 -2
312 4 2 3 -1
313 4 2 3 0
314 4 2 3 1
315 4 2 3 2
316 4 2 3 3
317 4 2 4 -4
318 4 2 4 -3
319 4 2 4 -2
320 4 2 4 -1
321 4 2 4 0
322 4 2 4 1
323 4 2 4 2
324 4 2 4 3
325 4 2 4 4
326 4 3 1 -1
327 4 3 1 0
328 4 3 1 1
329 4 3 2 -2
330 4 3 2 -1
331 4 3 2 0
332 4 3 2 1
333 4 3 2 2
334 4 3 3 -3
335 4 3 3 -2
336 4 3 3 -1
337 4 3 3 0
338 4 3 3 1
339 4 3 3 2
340 4 3 3 3
341 4 3 4 -4
342 4 3 4 -3
343 4 3 4 -2
344 4 3 4 -1
345 4 3 4 0
346 4 3 4 1
347 4 3 4 2
348 4 3 4 3
349 4 3 4 4
350 4 4 0 0
351 4 4 1 -1
352 4 4 1 0
353 4 4 1 1
354 4 4 2 -2
355 4 4 2 -1
356 4 4 2 0
357 4 4 2 1
358 4 4 2 2
359 4 4 3 -3
360 4 4 3 -2
361 4 4 3 -1
362 4 4 3 0
363 4 4 3 1
364 4 4 3 2
365 4 4 3 3
366 4 4 4 -4
367 4 4 4 -3
368 4 4 4 -2
369 4 4 4 -1
370 4 4 4 0
371 4 4 4 1
372 4 4 4 2
373 4 4 4 3
374 4 4 4 4
