1 1 1.00000000000000000000000000000000000000000000000e+00
2 2 1.00000000000000000000000000000000000000000000000e+00
3 3 1.00000000000000000000000000000000000000000000000e+00
4 4 3.00000000000000000000000000000000000000000000000e+00
5 5 3.00000000000000000000000000000000000000000000000e+00
6 6 3.00000000000000000000000000000000000000000000000e+00
7 7 3.00000000000000000000000000000000000000000000000e+00
8 8 3.00000000000000000000000000000000000000000000000e+00
9 9 6.00000000000000000000000000000000000000000000000e+00
10 10 6.00000000000000000000000000000000000000000000000e+00
11 11 6.00000000000000000000000000000000000000000000000e+00
12 12 6.00000000000000000000000000000000000000000000000e+00
13 13 6.00000000000000000000000000000000000000000000000e+00
14 14 6.00000000000000000000000000000000000000000000000e+00
15 15 6.00000000000000000000000000000000000000000000000e+00
16 16 1.00000000000000000000000000000000000000000000000e+01
17 17 1.00000000000000000000000000000000000000000000000e+01
18 18 1.00000000000000000000000000000000000000000000000e+01
19 19 1.00000000000000000000000000000000000000000000000e+01
20 20 1.00000000000000000000000000000000000000000000000e+01
21 21 1.00000000000000000000000000000000000000000000000e+01
22 22 1.00000000000000000000000000000000000000000000000e+01
23 23 1.00000000000000000000000000000000000000000000000e+01
24 24 1.00000000000000000000000000000000000000000000000e+01
28 28 1.00000000000000000000000000000000000000000000000e+00
29 29 1.00000000000000000000000000000000000000000000000e+00
30 30 1.00000000000000000000000000000000000000000000000e+00
31 31 1.00000000000000000000000000000000000000000000000e+00
32 32 1.00000000000000000000000000000000000000000000000e+00
33 33 1.00000000000000000000000000000000000000000000000e+00
34 34 1.00000000000000000000000000000000000000000000000e+00
35 35 1.00000000000000000000000000000000000000000000000e+00
36 36 1.00000000000000000000000000000000000000000000000e+00
37 37 3.00000000000000000000000000000000000000000000000e+00
38 38 3.00000000000000000000000000000000000000000000000e+00
39 39 3.00000000000000000000000000000000000000000000000e+00
40 40 3.00000000000000000000000000000000000000000000000e+00
41 41 3.00000000000000000000000000000000000000000000000e+00
42 42 3.00000000000000000000000000000000000000000000000e+00
43 43 3.00000000000000000000000000000000000000000000000e+00
44 44 3.00000000000000000000000000000000000000000000000e+00
45 45 3.00000000000000000000000000000000000000000000000e+00
46 46 3.00000000000000000000000000000000000000000000000e+00
47 47 3.00000000000000000000000000000000000000000000000e+00
48 48 3.00000000000000000000000000000000000000000000000e+00
49 49 3.00000000000000000000000000000000000000000000000e+00
50 50 3.00000000000000000000000000000000000000000000000e+00
51 51 3.00000000000000000000000000000000000000000000000e+00
52 52 6.00000000000000000000000000000000000000000000000e+00
53 53 6.00000000000000000000000000000000000000000000000e+00
54 54 6.00000000000000000000000000000000000000000000000e+00
55 55 6.00000000000000000000000000000000000000000000000e+00
56 56 6.00000000000000000000000000000000000000000000000e+00
57 57 6.00000000000000000000000000000000000000000000000e+00
58 58 6.00000000000000000000000000000000000000000000000e+00
59 59 6.00000000000000000000000000000000000000000000000e+00
60 60 6.00000000000000000000000000000000000000000000000e+00
61 61 6.00000000000000000000000000000000000000000000000e+00
62 62 6.00000000000000000000000000000000000000000000000e+00
63 63 6.00000000000000000000000000000000000000000000000e+00
64 64 6.00000000000000000000000000000000000000000000000e+00
65 65 6.00000000000000000000000000000000000000000000000e+00
66 66 6.00000000000000000000000000000000000000000000000e+00
67 67 6.00000000000000000000000000000000000000000000000e+00
68 68 6.00000000000000000000000000000000000000000000000e+00
69 69 6.00000000000000000000000000000000000000000000000e+00
70 70 6.00000000000000000000000000000000000000000000000e+00
71 71 6.00000000000000000000000000000000000000000000000e+00
72 72 6.00000000000000000000000000000000000000000000000e+00
73 73 1.00000000000000000000000000000000000000000000000e+01
74 74 1.00000000000000000000000000000000000000000000000e+01
75 75 1.00000000000000000000000000000000000000000000000e+01
76 76 1.00000000000000000000000000000000000000000000000e+01
77 77 1.00000000000000000000000000000000000000000000000e+01
78 78 1.00000000000000000000000000000000000000000000000e+01
79 79 1.00000000000000000000000000000000000000000000000e+01
80 80 1.00000000000000000000000000000000000000000000000e+01
81 81 1.00000000000000000000000000000000000000000000000e+01
82 82 1.00000000000000000000000000000000000000000000000e+01
83 83 1.00000000000000000000000000000000000000000000000e+01
84 84 1.00000000000000000000000000000000000000000000000e+01
85 85 1.00000000000000000000000000000000000000000000000e+01
86 86 1.00000000000000000000000000000000000000000000000e+01
87 87 1.00000000000000000000000000000000000000000000000e+01
88 88 1.00000000000000000000000000000000000000000000000e+01
94 94 1.00000000000000000000000000000000000000000000000e+00
95 95 1.00000000000000000000000000000000000000000000000e+00
96 96 1.00000000000000000000000000000000000000000000000e+00
97 97 1.00000000000000000000000000000000000000000000000e+00
98 98 1.00000000000000000000000000000000000000000000000e+00
99 99 1.00000000000000000000000000000000000000000000000e+00
100 100 1.00000000000000000000000000000000000000000000000e+00
101 101 1.00000000000000000000000000000000000000000000000e+00
102 102 1.00000000000000000000000000000000000000000000000e+00
103 103 1.00000000000000000000000000000000000000000000000e+00
104 104 1.00000000000000000000000000000000000000000000000e+00
105 105 1.00000000000000000000000000000000000000000000000e+00
106 106 1.00000000000000000000000000000000000000000000000e+00
107 107 1.00000000000000000000000000000000000000000000000e+00
108 108 1.00000000000000000000000000000000000000000000000e+00
109 109 3.00000000000000000000000000000000000000000000000e+00
110 110 3.00000000000000000000000000000000000000000000000e+00
111 111 3.00000000000000000000000000000000000000000000000e+00
112 112 3.00000000000000000000000000000000000000000000000e+00
113 113 3.00000000000000000000000000000000000000000000000e+00
114 114 3.00000000000000000000000000000000000000000000000e+00
115 115 3.00000000000000000000000000000000000000000000000e+00
116 116 3.00000000000000000000000000000000000000000000000e+00
117 117 3.00000000000000000000000000000000000000000000000e+00
118 118 3.00000000000000000000000000000000000000000000000e+00
119 119 3.00000000000000000000000000000000000000000000000e+00
120 120 3.00000000000000000000000000000000000000000000000e+00
121 121 3.00000000000000000000000000000000000000000000000e+00
122 122 3.00000000000000000000000000000000000000000000000e+00
123 123 3.00000000000000000000000000000000000000000000000e+00
124 124 3.00000000000000000000000000000000000000000000000e+00
125 125 3.00000000000000000000000000000000000000000000000e+00
126 126 3.00000000000000000000000000000000000000000000000e+00
127 127 3.00000000000000000000000000000000000000000000000e+00
128 128 3.00000000000000000000000000000000000000000000000e+00
129 129 3.00000000000000000000000000000000000000000000000e+00
130 130 3.00000000000000000000000000000000000000000000000e+00
131 131 3.00000000000000000000000000000000000000000000000e+00
132 132 3.00000000000000000000000000000000000000000000000e+00
133 133 3.00000000000000000000000000000000000000000000000e+00
134 134 6.00000000000000000000000000000000000000000000000e+00
135 135 6.00000000000000000000000000000000000000000000000e+00
136 136 6.00000000000000000000000000000000000000000000000e+00
137 137 6.00000000000000000000000000000000000000000000000e+00
138 138 6.00000000000000000000000000000000000000000000000e+00
139 139 6.00000000000000000000000000000000000000000000000e+00
140 140 6.00000000000000000000000000000000000000000000000e+00
141 141 6.00000000000000000000000000000000000000000000000e+00
142 142 6.00000000000000000000000000000000000000000000000e+00
143 143 6.00000000000000000000000000000000000000000000000e+00
144 144 6.00000000000000000000000000000000000000000000000e+00
145 145 6.00000000000000000000000000000000000000000000000e+00
146 146 6.00000000000000000000000000000000000000000000000e+00
147 147 6.00000000000000000000000000000000000000000000000e+00
148 148 6.00000000000000000000000000000000000000000000000e+00
149 149 6.00000000000000000000000000000000000000000000000e+00
150 150 6.00000000000000000000000000000000000000000000000e+00
151 151 6.00000000000000000000000000000000000000000000000e+00
152 152 6.00000000000000000000000000000000000000000000000e+00
153 153 6.00000000000000000000000000000000000000000000000e+00
154 154 6.00000000000000000000000000000000000000000000000e+00
155 155 6.00000000000000000000000000000000000000000000000e+00
156 156 6.00000000000000000000000000000000000000000000000e+00
157 157 6.00000000000000000000000000000000000000000000000e+00
158 158 1.00000000000000000000000000000000000000000000000e+01
159 159 1.00000000000000000000000000000000000000000000000e+01
160 160 1.00000000000000000000000000000000000000000000000e+01
161 161 1.00000000000000000000000000000000000000000000000e+01
162 162 1.00000000000000000000000000000000000000000000000e+01
163 163 1.00000000000000000000000000000000000000000000000e+01
164 164 1.00000000000000000000000000000000000000000000000e+01
165 165 1.00000000000000000000000000000000000000000000000e+01
166 166 1.00000000000000000000000000000000000000000000000e+01
167 167 1.00000000000000000000000000000000000000000000000e+01
168 168 1.00000000000000000000000000000000000000000000000e+01
169 169 1.00000000000000000000000000000000000000000000000e+01
170 170 1.00000000000000000000000000000000000000000000000e+01
171 171 1.00000000000000000000000000000000000000000000000e+01
172 172 1.00000000000000000000000000000000000000000000000e+01
173 173 1.00000000000000000000000000000000000000000000000e+01
174 174 1.00000000000000000000000000000000000000000000000e+01
175 175 1.00000000000000000000000000000000000000000000000e+01
176 176 1.00000000000000000000000000000000000000000000000e+01
177 177 1.00000000000000000000000000000000000000000000000e+01
178 178 1.00000000000000000000000000000000000000000000000e+01
186 186 1.00000000000000000000000000000000000000000000000e+00
187 187 1.00000000000000000000000000000000000000000000000e+00
188 188 1.00000000000000000000000000000000000000000000000e+00
189 189 1.00000000000000000000000000000000000000000000000e+00
190 190 1.00000000000000000000000000000000000000000000000e+00
191 191 1.00000000000000000000000000000000000000000000000e+00
192 192 1.00000000000000000000000000000000000000000000000e+00
193 193 1.00000000000000000000000000000000000000000000000e+00
194 194 1.00000000000000000000000000000000000000000000000e+00
195 195 1.00000000000000000000000000000000000000000000000e+00
196 196 1.00000000000000000000000000000000000000000000000e+00
197 197 1.00000000000000000000000000000000000000000000000e+00
198 198 1.00000000000000000000000000000000000000000000000e+00
199 199 1.00000000000000000000000000000000000000000000000e+00
200 200 1.00000000000000000000000000000000000000000000000e+00
201 201 1.00000000000000000000000000000000000000000000000e+00
202 202 1.00000000000000000000000000000000000000000000000e+00
203 203 1.00000000000000000000000000000000000000000000000e+00
204 204 1.00000000000000000000000000000000000000000000000e+00
205 205 1.00000000000000000000000000000000000000000000000e+00
206 206 1.00000000000000000000000000000000000000000000000e+00
207 207 3.00000000000000000000000000000000000000000000000e+00
208 208 3.00000000000000000000000000000000000000000000000e+00
209 209 3.00000000000000000000000000000000000000000000000e+00
210 210 3.00000000000000000000000000000000000000000000000e+00
211 211 3.00000000000000000000000000000000000000000000000e+00
212 212 3.00000000000000000000000000000000000000000000000e+00
213 213 3.00000000000000000000000000000000000000000000000e+00
214 214 3.00000000000000000000000000000000000000000000000e+00
215 215 3.00000000000000000000000000000000000000000000000e+00
216 216 3.00000000000000000000000000000000000000000000000e+00
217 217 3.00000000000000000000000000000000000000000000000e+00
218 218 3.00000000000000000000000000000000000000000000000e+00
219 219 3.00000000000000000000000000000000000000000000000e+00
220 220 3.00000000000000000000000000000000000000000000000e+00
221 221 3.00000000000000000000000000000000000000000000000e+00
222 222 3.00000000000000000000000000000000000000000000000e+00
223 223 3.00000000000000000000000000000000000000000000000e+00
224 224 3.00000000000000000000000000000000000000000000000e+00
225 225 3.00000000000000000000000000000000000000000000000e+00
226 226 3.00000000000000000000000000000000000000000000000e+00
227 227 3.00000000000000000000000000000000000000000000000e+00
228 228 3.00000000000000000000000000000000000000000000000e+00
229 229 3.00000000000000000000000000000000000000000000000e+00
230 230 3.00000000000000000000000000000000000000000000000e+00
231 231 6.00000000000000000000000000000000000000000000000e+00
232 232 6.00000000000000000000000000000000000000000000000e+00
233 233 6.00000000000000000000000000000000000000000000000e+00
234 234 6.00000000000000000000000000000000000000000000000e+00
235 235 6.00000000000000000000000000000000000000000000000e+00
236 236 6.00000000000000000000000000000000000000000000000e+00
237 237 6.00000000000000000000000000000000000000000000000e+00
238 238 6.00000000000000000000000000000000000000000000000e+00
239 239 6.00000000000000000000000000000000000000000000000e+00
240 240 6.00000000000000000000000000000000000000000000000e+00
241 241 6.00000000000000000000000000000000000000000000000e+00
242 242 6.00000000000000000000000000000000000000000000000e+00
243 243 6.00000000000000000000000000000000000000000000000e+00
244 244 6.00000000000000000000000000000000000000000000000e+00
245 245 6.00000000000000000000000000000000000000000000000e+00
246 246 6.00000000000000000000000000000000000000000000000e+00
247 247 6.00000000000000000000000000000000000000000000000e+00
248 248 6.00000000000000000000000000000000000000000000000e+00
249 249 6.00000000000000000000000000000000000000000000000e+00
250 250 6.00000000000000000000000000000000000000000000000e+00
251 251 6.00000000000000000000000000000000000000000000000e+00
252 252 6.00000000000000000000000000000000000000000000000e+00
253 253 6.00000000000000000000000000000000000000000000000e+00
254 254 6.00000000000000000000000000000000000000000000000e+00
255 255 6.00000000000000000000000000000000000000000000000e+00
256 256 1.00000000000000000000000000000000000000000000000e+01
257 257 1.00000000000000000000000000000000000000000000000e+01
258 258 1.00000000000000000000000000000000000000000000000e+01
259 259 1.00000000000000000000000000000000000000000000000e+01
260 260 1.00000000000000000000000000000000000000000000000e+01
261 261 1.00000000000000000000000000000000000000000000000e+01
262 262 1.00000000000000000000000000000000000000000000000e+01
263 263 1.00000000000000000000000000000000000000000000000e+01
264 264 1.00000000000000000000000000000000000000000000000e+01
265 265 1.00000000000000000000000000000000000000000000000e+01
266 266 1.00000000000000000000000000000000000000000000000e+01
267 267 1.00000000000000000000000000000000000000000000000e+01
268 268 1.00000000000000000000000000000000000000000000000e+01
269 269 1.00000000000000000000000000000000000000000000000e+01
270 270 1.00000000000000000000000000000000000000000000000e+01
271 271 1.00000000000000000000000000000000000000000000000e+01
272 272 1.00000000000000000000000000000000000000000000000e+01
273 273 1.00000000000000000000000000000000000000000000000e+01
274 274 1.00000000000000000000000000000000000000000000000e+01
275 275 1.00000000000000000000000000000000000000000000000e+01
276 276 1.00000000000000000000000000000000000000000000000e+01
277 277 1.00000000000000000000000000000000000000000000000e+01
278 278 1.00000000000000000000000000000000000000000000000e+01
279 279 1.00000000000000000000000000000000000000000000000e+01
289 289 1.00000000000000000000000000000000000000000000000e+00
290 290 1.00000000000000000000000000000000000000000000000e+00
291 291 1.00000000000000000000000000000000000000000000000e+00
292 292 1.00000000000000000000000000000000000000000000000e+00
293 293 1.00000000000000000000000000000000000000000000000e+00
294 294 1.00000000000000000000000000000000000000000000000e+00
295 295 1.00000000000000000000000000000000000000000000000e+00
296 296 1.00000000000000000000000000000000000000000000000e+00
297 297 1.00000000000000000000000000000000000000000000000e+00
298 298 1.00000000000000000000000000000000000000000000000e+00
299 299 1.00000000000000000000000000000000000000000000000e+00
300 300 1.00000000000000000000000000000000000000000000000e+00
301 301 1.00000000000000000000000000000000000000000000000e+00
302 302 1.00000000000000000000000000000000000000000000000e+00
303 303 1.00000000000000000000000000000000000000000000000e+00
304 304 1.00000000000000000000000000000000000000000000000e+00
305 305 3.00000000000000000000000000000000000000000000000e+00
306 306 3.00000000000000000000000000000000000000000000000e+00
307 307 3.00000000000000000000000000000000000000000000000e+00
308 308 3.00000000000000000000000000000000000000000000000e+00
309 309 3.00000000000000000000000000000000000000000000000e+00
310 310 3.00000000000000000000000000000000000000000000000e+00
311 311 3.00000000000000000000000000000000000000000000000e+00
312 312 3.00000000000000000000000000000000000000000000000e+00
313 313 3.00000000000000000000000000000000000000000000000e+00
314 314 3.00000000000000000000000000000000000000000000000e+00
315 315 3.00000000000000000000000000000000000000000000000e+00
316 316 3.00000000000000000000000000000000000000000000000e+00
317 317 3.00000000000000000000000000000000000000000000000e+00
318 318 3.00000000000000000000000000000000000000000000000e+00
319 319 3.00000000000000000000000000000000000000000000000e+00
320 320 3.00000000000000000000000000000000000000000000000e+00
321 321 3.00000000000000000000000000000000000000000000000e+00
322 322 3.00000000000000000000000000000000000000000000000e+00
323 323 3.00000000000000000000000000000000000000000000000e+00
324 324 3.00000000000000000000000000000000000000000000000e+00
325 325 3.00000000000000000000000000000000000000000000000e+00
326 326 6.00000000000000000000000000000000000000000000000e+00
327 327 6.00000000000000000000000000000000000000000000000e+00
328 328 6.00000000000000000000000000000000000000000000000e+00
329 329 6.00000000000000000000000000000000000000000000000e+00
330 330 6.00000000000000000000000000000000000000000000000e+00
331 331 6.00000000000000000000000000000000000000000000000e+00
332 332 6.00000000000000000000000000000000000000000000000e+00
333 333 6.00000000000000000000000000000000000000000000000e+00
334 334 6.00000000000000000000000000000000000000000000000e+00
335 335 6.00000000000000000000000000000000000000000000000e+00
336 336 6.00000000000000000000000000000000000000000000000e+00
337 337 6.00000000000000000000000000000000000000000000000e+00
338 338 6.00000000000000000000000000000000000000000000000e+00
339 339 6.00000000000000000000000000000000000000000000000e+00
340 340 6.00000000000000000000000000000000000000000000000e+00
341 341 6.00000000000000000000000000000000000000000000000e+00
342 342 6.00000000000000000000000000000000000000000000000e+00
343 343 6.00000000000000000000000000000000000000000000000e+00
344 344 6.00000000000000000000000000000000000000000000000e+00
345 345 6.00000000000000000000000000000000000000000000000e+00
346 346 6.00000000000000000000000000000000000000000000000e+00
347 347 6.00000000000000000000000000000000000000000000000e+00
348 348 6.00000000000000000000000000000000000000000000000e+00
349 349 6.00000000000000000000000000000000000000000000000e+00
350 350 1.00000000000000000000000000000000000000000000000e+01
351 351 1.00000000000000000000000000000000000000000000000e+01
352 352 1.00000000000000000000000000000000000000000000000e+01
353 353 1.00000000000000000000000000000000000000000000000e+01
354 354 1.00000000000000000000000000000000000000000000000e+01
355 355 1.00000000000000000000000000000000000000000000000e+01
356 356 1.00000000000000000000000000000000000000000000000e+01
357 357 1.00000000000000000000000000000000000000000000000e+01
358 358 1.00000000000000000000000000000000000000000000000e+01
359 359 1.00000000000000000000000000000000000000000000000e+01
360 360 1.00000000000000000000000000000000000000000000000e+01
361 361 1.00000000000000000000000000000000000000000000000e+01
362 362 1.00000000000000000000000000000000000000000000000e+01
363 363 1.00000000000000000000000000000000000000000000000e+01
364 364 1.00000000000000000000000000000000000000000000000e+01
365 365 1.00000000000000000000000000000000000000000000000e+01
366 366 1.00000000000000000000000000000000000000000000000e+01
367 367 1.00000000000000000000000000000000000000000000000e+01
368 368 1.00000000000000000000000000000000000000000000000e+01
369 369 1.00000000000000000000000000000000000000000000000e+01
370 370 1.00000000000000000000000000000000000000000000000e+01
371 371 1.00000000000000000000000000000000000000000000000e+01
372 372 1.00000000000000000000000000000000000000000000000e+01
373 373 1.00000000000000000000000000000000000000000000000e+01
374 374 1.00000000000000000000000000000000000000000000000e+01
