1 1 1.00000000000000000000000000000000000000000000000e+00
2 2 1.00000000000000000000000000000000000000000000000e+00
3 3 1.00000000000000000000000000000000000000000000000e+00
4 4 3.00000000000000000000000000000000000000000000000e+00
5 5 3.00000000000000000000000000000000000000000000000e+00
6 6 3.00000000000000000000000000000000000000000000000e+00
7 7 3.00000000000000000000000000000000000000000000000e+00
8 8 3.00000000000000000000000000000000000000000000000e+00
9 9 6.00000000000000000000000000000000000000000000000e+00
10 10 6.00000000000000000000000000000000000000000000000e+00
11 11 6.00000000000000000000000000000000000000000000000e+00
12 12 6.00000000000000000000000000000000000000000000000e+00
13 13 6.00000000000000000000000000000000000000000000000e+00
14 14 6.00000000000000000000000000000000000000000000000e+00
15 15 6.00000000000000000000000000000000000000000000000e+00
16 16 1.00000000000000000000000000000000000000000000000e+01
17 17 1.00000000000000000000000000000000000000000000000e+01
18 18 1.00000000000000000000000000000000000000000000000e+01
19 19 1.00000000000000000000000000000000000000000000000e+01
20 20 1.00000000000000000000000000000000000000000000000e+01
21 21 1.00000000000000000000000000000000000000000000000e+01
22 22 1.00000000000000000000000000000000000000000000000e+01
23 23 1.00000000000000000000000000000000000000000000000e+01
24 24 1.00000000000000000000000000000000000000000000000e+01
25 25 1.00000000000000000000000000000000000000000000000e+00
26 26 1.00000000000000000000000000000000000000000000000e+00
27 27 1.00000000000000000000000000000000000000000000000e+00
29 29 1.00000000000000000000000000000000000000000000000e+00
30 30 1.00000000000000000000000000000000000000000000000e+00
31 31 1.00000000000000000000000000000000000000000000000e+00
32 32 3.00000000000000000000000000000000000000000000000e+00
33 33 3.00000000000000000000000000000000000000000000000e+00
34 34 3.00000000000000000000000000000000000000000000000e+00
35 35 3.00000000000000000000000000000000000000000000000e+00
36 36 3.00000000000000000000000000000000000000000000000e+00
37 37 1.00000000000000000000000000000000000000000000000e+00
38 38 1.00000000000000000000000000000000000000000000000e+00
39 39 1.00000000000000000000000000000000000000000000000e+00
40 40 3.00000000000000000000000000000000000000000000000e+00
41 41 3.00000000000000000000000000000000000000000000000e+00
42 42 3.00000000000000000000000000000000000000000000000e+00
43 43 3.00000000000000000000000000000000000000000000000e+00
44 44 3.00000000000000000000000000000000000000000000000e+00
45 45 6.00000000000000000000000000000000000000000000000e+00
46 46 6.00000000000000000000000000000000000000000000000e+00
47 47 6.00000000000000000000000000000000000000000000000e+00
48 48 6.00000000000000000000000000000000000000000000000e+00
49 49 6.00000000000000000000000000000000000000000000000e+00
50 50 6.00000000000000000000000000000000000000000000000e+00
51 51 6.00000000000000000000000000000000000000000000000e+00
52 52 3.00000000000000000000000000000000000000000000000e+00
53 53 3.00000000000000000000000000000000000000000000000e+00
54 54 3.00000000000000000000000000000000000000000000000e+00
55 55 3.00000000000000000000000000000000000000000000000e+00
56 56 3.00000000000000000000000000000000000000000000000e+00
57 57 6.00000000000000000000000000000000000000000000000e+00
58 58 6.00000000000000000000000000000000000000000000000e+00
59 59 6.00000000000000000000000000000000000000000000000e+00
60 60 6.00000000000000000000000000000000000000000000000e+00
61 61 6.00000000000000000000000000000000000000000000000e+00
62 62 6.00000000000000000000000000000000000000000000000e+00
63 63 6.00000000000000000000000000000000000000000000000e+00
64 64 1.00000000000000000000000000000000000000000000000e+01
65 65 1.00000000000000000000000000000000000000000000000e+01
66 66 1.00000000000000000000000000000000000000000000000e+01
67 67 1.00000000000000000000000000000000000000000000000e+01
68 68 1.00000000000000000000000000000000000000000000000e+01
69 69 1.00000000000000000000000000000000000000000000000e+01
70 70 1.00000000000000000000000000000000000000000000000e+01
71 71 1.00000000000000000000000000000000000000000000000e+01
72 72 1.00000000000000000000000000000000000000000000000e+01
73 73 6.00000000000000000000000000000000000000000000000e+00
74 74 6.00000000000000000000000000000000000000000000000e+00
75 75 6.00000000000000000000000000000000000000000000000e+00
76 76 6.00000000000000000000000000000000000000000000000e+00
77 77 6.00000000000000000000000000000000000000000000000e+00
78 78 6.00000000000000000000000000000000000000000000000e+00
79 79 6.00000000000000000000000000000000000000000000000e+00
80 80 1.00000000000000000000000000000000000000000000000e+01
81 81 1.00000000000000000000000000000000000000000000000e+01
82 82 1.00000000000000000000000000000000000000000000000e+01
83 83 1.00000000000000000000000000000000000000000000000e+01
84 84 1.00000000000000000000000000000000000000000000000e+01
85 85 1.00000000000000000000000000000000000000000000000e+01
86 86 1.00000000000000000000000000000000000000000000000e+01
87 87 1.00000000000000000000000000000000000000000000000e+01
88 88 1.00000000000000000000000000000000000000000000000e+01
89 89 3.00000000000000000000000000000000000000000000000e+00
90 90 3.00000000000000000000000000000000000000000000000e+00
91 91 3.00000000000000000000000000000000000000000000000e+00
92 92 3.00000000000000000000000000000000000000000000000e+00
93 93 3.00000000000000000000000000000000000000000000000e+00
94 94 1.00000000000000000000000000000000000000000000000e+00
95 95 1.00000000000000000000000000000000000000000000000e+00
96 96 1.00000000000000000000000000000000000000000000000e+00
97 97 3.00000000000000000000000000000000000000000000000e+00
98 98 3.00000000000000000000000000000000000000000000000e+00
99 99 3.00000000000000000000000000000000000000000000000e+00
100 100 3.00000000000000000000000000000000000000000000000e+00
101 101 3.00000000000000000000000000000000000000000000000e+00
102 102 6.00000000000000000000000000000000000000000000000e+00
103 103 6.00000000000000000000000000000000000000000000000e+00
104 104 6.00000000000000000000000000000000000000000000000e+00
105 105 6.00000000000000000000000000000000000000000000000e+00
106 106 6.00000000000000000000000000000000000000000000000e+00
107 107 6.00000000000000000000000000000000000000000000000e+00
108 108 6.00000000000000000000000000000000000000000000000e+00
110 110 1.00000000000000000000000000000000000000000000000e+00
111 111 1.00000000000000000000000000000000000000000000000e+00
112 112 1.00000000000000000000000000000000000000000000000e+00
113 113 3.00000000000000000000000000000000000000000000000e+00
114 114 3.00000000000000000000000000000000000000000000000e+00
115 115 3.00000000000000000000000000000000000000000000000e+00
116 116 3.00000000000000000000000000000000000000000000000e+00
117 117 3.00000000000000000000000000000000000000000000000e+00
118 118 6.00000000000000000000000000000000000000000000000e+00
119 119 6.00000000000000000000000000000000000000000000000e+00
120 120 6.00000000000000000000000000000000000000000000000e+00
121 121 6.00000000000000000000000000000000000000000000000e+00
122 122 6.00000000000000000000000000000000000000000000000e+00
123 123 6.00000000000000000000000000000000000000000000000e+00
124 124 6.00000000000000000000000000000000000000000000000e+00
125 125 1.00000000000000000000000000000000000000000000000e+01
126 126 1.00000000000000000000000000000000000000000000000e+01
127 127 1.00000000000000000000000000000000000000000000000e+01
128 128 1.00000000000000000000000000000000000000000000000e+01
129 129 1.00000000000000000000000000000000000000000000000e+01
130 130 1.00000000000000000000000000000000000000000000000e+01
131 131 1.00000000000000000000000000000000000000000000000e+01
132 132 1.00000000000000000000000000000000000000000000000e+01
133 133 1.00000000000000000000000000000000000000000000000e+01
134 134 1.00000000000000000000000000000000000000000000000e+00
135 135 1.00000000000000000000000000000000000000000000000e+00
136 136 1.00000000000000000000000000000000000000000000000e+00
137 137 3.00000000000000000000000000000000000000000000000e+00
138 138 3.00000000000000000000000000000000000000000000000e+00
139 139 3.00000000000000000000000000000000000000000000000e+00
140 140 3.00000000000000000000000000000000000000000000000e+00
141 141 3.00000000000000000000000000000000000000000000000e+00
142 142 6.00000000000000000000000000000000000000000000000e+00
143 143 6.00000000000000000000000000000000000000000000000e+00
144 144 6.00000000000000000000000000000000000000000000000e+00
145 145 6.00000000000000000000000000000000000000000000000e+00
146 146 6.00000000000000000000000000000000000000000000000e+00
147 147 6.00000000000000000000000000000000000000000000000e+00
148 148 6.00000000000000000000000000000000000000000000000e+00
149 149 1.00000000000000000000000000000000000000000000000e+01
150 150 1.00000000000000000000000000000000000000000000000e+01
151 151 1.00000000000000000000000000000000000000000000000e+01
152 152 1.00000000000000000000000000000000000000000000000e+01
153 153 1.00000000000000000000000000000000000000000000000e+01
154 154 1.00000000000000000000000000000000000000000000000e+01
155 155 1.00000000000000000000000000000000000000000000000e+01
156 156 1.00000000000000000000000000000000000000000000000e+01
157 157 1.00000000000000000000000000000000000000000000000e+01
158 158 3.00000000000000000000000000000000000000000000000e+00
159 159 3.00000000000000000000000000000000000000000000000e+00
160 160 3.00000000000000000000000000000000000000000000000e+00
161 161 3.00000000000000000000000000000000000000000000000e+00
162 162 3.00000000000000000000000000000000000000000000000e+00
163 163 6.00000000000000000000000000000000000000000000000e+00
164 164 6.00000000000000000000000000000000000000000000000e+00
165 165 6.00000000000000000000000000000000000000000000000e+00
166 166 6.00000000000000000000000000000000000000000000000e+00
167 167 6.00000000000000000000000000000000000000000000000e+00
168 168 6.00000000000000000000000000000000000000000000000e+00
169 169 6.00000000000000000000000000000000000000000000000e+00
170 170 1.00000000000000000000000000000000000000000000000e+01
171 171 1.00000000000000000000000000000000000000000000000e+01
172 172 1.00000000000000000000000000000000000000000000000e+01
173 173 1.00000000000000000000000000000000000000000000000e+01
174 174 1.00000000000000000000000000000000000000000000000e+01
175 175 1.00000000000000000000000000000000000000000000000e+01
176 176 1.00000000000000000000000000000000000000000000000e+01
177 177 1.00000000000000000000000000000000000000000000000e+01
178 178 1.00000000000000000000000000000000000000000000000e+01
179 179 6.00000000000000000000000000000000000000000000000e+00
180 180 6.00000000000000000000000000000000000000000000000e+00
181 181 6.00000000000000000000000000000000000000000000000e+00
182 182 6.00000000000000000000000000000000000000000000000e+00
183 183 6.00000000000000000000000000000000000000000000000e+00
184 184 6.00000000000000000000000000000000000000000000000e+00
185 185 6.00000000000000000000000000000000000000000000000e+00
186 186 3.00000000000000000000000000000000000000000000000e+00
187 187 3.00000000000000000000000000000000000000000000000e+00
188 188 3.00000000000000000000000000000000000000000000000e+00
189 189 3.00000000000000000000000000000000000000000000000e+00
190 190 3.00000000000000000000000000000000000000000000000e+00
191 191 6.00000000000000000000000000000000000000000000000e+00
192 192 6.00000000000000000000000000000000000000000000000e+00
193 193 6.00000000000000000000000000000000000000000000000e+00
194 194 6.00000000000000000000000000000000000000000000000e+00
195 195 6.00000000000000000000000000000000000000000000000e+00
196 196 6.00000000000000000000000000000000000000000000000e+00
197 197 6.00000000000000000000000000000000000000000000000e+00
198 198 1.00000000000000000000000000000000000000000000000e+01
199 199 1.00000000000000000000000000000000000000000000000e+01
200 200 1.00000000000000000000000000000000000000000000000e+01
201 201 1.00000000000000000000000000000000000000000000000e+01
202 202 1.00000000000000000000000000000000000000000000000e+01
203 203 1.00000000000000000000000000000000000000000000000e+01
204 204 1.00000000000000000000000000000000000000000000000e+01
205 205 1.00000000000000000000000000000000000000000000000e+01
206 206 1.00000000000000000000000000000000000000000000000e+01
207 207 1.00000000000000000000000000000000000000000000000e+00
208 208 1.00000000000000000000000000000000000000000000000e+00
209 209 1.00000000000000000000000000000000000000000000000e+00
210 210 3.00000000000000000000000000000000000000000000000e+00
211 211 3.00000000000000000000000000000000000000000000000e+00
212 212 3.00000000000000000000000000000000000000000000000e+00
213 213 3.00000000000000000000000000000000000000000000000e+00
214 214 3.00000000000000000000000000000000000000000000000e+00
215 215 6.00000000000000000000000000000000000000000000000e+00
216 216 6.00000000000000000000000000000000000000000000000e+00
217 217 6.00000000000000000000000000000000000000000000000e+00
218 218 6.00000000000000000000000000000000000000000000000e+00
219 219 6.00000000000000000000000000000000000000000000000e+00
220 220 6.00000000000000000000000000000000000000000000000e+00
221 221 6.00000000000000000000000000000000000000000000000e+00
222 222 1.00000000000000000000000000000000000000000000000e+01
223 223 1.00000000000000000000000000000000000000000000000e+01
224 224 1.00000000000000000000000000000000000000000000000e+01
225 225 1.00000000000000000000000000000000000000000000000e+01
226 226 1.00000000000000000000000000000000000000000000000e+01
227 227 1.00000000000000000000000000000000000000000000000e+01
228 228 1.00000000000000000000000000000000000000000000000e+01
229 229 1.00000000000000000000000000000000000000000000000e+01
230 230 1.00000000000000000000000000000000000000000000000e+01
232 232 1.00000000000000000000000000000000000000000000000e+00
233 233 1.00000000000000000000000000000000000000000000000e+00
234 234 1.00000000000000000000000000000000000000000000000e+00
235 235 3.00000000000000000000000000000000000000000000000e+00
236 236 3.00000000000000000000000000000000000000000000000e+00
237 237 3.00000000000000000000000000000000000000000000000e+00
238 238 3.00000000000000000000000000000000000000000000000e+00
239 239 3.00000000000000000000000000000000000000000000000e+00
240 240 6.00000000000000000000000000000000000000000000000e+00
241 241 6.00000000000000000000000000000000000000000000000e+00
242 242 6.00000000000000000000000000000000000000000000000e+00
243 243 6.00000000000000000000000000000000000000000000000e+00
244 244 6.00000000000000000000000000000000000000000000000e+00
245 245 6.00000000000000000000000000000000000000000000000e+00
246 246 6.00000000000000000000000000000000000000000000000e+00
247 247 1.00000000000000000000000000000000000000000000000e+01
248 248 1.00000000000000000000000000000000000000000000000e+01
249 249 1.00000000000000000000000000000000000000000000000e+01
250 250 1.00000000000000000000000000000000000000000000000e+01
251 251 1.00000000000000000000000000000000000000000000000e+01
252 252 1.00000000000000000000000000000000000000000000000e+01
253 253 1.00000000000000000000000000000000000000000000000e+01
254 254 1.00000000000000000000000000000000000000000000000e+01
255 255 1.00000000000000000000000000000000000000000000000e+01
256 256 1.00000000000000000000000000000000000000000000000e+00
257 257 1.00000000000000000000000000000000000000000000000e+00
258 258 1.00000000000000000000000000000000000000000000000e+00
259 259 3.00000000000000000000000000000000000000000000000e+00
260 260 3.00000000000000000000000000000000000000000000000e+00
261 261 3.00000000000000000000000000000000000000000000000e+00
262 262 3.00000000000000000000000000000000000000000000000e+00
263 263 3.00000000000000000000000000000000000000000000000e+00
264 264 6.00000000000000000000000000000000000000000000000e+00
265 265 6.00000000000000000000000000000000000000000000000e+00
266 266 6.00000000000000000000000000000000000000000000000e+00
267 267 6.00000000000000000000000000000000000000000000000e+00
268 268 6.00000000000000000000000000000000000000000000000e+00
269 269 6.00000000000000000000000000000000000000000000000e+00
270 270 6.00000000000000000000000000000000000000000000000e+00
271 271 1.00000000000000000000000000000000000000000000000e+01
272 272 1.00000000000000000000000000000000000000000000000e+01
273 273 1.00000000000000000000000000000000000000000000000e+01
274 274 1.00000000000000000000000000000000000000000000000e+01
275 275 1.00000000000000000000000000000000000000000000000e+01
276 276 1.00000000000000000000000000000000000000000000000e+01
277 277 1.00000000000000000000000000000000000000000000000e+01
278 278 1.00000000000000000000000000000000000000000000000e+01
279 279 1.00000000000000000000000000000000000000000000000e+01
280 280 1.00000000000000000000000000000000000000000000000e+01
281 281 1.00000000000000000000000000000000000000000000000e+01
282 282 1.00000000000000000000000000000000000000000000000e+01
283 283 1.00000000000000000000000000000000000000000000000e+01
284 284 1.00000000000000000000000000000000000000000000000e+01
285 285 1.00000000000000000000000000000000000000000000000e+01
286 286 1.00000000000000000000000000000000000000000000000e+01
287 287 1.00000000000000000000000000000000000000000000000e+01
288 288 1.00000000000000000000000000000000000000000000000e+01
289 289 6.00000000000000000000000000000000000000000000000e+00
290 290 6.00000000000000000000000000000000000000000000000e+00
291 291 6.00000000000000000000000000000000000000000000000e+00
292 292 6.00000000000000000000000000000000000000000000000e+00
293 293 6.00000000000000000000000000000000000000000000000e+00
294 294 6.00000000000000000000000000000000000000000000000e+00
295 295 6.00000000000000000000000000000000000000000000000e+00
296 296 1.00000000000000000000000000000000000000000000000e+01
297 297 1.00000000000000000000000000000000000000000000000e+01
298 298 1.00000000000000000000000000000000000000000000000e+01
299 299 1.00000000000000000000000000000000000000000000000e+01
300 300 1.00000000000000000000000000000000000000000000000e+01
301 301 1.00000000000000000000000000000000000000000000000e+01
302 302 1.00000000000000000000000000000000000000000000000e+01
303 303 1.00000000000000000000000000000000000000000000000e+01
304 304 1.00000000000000000000000000000000000000000000000e+01
305 305 3.00000000000000000000000000000000000000000000000e+00
306 306 3.00000000000000000000000000000000000000000000000e+00
307 307 3.00000000000000000000000000000000000000000000000e+00
308 308 3.00000000000000000000000000000000000000000000000e+00
309 309 3.00000000000000000000000000000000000000000000000e+00
310 310 6.00000000000000000000000000000000000000000000000e+00
311 311 6.00000000000000000000000000000000000000000000000e+00
312 312 6.00000000000000000000000000000000000000000000000e+00
313 313 6.00000000000000000000000000000000000000000000000e+00
314 314 6.00000000000000000000000000000000000000000000000e+00
315 315 6.00000000000000000000000000000000000000000000000e+00
316 316 6.00000000000000000000000000000000000000000000000e+00
317 317 1.00000000000000000000000000000000000000000000000e+01
318 318 1.00000000000000000000000000000000000000000000000e+01
319 319 1.00000000000000000000000000000000000000000000000e+01
320 320 1.00000000000000000000000000000000000000000000000e+01
321 321 1.00000000000000000000000000000000000000000000000e+01
322 322 1.00000000000000000000000000000000000000000000000e+01
323 323 1.00000000000000000000000000000000000000000000000e+01
324 324 1.00000000000000000000000000000000000000000000000e+01
325 325 1.00000000000000000000000000000000000000000000000e+01
326 326 1.00000000000000000000000000000000000000000000000e+00
327 327 1.00000000000000000000000000000000000000000000000e+00
328 328 1.00000000000000000000000000000000000000000000000e+00
329 329 3.00000000000000000000000000000000000000000000000e+00
330 330 3.00000000000000000000000000000000000000000000000e+00
331 331 3.00000000000000000000000000000000000000000000000e+00
332 332 3.00000000000000000000000000000000000000000000000e+00
333 333 3.00000000000000000000000000000000000000000000000e+00
334 334 6.00000000000000000000000000000000000000000000000e+00
335 335 6.00000000000000000000000000000000000000000000000e+00
336 336 6.00000000000000000000000000000000000000000000000e+00
337 337 6.00000000000000000000000000000000000000000000000e+00
338 338 6.00000000000000000000000000000000000000000000000e+00
339 339 6.00000000000000000000000000000000000000000000000e+00
340 340 6.00000000000000000000000000000000000000000000000e+00
341 341 1.00000000000000000000000000000000000000000000000e+01
342 342 1.00000000000000000000000000000000000000000000000e+01
343 343 1.00000000000000000000000000000000000000000000000e+01
344 344 1.00000000000000000000000000000000000000000000000e+01
345 345 1.00000000000000000000000000000000000000000000000e+01
346 346 1.00000000000000000000000000000000000000000000000e+01
347 347 1.00000000000000000000000000000000000000000000000e+01
348 348 1.00000000000000000000000000000000000000000000000e+01
349 349 1.00000000000000000000000000000000000000000000000e+01
351 351 1.00000000000000000000000000000000000000000000000e+00
352 352 1.00000000000000000000000000000000000000000000000e+00
353 353 1.00000000000000000000000000000000000000000000000e+00
354 354 3.00000000000000000000000000000000000000000000000e+00
355 355 3.00000000000000000000000000000000000000000000000e+00
356 356 3.00000000000000000000000000000000000000000000000e+00
357 357 3.00000000000000000000000000000000000000000000000e+00
358 358 3.00000000000000000000000000000000000000000000000e+00
359 359 6.00000000000000000000000000000000000000000000000e+00
360 360 6.00000000000000000000000000000000000000000000000e+00
361 361 6.00000000000000000000000000000000000000000000000e+00
362 362 6.00000000000000000000000000000000000000000000000e+00
363 363 6.00000000000000000000000000000000000000000000000e+00
364 364 6.00000000000000000000000000000000000000000000000e+00
365 365 6.00000000000000000000000000000000000000000000000e+00
366 366 1.00000000000000000000000000000000000000000000000e+01
367 367 1.00000000000000000000000000000000000000000000000e+01
368 368 1.00000000000000000000000000000000000000000000000e+01
369 369 1.00000000000000000000000000000000000000000000000e+01
370 370 1.00000000000000000000000000000000000000000000000e+01
371 371 1.00000000000000000000000000000000000000000000000e+01
372 372 1.00000000000000000000000000000000000000000000000e+01
373 373 1.00000000000000000000000000000000000000000000000e+01
374 374 1.00000000000000000000000000000000000000000000000e+01
