29 1 2.81348848799095642425616148329936549998819828033e-02
33 1 8.44046546397286961971317964525951538234949111938e-02
34 2 9.74621001542095299896573123987764120101928710938e-02
31 3 -2.81348848799095642425616148329936549998819828033e-02
35 3 8.44046546397286961971317964525951538234949111938e-02
40 4 3.24873667180698433298857707995921373367309570313e-02
46 4 9.18881492369653662954931405693059787154197692871e-02
37 5 2.17931881174705209536224259636583155952394008636e-02
41 5 1.62436833590349216649428853997960686683654785156e-02
47 5 1.16230336626509445085986271806177683174610137939e-01
38 6 2.51646060522435210948799522157059982419013977051e-02
48 6 1.23280888812299968537722349992691306397318840027e-01
39 7 2.17931881174705209536224259636583155952394008636e-02
43 7 -1.62436833590349216649428853997960686683654785156e-02
49 7 1.16230336626509445085986271806177683174610137939e-01
44 8 -3.24873667180698433298857707995921373367309570313e-02
50 8 9.18881492369653662954931405693059787154197692871e-02
57 9 3.44580559638620054219160238062613643705844879150e-02
65 9 9.94718394324345944745857650559628382325172424316e-02
52 10 3.88298301433750783773213299809867748990654945374e-02
58 10 2.29720373092413415738732851423264946788549423218e-02
66 10 1.30239209633035618596252902534615714102983474731e-01
53 11 4.91162817642111018678896527944743866100907325745e-02
59 11 1.14860186546206707869366425711632473394274711609e-02
67 11 1.45611863037656552588572367312735877931118011475e-01
54 12 5.20956838532142460507223802324006101116538047791e-02
68 12 1.50387285481354437965961778900236822664737701416e-01
55 13 4.91162817642111018678896527944743866100907325745e-02
61 13 -1.14860186546206707869366425711632473394274711609e-02
69 13 1.45611863037656552588572367312735877931118011475e-01
56 14 3.88298301433750783773213299809867748990654945374e-02
62 14 -2.29720373092413415738732851423264946788549423218e-02
70 14 1.30239209633035618596252902534615714102983474731e-01
63 15 -3.44580559638620054219160238062613643705844879150e-02
71 15 9.94718394324345944745857650559628382325172424316e-02
80 16 3.55881271708588520219507245201384648680686950684e-02
73 17 5.26355499184740505125290610521915368735790252686e-02
81 17 2.66910953781441424859099953437180374749004840851e-02
74 18 6.89161119277240247216198554269794840365648269653e-02
82 18 1.77940635854294260109753622600692324340343475342e-02
75 19 7.70505555076874820707999447222391609102487564087e-02
83 19 8.89703179271471300548768113003461621701717376709e-03
76 20 7.95774715459476728041110504818789195269346237183e-02
77 21 7.70505555076874820707999447222391609102487564087e-02
85 21 -8.89703179271471300548768113003461621701717376709e-03
78 22 6.89161119277240247216198554269794840365648269653e-02
86 22 -1.77940635854294260109753622600692324340343475342e-02
79 23 5.26355499184740505125290610521915368735790252686e-02
87 23 -2.66910953781441424859099953437180374749004840851e-02
88 24 -3.55881271708588520219507245201384648680686950684e-02
90 25 9.24606666092249729338448105409042909741401672363e-02
91 26 1.06764381512576556065852173560415394604206085205e-01
92 27 9.24606666092249729338448105409042909741401672363e-02
2 28 -4.59440746184826831477465702846529893577098846436e-02
95 28 6.49747334361396866597715415991842746734619140625e-02
1 29 2.81348848799095642425616148329936549998819828033e-02
94 29 1.98943678864869182010277626204697298817336559296e-02
98 29 8.00732861344324309271769379847683012485504150391e-02
99 30 9.24606666092249729338448105409042909741401672363e-02
3 31 -2.81348848799095642425616148329936549998819828033e-02
96 31 -1.98943678864869182010277626204697298817336559296e-02
100 31 8.00732861344324309271769379847683012485504150391e-02
97 32 1.77940635854294260109753622600692324340343475342e-02
103 32 1.00658424208974084379519808862823992967605590820e-01
1 33 -2.81348848799095642425616148329936549998819828033e-02
94 33 3.97887357729738346673320492641323653515428304672e-03
98 33 8.89703179271471300548768113003461621701717376709e-03
104 33 1.27323954473516270935462557645223569124937057495e-01
2 34 -3.24873667180698433298857707995921373367309570313e-02
95 34 4.59440746184826796782996183310388005338609218597e-03
105 34 1.35047447423565891710950381821021437644958496094e-01
3 35 -2.81348848799095642425616148329936549998819828033e-02
96 35 3.97887357729738346673320492641323653515428304672e-03
100 35 -8.89703179271471300548768113003461621701717376709e-03
106 35 1.27323954473516270935462557645223569124937057495e-01
101 36 -1.77940635854294260109753622600692324340343475342e-02
107 36 1.00658424208974084379519808862823992967605590820e-01
5 37 -6.53795643524115593914203259373607579618692398071e-02
110 37 2.66910953781441424859099953437180374749004840851e-02
114 37 5.47004680458749587002031944393820594996213912964e-02
6 38 -7.54938181567305632846398566471179947257041931152e-02
115 38 6.31626599021688633905924348255211953073740005493e-02
7 39 -6.53795643524115593914203259373607579618692398071e-02
112 39 -2.66910953781441424859099953437180374749004840851e-02
116 39 5.47004680458749587002031944393820594996213912964e-02
4 40 3.24873667180698433298857707995921373367309570313e-02
113 40 2.71808811003625520885673694237993913702666759491e-02
119 40 8.21872592081999697732896947854897007346153259277e-02
5 41 1.62436833590349216649428853997960686683654785156e-02
110 41 1.19366207318921530022848287444503512233495712280e-02
114 41 1.35904405501812760442836847118996956851333379745e-02
120 41 1.03959573497823490328961781870020786300301551819e-01
111 42 1.37832223855448021687664095225045457482337951660e-02
121 42 1.10265779084358417350131276180036365985870361328e-01
7 43 -1.62436833590349216649428853997960686683654785156e-02
112 43 1.19366207318921530022848287444503512233495712280e-02
116 43 -1.35904405501812760442836847118996956851333379745e-02
122 43 1.03959573497823490328961781870020786300301551819e-01
8 44 -3.24873667180698433298857707995921373367309570313e-02
117 44 -2.71808811003625520885673694237993913702666759491e-02
123 44 8.21872592081999697732896947854897007346153259277e-02
118 45 2.17931881174705209536224259636583155952394008636e-02
126 45 1.08965940587352608237559081771905766800045967102e-01
4 46 -4.59440746184826831477465702846529893577098846436e-02
113 46 1.09827344826809308875326109955494757741689682007e-02
119 46 1.45287920783136806357482839757722103968262672424e-02
127 46 1.42669905975315480795018174831056967377662658691e-01
5 47 -5.81151683132547225429931359030888415873050689697e-02
114 47 1.38921823608571352870466597551057930104434490204e-02
120 47 7.26439603915684031787414198788610519841313362122e-03
128 47 1.59509804052154424702791857271222397685050964355e-01
6 48 -6.16404444061499842688611749963456531986594200134e-02
115 48 1.47348845292633295195328102522580593358725309372e-02
129 48 1.64741017240214004946352588376612402498722076416e-01
7 49 -5.81151683132547225429931359030888415873050689697e-02
116 49 1.38921823608571352870466597551057930104434490204e-02
122 49 -7.26439603915684031787414198788610519841313362122e-03
130 49 1.59509804052154424702791857271222397685050964355e-01
8 50 -4.59440746184826831477465702846529893577098846436e-02
117 50 1.09827344826809308875326109955494757741689682007e-02
123 50 -1.45287920783136806357482839757722103968262672424e-02
131 50 1.42669905975315480795018174831056967377662658691e-01
124 51 -2.17931881174705209536224259636583155952394008636e-02
132 51 1.08965940587352608237559081771905766800045967102e-01
10 52 -7.76596602867501567546426599619735497981309890747e-02
137 52 2.90575841566273612714965679515444207936525344849e-02
143 52 5.38041909260761133659833888032153481617569923401e-02
11 53 -9.82325635284222037357793055889487732201814651489e-02
134 53 2.38732414637842990656757535816723247990012168884e-02
138 53 1.45287920783136806357482839757722103968262672424e-02
144 53 6.80575163955858819520017277682200074195861816406e-02
12 54 -1.04191367706428492101444760464801220223307609558e-01
135 54 2.75664447710896008680858670913949026726186275482e-02
145 54 7.21858970310501335543307277475832961499691009521e-02
13 55 -9.82325635284222037357793055889487732201814651489e-02
136 55 2.38732414637842990656757535816723247990012168884e-02
140 55 -1.45287920783136806357482839757722103968262672424e-02
146 55 6.80575163955858819520017277682200074195861816406e-02
14 56 -7.76596602867501567546426599619735497981309890747e-02
141 56 -2.90575841566273612714965679515444207936525344849e-02
147 56 5.38041909260761133659833888032153481617569923401e-02
9 57 3.44580559638620054219160238062613643705844879150e-02
142 57 2.98415518297303651584773120930549339391291141510e-02
150 57 8.61451399096550135547900595156534109264612197876e-02
10 58 2.29720373092413415738732851423264946788549423218e-02
137 58 2.45581408821055474644978744436230044811964035034e-02
143 58 1.98943678864869112621338587132413522340357303619e-02
151 58 1.12790464111015842352259141989634372293949127197e-01
11 59 1.14860186546206707869366425711632473394274711609e-02
138 59 3.10638641147000585385207216404523933306336402893e-02
144 59 9.94718394324345563106692935662067611701786518097e-03
152 59 1.26103572482990894387810953958251047879457473755e-01
139 60 3.29482034480427926625978329866484273225069046021e-02
153 60 1.30239209633035646351828518163529224693775177002e-01
13 61 -1.14860186546206707869366425711632473394274711609e-02
140 61 3.10638641147000585385207216404523933306336402893e-02
146 61 -9.94718394324345563106692935662067611701786518097e-03
154 61 1.26103572482990894387810953958251047879457473755e-01
14 62 -2.29720373092413415738732851423264946788549423218e-02
141 62 2.45581408821055474644978744436230044811964035034e-02
147 62 -1.98943678864869112621338587132413522340357303619e-02
155 62 1.12790464111015842352259141989634372293949127197e-01
15 63 -3.44580559638620054219160238062613643705844879150e-02
148 63 -2.98415518297303651584773120930549339391291141510e-02
156 63 8.61451399096550135547900595156534109264612197876e-02
149 64 2.38732414637843025351227055352865136228501796722e-02
9 65 -5.96831036594607511336363359077950008213520050049e-02
142 65 1.72290279819310061804049638567448710091412067413e-02
150 65 1.79049310978382260339802911630613380111753940582e-02
10 66 -7.81435257798213656066366183949867263436317443848e-02
143 66 2.25580928222031650010048764443126856349408626556e-02
151 66 1.19366207318921512675613527676432568114250898361e-02
11 67 -8.73671178225939315531434203876415267586708068848e-02
144 67 2.52207144965981774897834100102045340463519096375e-02
152 67 5.96831036594607563378067638382162840571254491806e-03
12 68 -9.02323712888126600040195057772507425397634506226e-02
145 68 2.60478419266071264948081420698144938796758651733e-02
13 69 -8.73671178225939315531434203876415267586708068848e-02
146 69 2.52207144965981774897834100102045340463519096375e-02
154 69 -5.96831036594607563378067638382162840571254491806e-03
14 70 -7.81435257798213656066366183949867263436317443848e-02
147 70 2.25580928222031650010048764443126856349408626556e-02
155 70 -1.19366207318921512675613527676432568114250898361e-02
15 71 -5.96831036594607511336363359077950008213520050049e-02
148 71 1.72290279819310061804049638567448710091412067413e-02
156 71 -1.79049310978382260339802911630613380111753940582e-02
157 72 -2.38732414637843025351227055352865136228501796722e-02
17 73 -8.77259165307900934394069736299570649862289428711e-02
163 73 2.98415518297303755668181679538975004106760025024e-02
171 73 5.49851281006440567589166334983019623905420303345e-02
18 74 -1.14860186546206707869366425711632473394274711609e-01
158 74 4.25359477472411831588949837623658822849392890930e-02
164 74 1.98943678864869182010277626204697298817336559296e-02
172 74 7.19924318908699567565179222583537921309471130371e-02
19 75 -1.28417592512812483995787715684855356812477111816e-01
159 75 5.38041909260761064270894848959869705140590667725e-02
165 75 9.94718394324345910051388131023486494086682796478e-03
173 75 8.04899857867544810119397880043834447860717773438e-02
20 76 -1.32629119243246107462397276322008110582828521729e-01
160 76 5.70679623901261950935648314953141380101442337036e-02
174 76 8.31296998636191220022340075956890359520912170410e-02
21 77 -1.28417592512812483995787715684855356812477111816e-01
161 77 5.38041909260761064270894848959869705140590667725e-02
167 77 -9.94718394324345910051388131023486494086682796478e-03
175 77 8.04899857867544810119397880043834447860717773438e-02
22 78 -1.14860186546206707869366425711632473394274711609e-01
162 78 4.25359477472411831588949837623658822849392890930e-02
168 78 -1.98943678864869182010277626204697298817336559296e-02
176 78 7.19924318908699567565179222583537921309471130371e-02
23 79 -8.77259165307900934394069736299570649862289428711e-02
169 79 -2.98415518297303755668181679538975004106760025024e-02
177 79 5.49851281006440567589166334983019623905420303345e-02
16 80 3.55881271708588520219507245201384648680686950684e-02
170 80 3.12284548538268418027552542071134666912257671356e-02
17 81 2.66910953781441424859099953437180374749004840851e-02
163 81 3.53090002952374457101392124513949966058135032654e-02
171 81 2.34213411403701304847047026669315528124570846558e-02
18 82 1.77940635854294260109753622600692324340343475342e-02
164 82 4.62303333046124864669224052704521454870700836182e-02
172 82 1.56142274269134209013776271035567333456128835678e-02
19 83 8.89703179271471300548768113003461621701717376709e-03
165 83 5.16870839457930081328740357093920465558767318726e-02
173 83 7.80711371345671045068881355177836667280644178391e-03
166 84 5.33821907562882780329260867802076973021030426025e-02
21 85 -8.89703179271471300548768113003461621701717376709e-03
167 85 5.16870839457930081328740357093920465558767318726e-02
175 85 -7.80711371345671045068881355177836667280644178391e-03
22 86 -1.77940635854294260109753622600692324340343475342e-02
168 86 4.62303333046124864669224052704521454870700836182e-02
176 86 -1.56142274269134209013776271035567333456128835678e-02
23 87 -2.66910953781441424859099953437180374749004840851e-02
169 87 3.53090002952374457101392124513949966058135032654e-02
177 87 -2.34213411403701304847047026669315528124570846558e-02
24 88 -3.55881271708588520219507245201384648680686950684e-02
178 88 -3.12284548538268418027552542071134666912257671356e-02
180 89 1.04191367706428492101444760464801220223307609558e-01
25 90 -3.08202222030749921344305874981728265993297100067e-02
181 90 1.31792813792171170650391331946593709290027618408e-01
26 91 -3.55881271708588520219507245201384648680686950684e-02
182 91 1.39787388516150301587259718871791847050189971924e-01
27 92 -3.08202222030749921344305874981728265993297100067e-02
183 92 1.31792813792171170650391331946593709290027618408e-01
184 93 1.04191367706428492101444760464801220223307609558e-01
29 94 1.98943678864869182010277626204697298817336559296e-02
33 94 -1.19366207318921495328378767908361623995006084442e-02
187 94 8.77158901387885547862310886557679623365402221680e-02
34 95 -1.37832223855448039034898854993116401601582765579e-02
188 95 1.01285585567674418783212786365766078233718872070e-01
31 96 -1.98943678864869182010277626204697298817336559296e-02
35 96 -1.19366207318921495328378767908361623995006084442e-02
189 96 8.77158901387885547862310886557679623365402221680e-02
32 97 1.77940635854294260109753622600692324340343475342e-02
186 97 1.45287920783136806357482839757722103968262672424e-02
192 97 9.82325635284222037357793055889487732201814651489e-02
29 98 -2.66910953781441424859099953437180374749004840851e-02
33 98 8.89703179271471300548768113003461621701717376709e-03
187 98 7.26439603915684031787414198788610519841313362122e-03
193 98 1.24255456458800261909658502190723083913326263428e-01
30 99 -3.08202222030749921344305874981728265993297100067e-02
194 99 1.31792813792171170650391331946593709290027618408e-01
31 100 -2.66910953781441424859099953437180374749004840851e-02
35 100 -8.89703179271471300548768113003461621701717376709e-03
189 100 -7.26439603915684031787414198788610519841313362122e-03
195 100 1.24255456458800261909658502190723083913326263428e-01
36 101 -1.77940635854294260109753622600692324340343475342e-02
190 101 -1.45287920783136806357482839757722103968262672424e-02
196 101 9.82325635284222037357793055889487732201814651489e-02
191 102 1.30239209633035615126805950581001525279134511948e-02
199 102 1.12790464111015814596683526360720861703157424927e-01
32 103 -5.03292121044870421897599044314119964838027954102e-02
186 103 2.93525925743571333009773738353942462708801031113e-03
192 103 8.68261397553570825336155536433579982258379459381e-03
200 103 1.47677382702265713732003860059194266796112060547e-01
33 104 -6.36619772367581354677312788226117845624685287476e-02
187 104 3.71284191063655372166962820301705505698919296265e-03
193 104 4.34130698776785412668077768216789991129189729691e-03
201 104 1.65108333230758880239008590251614805310964584351e-01
34 105 -6.75237237117829458554751909105107188224792480469e-02
188 105 3.93806353872708583829798101305641466751694679260e-03
202 105 1.70523153312744979448467574911774136126041412354e-01
35 106 -6.36619772367581354677312788226117845624685287476e-02
189 106 3.71284191063655372166962820301705505698919296265e-03
195 106 -4.34130698776785412668077768216789991129189729691e-03
203 106 1.65108333230758880239008590251614805310964584351e-01
36 107 -5.03292121044870421897599044314119964838027954102e-02
190 107 2.93525925743571333009773738353942462708801031113e-03
196 107 -8.68261397553570825336155536433579982258379459381e-03
204 107 1.47677382702265713732003860059194266796112060547e-01
197 108 -1.30239209633035615126805950581001525279134511948e-02
205 108 1.12790464111015814596683526360720861703157424927e-01
38 109 -5.03292121044870421897599044314119964838027954102e-02
208 109 6.16404444061499842688611749963456531986594200134e-02
37 110 2.66910953781441424859099953437180374749004840851e-02
41 110 -3.58098621956764659457483901405794313177466392517e-02
207 110 2.17931881174705209536224259636583155952394008636e-02
211 110 7.16197243913529041359211646522453520447015762329e-02
42 111 -4.13496671566344203840870363819703925400972366333e-02
212 111 8.26993343132688130125984571350272744894027709961e-02
39 112 -2.66910953781441424859099953437180374749004840851e-02
43 112 -3.58098621956764659457483901405794313177466392517e-02
209 112 -2.17931881174705209536224259636583155952394008636e-02
213 112 7.16197243913529041359211646522453520447015762329e-02
40 113 2.71808811003625520885673694237993913702666759491e-02
46 113 -2.19654689653618617750652219910989515483379364014e-02
210 113 2.32978980860250456386140172071463894098997116089e-02
216 113 8.62786493219777766983114020149514544755220413208e-02
37 114 -1.82334893486249850769187474952559568919241428375e-02
41 114 1.35904405501812760442836847118996956851333379745e-02
47 114 -2.77843647217142671046463675565973971970379352570e-02
207 114 6.38039216208617643300016197827062569558620452881e-03
211 114 1.16489490430125228193070086035731947049498558044e-02
217 114 1.09134818120156809606591252759244525805115699768e-01
38 115 -2.10542199673896222866797955930451280437409877777e-02
48 115 -2.94697690585266590390656205045161186717450618744e-02
208 115 7.36744226463166475976640512612902966793626546860e-03
218 115 1.15754954934485052020498585534369340166449546814e-01
39 116 -1.82334893486249850769187474952559568919241428375e-02
43 116 -1.35904405501812760442836847118996956851333379745e-02
49 116 -2.77843647217142671046463675565973971970379352570e-02
209 116 6.38039216208617643300016197827062569558620452881e-03
213 116 -1.16489490430125228193070086035731947049498558044e-02
219 116 1.09134818120156809606591252759244525805115699768e-01
44 117 -2.71808811003625520885673694237993913702666759491e-02
50 117 -2.19654689653618617750652219910989515483379364014e-02
214 117 -2.32978980860250456386140172071463894098997116089e-02
220 117 8.62786493219777766983114020149514544755220413208e-02
45 118 2.17931881174705209536224259636583155952394008636e-02
215 118 2.14004858962973214253633358339357073418796062469e-02
223 118 1.02963135775133732274788656013697618618607521057e-01
40 119 -4.10936296040999848866448473927448503673076629639e-02
46 119 1.45287920783136806357482839757722103968262672424e-02
210 119 8.80577777230714085765495013902182108722627162933e-03
216 119 1.42669905975315487733912078738285345025360584259e-02
224 119 1.34810389565590299509878491335257422178983688354e-01
41 120 -5.19797867489117451644808909350103931501507759094e-02
47 120 7.26439603915684031787414198788610519841313362122e-03
211 120 1.11385257319096594302854086322440707590430974960e-02
217 120 7.13349529876577438669560393691426725126802921295e-03
225 120 1.50722597570944083500421584176365286111831665039e-01
42 121 -5.51328895421792086750656380900181829929351806641e-02
212 121 1.18141906161812575148939430391692440025508403778e-02
226 121 1.55665629410503714158409138690331019461154937744e-01
43 122 -5.19797867489117451644808909350103931501507759094e-02
49 122 -7.26439603915684031787414198788610519841313362122e-03
213 122 1.11385257319096594302854086322440707590430974960e-02
219 122 -7.13349529876577438669560393691426725126802921295e-03
227 122 1.50722597570944083500421584176365286111831665039e-01
44 123 -4.10936296040999848866448473927448503673076629639e-02
50 123 -1.45287920783136806357482839757722103968262672424e-02
214 123 8.80577777230714085765495013902182108722627162933e-03
220 123 -1.42669905975315487733912078738285345025360584259e-02
228 123 1.34810389565590299509878491335257422178983688354e-01
51 124 -2.17931881174705209536224259636583155952394008636e-02
221 124 -2.14004858962973214253633358339357073418796062469e-02
229 124 1.02963135775133732274788656013697618618607521057e-01
222 125 1.64741017240213963312989164933242136612534523010e-02
45 126 -6.53795643524115593914203259373607579618692398071e-02
215 126 7.13349529876577438669560393691426725126802921295e-03
223 126 1.23555762930160455137507113931860658340156078339e-02
46 127 -8.56019435851892995792411511501995846629142761230e-02
216 127 9.33993776463022153111470657904646941460669040680e-03
224 127 8.23705086201069816564945824666210683062672615051e-03
47 128 -9.57058824312926464950024296740593854337930679321e-02
217 128 1.04423678736653043064297463615730521269142627716e-02
225 128 4.11852543100534908282472912333105341531336307526e-03
48 129 -9.88446103441283779877934989599452819675207138062e-02
218 129 1.07848311652472220872889252518689318094402551651e-02
49 130 -9.57058824312926464950024296740593854337930679321e-02
219 130 1.04423678736653043064297463615730521269142627716e-02
227 130 -4.11852543100534908282472912333105341531336307526e-03
50 131 -8.56019435851892995792411511501995846629142761230e-02
220 131 9.33993776463022153111470657904646941460669040680e-03
228 131 -8.23705086201069816564945824666210683062672615051e-03
51 132 -6.53795643524115593914203259373607579618692398071e-02
221 132 7.13349529876577438669560393691426725126802921295e-03
229 132 -1.23555762930160455137507113931860658340156078339e-02
230 133 -1.64741017240213963312989164933242136612534523010e-02
53 134 -7.16197243913529041359211646522453520447015762329e-02
232 134 2.60478419266071195559142381625861162319779396057e-02
236 134 4.68861154678928138128668479112093336880207061768e-02
54 135 -8.26993343132688130125984571350272744894027709961e-02
237 135 5.41394227732875932268541419034590944647789001465e-02
55 136 -7.16197243913529041359211646522453520447015762329e-02
234 136 -2.60478419266071195559142381625861162319779396057e-02
238 136 4.68861154678928138128668479112093336880207061768e-02
52 137 2.90575841566273612714965679515444207936525344849e-02
58 137 -4.91162817642111018678896527944743866100907325745e-02
235 137 2.85339811950630975467824157476570690050721168518e-02
241 137 6.82092613250980112082899609049491118639707565308e-02
53 138 1.45287920783136806357482839757722103968262672424e-02
59 138 -6.21277282294001309548292510953615419566631317139e-02
232 138 1.42669905975315470386677318970214400906115770340e-02
236 138 1.42669905975315487733912078738285345025360584259e-02
242 138 8.62786493219777766983114020149514544755220413208e-02
60 139 -6.58964068960855853251956659732968546450138092041e-02
233 139 1.64741017240213963312989164933242136612534523010e-02
243 139 9.15123270107799091643840938559151254594326019287e-02
55 140 -1.45287920783136806357482839757722103968262672424e-02
61 140 -6.21277282294001309548292510953615419566631317139e-02
234 140 1.42669905975315470386677318970214400906115770340e-02
238 140 -1.42669905975315487733912078738285345025360584259e-02
244 140 8.62786493219777766983114020149514544755220413208e-02
56 141 -2.90575841566273612714965679515444207936525344849e-02
62 141 -4.91162817642111018678896527944743866100907325745e-02
239 141 -2.85339811950630975467824157476570690050721168518e-02
245 141 6.82092613250980112082899609049491118639707565308e-02
57 142 2.98415518297303790362651199075116892345249652863e-02
65 142 -2.87150466365516596201068466598371742293238639832e-02
240 142 2.76279084923687426322835847258829744532704353333e-02
248 142 8.81723617373512680295277732511749491095542907715e-02
52 143 -2.69020954630380532135447424479934852570295333862e-02
58 143 1.98943678864869182010277626204697298817336559296e-02
66 143 -3.75968213703385956137026369106024503707885742188e-02
235 143 1.76115555446142817153099002780436421744525432587e-02
241 143 1.84186056615791605983734058327172533608973026276e-02
249 143 1.15444720532697192583171386104368139058351516724e-01
53 144 -3.40287581977929409760008638841100037097930908203e-02
59 144 9.94718394324345910051388131023486494086682796478e-03
67 144 -4.20345241609969416662906382953224238008260726929e-02
236 144 2.22770514638193188605708172644881415180861949921e-02
242 144 9.20930283078958029918670291635862668044865131378e-03
250 144 1.29071121377288322573662071590661071240901947021e-01
54 145 -3.60929485155250598382714599665632704272866249084e-02
68 145 -4.34130698776785256542964930304151494055986404419e-02
237 145 2.36283812323625150297878860783384880051016807556e-02
251 145 1.33304080952147685490416506581823341548442840576e-01
55 146 -3.40287581977929409760008638841100037097930908203e-02
61 146 -9.94718394324345910051388131023486494086682796478e-03
69 146 -4.20345241609969416662906382953224238008260726929e-02
238 146 2.22770514638193188605708172644881415180861949921e-02
244 146 -9.20930283078958029918670291635862668044865131378e-03
252 146 1.29071121377288322573662071590661071240901947021e-01
56 147 -2.69020954630380532135447424479934852570295333862e-02
62 147 -1.98943678864869182010277626204697298817336559296e-02
70 147 -3.75968213703385956137026369106024503707885742188e-02
239 147 1.76115555446142817153099002780436421744525432587e-02
245 147 -1.84186056615791605983734058327172533608973026276e-02
253 147 1.15444720532697192583171386104368139058351516724e-01
63 148 -2.98415518297303790362651199075116892345249652863e-02
71 148 -2.87150466365516596201068466598371742293238639832e-02
246 148 -2.76279084923687426322835847258829744532704353333e-02
254 148 8.81723617373512680295277732511749491095542907715e-02
64 149 2.38732414637842955962288016280581359751522541046e-02
247 149 2.44350416563895098120973159439017763361334800720e-02
57 150 -5.16870839457930081328740357093920465558767318726e-02
65 150 1.79049310978382225645333392094471491873264312744e-02
240 150 1.59509804052154445519473568992907530628144741058e-02
248 150 1.83262812422921340937964629347334266640245914459e-02
58 151 -6.76742784666094915335676773793238680809736251831e-02
66 151 1.19366207318921477981144008140290679875761270523e-02
241 151 2.08847357473306120823064446767602930776774883270e-02
249 151 1.22175208281947549060486579719508881680667400360e-02
59 152 -7.56621434897945255304563261233852244913578033447e-02
67 152 5.96831036594607389905720040701453399378806352615e-03
242 152 2.33498444115755598993189323664410039782524108887e-02
250 152 6.10876041409737745302432898597544408403337001801e-03
60 153 -7.81435257798213656066366183949867263436317443848e-02
243 153 2.41156156113510565519586492655434994958341121674e-02
61 154 -7.56621434897945255304563261233852244913578033447e-02
69 154 -5.96831036594607389905720040701453399378806352615e-03
244 154 2.33498444115755598993189323664410039782524108887e-02
252 154 -6.10876041409737745302432898597544408403337001801e-03
62 155 -6.76742784666094915335676773793238680809736251831e-02
70 155 -1.19366207318921477981144008140290679875761270523e-02
245 155 2.08847357473306120823064446767602930776774883270e-02
253 155 -1.22175208281947549060486579719508881680667400360e-02
63 156 -5.16870839457930081328740357093920465558767318726e-02
71 156 -1.79049310978382225645333392094471491873264312744e-02
246 156 1.59509804052154445519473568992907530628144741058e-02
254 156 -1.83262812422921340937964629347334266640245914459e-02
72 157 -2.38732414637842955962288016280581359751522541046e-02
255 157 -2.44350416563895098120973159439017763361334800720e-02
74 158 -8.50718954944823663177899675247317645698785781860e-02
259 158 2.74568362067023306882784794424878782592713832855e-02
265 158 4.35369305284565508151750634624477243050932884216e-02
75 159 -1.07608381852152212854178969791973941028118133545e-01
256 159 2.47111525860320910275014227863721316680312156677e-02
260 159 1.37284181033511653441392397212439391296356916428e-02
266 159 5.50703451209763467089075561489153187721967697144e-02
76 160 -1.14135924780252390187129662990628276020288467407e-01
257 160 2.85339811950630975467824157476570690050721168518e-02
267 160 5.84109217159888144399459974920318927615880966187e-02
77 161 -1.07608381852152212854178969791973941028118133545e-01
258 161 2.47111525860320910275014227863721316680312156677e-02
262 161 -1.37284181033511653441392397212439391296356916428e-02
268 161 5.50703451209763467089075561489153187721967697144e-02
78 162 -8.50718954944823663177899675247317645698785781860e-02
263 162 -2.74568362067023306882784794424878782592713832855e-02
269 162 4.35369305284565508151750634624477243050932884216e-02
73 163 2.98415518297303755668181679538975004106760025024e-02
81 163 -5.88483338253957544150551939310389570891857147217e-02
264 163 3.05438020704868785915042650458417483605444431305e-02
272 163 6.82980177209075028921247962898632977157831192017e-02
74 164 1.98943678864869182010277626204697298817336559296e-02
82 164 -7.70505555076874959485877525366959162056446075439e-02
259 164 2.93525925743571315662538978585871518589556217194e-02
265 164 2.03625347136579190610028433638944989070296287537e-02
273 164 8.94230960061411228601002676441567018628120422363e-02
75 165 9.94718394324345910051388131023486494086682796478e-03
83 165 -8.61451399096550274325778673301101662218570709229e-02
260 165 3.71284191063655302778023781229421729221940040588e-02
266 165 1.01812673568289595305014216819472494535148143768e-02
274 165 9.99780607141107779956001877508242614567279815674e-02
84 166 -8.89703179271471439326646191148029174655675888062e-02
261 166 3.93806353872708583829798101305641466751694679260e-02
275 166 1.03256897101830655283372095709637505933642387390e-01
77 167 -9.94718394324345910051388131023486494086682796478e-03
85 167 -8.61451399096550274325778673301101662218570709229e-02
262 167 3.71284191063655302778023781229421729221940040588e-02
268 167 -1.01812673568289595305014216819472494535148143768e-02
276 167 9.99780607141107779956001877508242614567279815674e-02
78 168 -1.98943678864869182010277626204697298817336559296e-02
86 168 -7.70505555076874959485877525366959162056446075439e-02
263 168 2.93525925743571315662538978585871518589556217194e-02
269 168 -2.03625347136579190610028433638944989070296287537e-02
277 168 8.94230960061411228601002676441567018628120422363e-02
79 169 -2.98415518297303755668181679538975004106760025024e-02
87 169 -5.88483338253957544150551939310389570891857147217e-02
270 169 -3.05438020704868785915042650458417483605444431305e-02
278 169 6.82980177209075028921247962898632977157831192017e-02
80 170 3.12284548538268487416491581143418443389236927032e-02
271 170 2.96533831032385238046789055488261510618031024933e-02
73 171 -3.29910768603864368309075416618725284934043884277e-02
81 171 2.34213411403701339541516546205457416363060474396e-02
264 171 2.76279084923687495711774886331113521009683609009e-02
272 171 2.22400373274288902514239651964089716784656047821e-02
74 172 -4.31954591345219823805834380436863284558057785034e-02
82 172 1.56142274269134243708245790571709221694618463516e-02
265 172 3.61734234170265969710023057359649101272225379944e-02
273 172 1.48266915516192619023394527744130755309015512466e-02
75 173 -4.82939914720526969338365574913041200488805770874e-02
83 173 7.80711371345671218541228952858546108473092317581e-03
266 173 4.04431168696770954040786705263599287718534469604e-02
274 173 7.41334577580963095116972638720653776545077562332e-03
76 174 -4.98778199181714940180221162790985545143485069275e-02
267 174 4.17694714946612311035067932607489638030529022217e-02
77 175 -4.82939914720526969338365574913041200488805770874e-02
85 175 -7.80711371345671218541228952858546108473092317581e-03
268 175 4.04431168696770954040786705263599287718534469604e-02
276 175 -7.41334577580963095116972638720653776545077562332e-03
78 176 -4.31954591345219823805834380436863284558057785034e-02
86 176 -1.56142274269134243708245790571709221694618463516e-02
269 176 3.61734234170265969710023057359649101272225379944e-02
277 176 -1.48266915516192619023394527744130755309015512466e-02
79 177 -3.29910768603864368309075416618725284934043884277e-02
87 177 -2.34213411403701339541516546205457416363060474396e-02
270 177 2.76279084923687495711774886331113521009683609009e-02
278 177 -2.22400373274288902514239651964089716784656047821e-02
88 178 -3.12284548538268487416491581143418443389236927032e-02
279 178 -2.96533831032385238046789055488261510618031024933e-02
281 179 1.14860186546206707869366425711632473394274711609e-01
89 180 -5.20956838532142460507223802324006101116538047791e-02
282 180 1.50387285481354437965961778900236822664737701416e-01
90 181 -6.58964068960855853251956659732968546450138092041e-02
283 181 1.68138096643987849931889400068030226975679397583e-01
91 182 -6.98936942580751507936298594358959235250949859619e-02
284 182 1.73652279510714158128337203379487618803977966309e-01
92 183 -6.58964068960855853251956659732968546450138092041e-02
285 183 1.68138096643987849931889400068030226975679397583e-01
93 184 -5.20956838532142460507223802324006101116538047791e-02
286 184 1.50387285481354437965961778900236822664737701416e-01
287 185 1.14860186546206707869366425711632473394274711609e-01
97 186 1.45287920783136806357482839757722103968262672424e-02
103 186 -5.87051851487142666019547476707884925417602062225e-03
290 186 1.01680363345311025602413224078190978616476058960e-01
94 187 -2.92386300462628527518926802031273837201297283173e-02
98 187 7.26439603915684031787414198788610519841313362122e-03
104 187 -7.42568382127310744333925640603411011397838592529e-03
291 187 1.28616616593872301610446129416231997311115264893e-01
95 188 -3.37618618558914729277375954552553594112396240234e-02
105 188 -7.87612707745417167659596202611282933503389358521e-03
292 188 1.36418522650195994661004306180984713137149810791e-01
96 189 -2.92386300462628527518926802031273837201297283173e-02
100 189 -7.26439603915684031787414198788610519841313362122e-03
106 189 -7.42568382127310744333925640603411011397838592529e-03
293 189 1.28616616593872301610446129416231997311115264893e-01
101 190 -1.45287920783136806357482839757722103968262672424e-02
107 190 -5.87051851487142666019547476707884925417602062225e-03
294 190 1.01680363345311025602413224078190978616476058960e-01
102 191 1.30239209633035615126805950581001525279134511948e-02
289 191 1.12790464111015807657789622453492484055459499359e-02
297 191 1.11212897408933933385277725847117835655808448792e-01
97 192 -4.91162817642111018678896527944743866100907325745e-02
103 192 8.68261397553570825336155536433579982258379459381e-03
290 192 7.51936427406772137788104615196971280965954065323e-03
298 192 1.45611863037656552588572367312735877931118011475e-01
98 193 -6.21277282294001309548292510953615419566631317139e-02
104 193 4.34130698776785412668077768216789991129189729691e-03
291 193 3.75968213703386068894052307598485640482977032661e-03
299 193 1.62799012041294488550846608632127754390239715576e-01
99 194 -6.58964068960855853251956659732968546450138092041e-02
300 194 1.68138096643987849931889400068030226975679397583e-01
100 195 -6.21277282294001309548292510953615419566631317139e-02
106 195 -4.34130698776785412668077768216789991129189729691e-03
293 195 -3.75968213703386068894052307598485640482977032661e-03
301 195 1.62799012041294488550846608632127754390239715576e-01
101 196 -4.91162817642111018678896527944743866100907325745e-02
107 196 -8.68261397553570825336155536433579982258379459381e-03
294 196 -7.51936427406772137788104615196971280965954065323e-03
302 196 1.45611863037656552588572367312735877931118011475e-01
108 197 -1.30239209633035615126805950581001525279134511948e-02
295 197 -1.12790464111015807657789622453492484055459499359e-02
303 197 1.11212897408933933385277725847117835655808448792e-01
296 198 1.02734074010249962216612118481862125918269157410e-02
102 199 -6.76742784666094776557798695648671127855777740479e-02
289 199 2.17065349388392706334038884108394995564594864845e-03
297 199 7.70505555076874803360764687454320664983242750168e-03
103 200 -8.86064296213594226880871929097338579595088958740e-02
290 200 2.84205255521241669999787937683777272468432784081e-03
298 200 5.13670370051249811083060592409310629591345787048e-03
104 201 -9.90649999384553281434051541509688831865787506104e-02
291 201 3.17751135454096955007541325244346808176487684250e-03
299 201 2.56835185025624905541530296204655314795672893524e-03
105 202 -1.02313891987646995995753229635738534852862358093e-01
292 202 3.28171961560590544348947616981604369357228279114e-03
106 203 -9.90649999384553281434051541509688831865787506104e-02
293 203 3.17751135454096955007541325244346808176487684250e-03
301 203 -2.56835185025624905541530296204655314795672893524e-03
107 204 -8.86064296213594226880871929097338579595088958740e-02
294 204 2.84205255521241669999787937683777272468432784081e-03
302 204 -5.13670370051249811083060592409310629591345787048e-03
108 205 -6.76742784666094776557798695648671127855777740479e-02
295 205 2.17065349388392706334038884108394995564594864845e-03
303 205 -7.70505555076874803360764687454320664983242750168e-03
304 206 -1.02734074010249962216612118481862125918269157410e-02
110 207 2.17931881174705209536224259636583155952394008636e-02
114 207 -1.91411764862585327684474378884260659106075763702e-02
306 207 8.56019435851892995792411511501995846629142761230e-02
115 208 -2.21023267938949934119374773899835417978465557098e-02
307 208 9.88446103441283779877934989599452819675207138062e-02
112 209 -2.17931881174705209536224259636583155952394008636e-02
116 209 -1.91411764862585327684474378884260659106075763702e-02
308 209 8.56019435851892995792411511501995846629142761230e-02
113 210 2.32978980860250421691670652535322005860507488251e-02
119 210 -1.76115555446142817153099002780436421744525432587e-02
305 210 1.73652279510714165067231107286715996451675891876e-02
311 210 9.28210477659138083472711855392844881862401962280e-02
110 211 -2.38732414637843025351227055352865136228501796722e-02
114 211 1.16489490430125210845835326267661002930253744125e-02
120 211 -2.22770514638193188605708172644881415180861949921e-02
306 211 8.68261397553570825336155536433579982258379459381e-03
312 211 1.17410370297428526265015591434348607435822486877e-01
111 212 -2.75664447710896043375328190450090914964675903320e-02
121 212 -2.36283812323625150297878860783384880051016807556e-02
313 212 1.24532503528402990755630241892504272982478141785e-01
112 213 -2.38732414637843025351227055352865136228501796722e-02
116 213 -1.16489490430125210845835326267661002930253744125e-02
122 213 -2.22770514638193188605708172644881415180861949921e-02
308 213 -8.68261397553570825336155536433579982258379459381e-03
314 213 1.17410370297428526265015591434348607435822486877e-01
117 214 -2.32978980860250421691670652535322005860507488251e-02
123 214 -1.76115555446142817153099002780436421744525432587e-02
309 214 -1.73652279510714165067231107286715996451675891876e-02
315 214 9.28210477659138083472711855392844881862401962280e-02
118 215 2.14004858962973214253633358339357073418796062469e-02
126 215 -1.18891588312762790796695000494764826726168394089e-02
310 215 1.87984106851693047457452223625296028330922126770e-02
318 215 1.03912124829523944136155932937981560826301574707e-01
113 216 -4.31393246609888883491557010074757272377610206604e-02
119 216 1.42669905975315487733912078738285345025360584259e-02
127 216 -1.55665629410503582319424964452991844154894351959e-02
305 216 5.35902569141134561131467606287515081930905580521e-03
311 216 1.25322737901128692522556562494173704180866479874e-02
319 216 1.36052907901426711756442955447710119187831878662e-01
114 217 -5.45674090600784048032956263796222629025578498840e-02
120 217 7.13349529876577438669560393691426725126802921295e-03
128 217 -1.74039464561088277894107534393697278574109077454e-02
306 217 6.77869088968740055034523095400800229981541633606e-03
312 217 6.26613689505643462612782812470868520904332399368e-03
320 217 1.52111775302054219594083406263962388038635253906e-01
115 218 -5.78774774672425260102492927671846700832247734070e-02
129 218 -1.79747186087453568459348929309271625243127346039e-02
307 218 7.18988744349814776907203750511143880430608987808e-03
321 218 1.57100366001840185958826623391360044479370117188e-01
116 219 -5.45674090600784048032956263796222629025578498840e-02
122 219 -7.13349529876577438669560393691426725126802921295e-03
130 219 -1.74039464561088277894107534393697278574109077454e-02
308 219 6.77869088968740055034523095400800229981541633606e-03
314 219 -6.26613689505643462612782812470868520904332399368e-03
322 219 1.52111775302054219594083406263962388038635253906e-01
117 220 -4.31393246609888883491557010074757272377610206604e-02
123 220 -1.42669905975315487733912078738285345025360584259e-02
131 220 -1.55665629410503582319424964452991844154894351959e-02
309 220 5.35902569141134561131467606287515081930905580521e-03
315 220 -1.25322737901128692522556562494173704180866479874e-02
323 220 1.36052907901426711756442955447710119187831878662e-01
124 221 -2.14004858962973214253633358339357073418796062469e-02
132 221 -1.18891588312762790796695000494764826726168394089e-02
316 221 -1.87984106851693047457452223625296028330922126770e-02
324 221 1.03912124829523944136155932937981560826301574707e-01
125 222 1.64741017240213928618519645397100248374044895172e-02
317 222 1.72781836538087874011182520916918292641639709473e-02
118 223 -6.17778814650802449159883167340012732893228530884e-02
126 223 1.23555762930160437790272354163789714220911264420e-02
310 223 6.51196048165178162370203551745362346991896629333e-03
318 223 1.29586377403565905508386890687688719481229782104e-02
119 224 -8.08862337393541630525817254238063469529151916504e-02
127 224 8.23705086201069643092598226985501241870224475861e-03
311 224 8.52615766563724966631276913631154457107186317444e-03
319 224 8.63909182690439370055912604584591463208198547363e-03
120 225 -9.04335585425664612024831967573845759034156799316e-02
128 225 4.11852543100534821546299113492750620935112237930e-03
312 225 9.53253406362290778286450176892685703933238983154e-03
320 225 4.31954591345219685027956302292295731604099273682e-03
121 226 -9.33993776463022395972757294657640159130096435547e-02
313 226 9.84515884681771806519190448625522549264132976532e-03
122 227 -9.04335585425664612024831967573845759034156799316e-02
130 227 -4.11852543100534821546299113492750620935112237930e-03
314 227 9.53253406362290778286450176892685703933238983154e-03
322 227 -4.31954591345219685027956302292295731604099273682e-03
123 228 -8.08862337393541630525817254238063469529151916504e-02
131 228 -8.23705086201069643092598226985501241870224475861e-03
315 228 8.52615766563724966631276913631154457107186317444e-03
323 228 -8.63909182690439370055912604584591463208198547363e-03
124 229 -6.17778814650802449159883167340012732893228530884e-02
132 229 -1.23555762930160437790272354163789714220911264420e-02
316 229 6.51196048165178162370203551745362346991896629333e-03
324 229 -1.29586377403565905508386890687688719481229782104e-02
133 230 -1.64741017240213928618519645397100248374044895172e-02
325 230 -1.72781836538087874011182520916918292641639709473e-02
135 231 -5.20956838532142460507223802324006101116538047791e-02
327 231 6.01549141925417710230483692157577024772763252258e-02
134 232 2.60478419266071230253611901162003050558269023895e-02
138 232 -4.28009717925946497896205755750997923314571380615e-02
326 232 2.25580928222031615315579244906984968110918998718e-02
330 232 6.76742784666094915335676773793238680809736251831e-02
139 233 -4.94223051720641889938967494799726409837603569031e-02
331 233 7.81435257798213656066366183949867263436317443848e-02
136 234 -2.60478419266071230253611901162003050558269023895e-02
140 234 -4.28009717925946497896205755750997923314571380615e-02
328 234 -2.25580928222031615315579244906984968110918998718e-02
332 234 6.76742784666094915335676773793238680809736251831e-02
137 235 2.85339811950630975467824157476570690050721168518e-02
143 235 -3.52231110892285564917258966488589067012071609497e-02
329 235 2.50645475802257385045113124988347408361732959747e-02
335 235 7.94871964499032218620655498853011522442102432251e-02
134 236 -1.56287051559642758968848852418886963278055191040e-02
138 236 1.42669905975315487733912078738285345025360584259e-02
144 236 -4.45541029276386307822477306217479053884744644165e-02
326 236 7.51936427406772137788104615196971280965954065323e-03
330 236 1.25322737901128692522556562494173704180866479874e-02
336 236 1.00544234241177712907422403532109456136822700500e-01
135 237 -1.80464742577625333885826819368958240374922752380e-02
145 237 -4.72567624647250300595757721566769760102033615112e-02
327 237 8.68261397553570825336155536433579982258379459381e-03
337 237 1.06643264761718134514545397451001917943358421326e-01
136 238 -1.56287051559642758968848852418886963278055191040e-02
140 238 -1.42669905975315487733912078738285345025360584259e-02
146 238 -4.45541029276386307822477306217479053884744644165e-02
328 238 7.51936427406772137788104615196971280965954065323e-03
332 238 -1.25322737901128692522556562494173704180866479874e-02
338 238 1.00544234241177712907422403532109456136822700500e-01
141 239 -2.85339811950630975467824157476570690050721168518e-02
147 239 -3.52231110892285564917258966488589067012071609497e-02
333 239 -2.50645475802257385045113124988347408361732959747e-02
339 239 7.94871964499032218620655498853011522442102432251e-02
142 240 2.76279084923687426322835847258829744532704353333e-02
150 240 -2.65849673420257386069476268630751292221248149872e-02
334 240 2.49389099590857400701171542323208996094763278961e-02
342 240 9.29418299221036747770341435170848853886127471924e-02
137 241 -3.41046306625490056041449804524745559319853782654e-02
143 241 1.84186056615791605983734058327172533608973026276e-02
151 241 -3.48078929122176833343971225076529663056135177612e-02
329 241 1.19831457391635799042406418379869137424975633621e-02
335 241 1.66259399727238244004468015191378071904182434082e-02
343 241 1.21689420241643378450824286574061261489987373352e-01
138 242 -4.31393246609888883491557010074757272377610206604e-02
144 242 9.20930283078958029918670291635862668044865131378e-03
152 242 -3.89164073526259285396022846725827548652887344360e-02
330 242 1.51576136277995574680454993199418822769075632095e-02
336 242 8.31296998636191220022340075956890359520912170410e-03
344 242 1.36052907901426711756442955447710119187831878662e-01
139 243 -4.57561635053899545821920469279575627297163009644e-02
153 243 -4.01926926855850838449235595817299326881766319275e-02
331 243 1.60770770742340377013057661770289996638894081116e-02
345 243 1.40514839068084596007679465401452034711837768555e-01
140 244 -4.31393246609888883491557010074757272377610206604e-02
146 244 -9.20930283078958029918670291635862668044865131378e-03
154 244 -3.89164073526259285396022846725827548652887344360e-02
332 244 1.51576136277995574680454993199418822769075632095e-02
338 244 -8.31296998636191220022340075956890359520912170410e-03
346 244 1.36052907901426711756442955447710119187831878662e-01
141 245 -3.41046306625490056041449804524745559319853782654e-02
147 245 -1.84186056615791605983734058327172533608973026276e-02
155 245 -3.48078929122176833343971225076529663056135177612e-02
333 245 1.19831457391635799042406418379869137424975633621e-02
339 245 -1.66259399727238244004468015191378071904182434082e-02
347 245 1.21689420241643378450824286574061261489987373352e-01
148 246 -2.76279084923687426322835847258829744532704353333e-02
156 246 -2.65849673420257386069476268630751292221248149872e-02
340 246 -2.49389099590857400701171542323208996094763278961e-02
348 246 9.29418299221036747770341435170848853886127471924e-02
149 247 2.44350416563895098120973159439017763361334800720e-02
341 247 2.32978980860250491080609691607605782337486743927e-02
142 248 -5.29034170424107566543803216063679428771138191223e-02
150 248 1.83262812422921340937964629347334266640245914459e-02
334 248 1.30239209633035632474040710349072469398379325867e-02
342 248 1.74734235645187876984074648589739808812737464905e-02
143 249 -6.92668323196183044476725854110554791986942291260e-02
151 249 1.22175208281947549060486579719508881680667400360e-02
335 249 1.70523153312744993326255382726230891421437263489e-02
343 249 1.16489490430125245540304845803802891168743371964e-02
144 250 -7.74426728263729879930821198286139406263828277588e-02
152 250 6.10876041409737745302432898597544408403337001801e-03
336 250 1.90650681272458155657290035378537140786647796631e-02
344 250 5.82447452150626227701524229019014455843716859818e-03
145 251 -7.99824485712885974164620961346372496336698532104e-02
337 251 1.96903176936354361303838089725104509852826595306e-02
146 252 -7.74426728263729879930821198286139406263828277588e-02
154 252 -6.10876041409737745302432898597544408403337001801e-03
338 252 1.90650681272458155657290035378537140786647796631e-02
346 252 -5.82447452150626227701524229019014455843716859818e-03
147 253 -6.92668323196183044476725854110554791986942291260e-02
155 253 -1.22175208281947549060486579719508881680667400360e-02
339 253 1.70523153312744993326255382726230891421437263489e-02
347 253 -1.16489490430125245540304845803802891168743371964e-02
148 254 -5.29034170424107566543803216063679428771138191223e-02
156 254 -1.83262812422921340937964629347334266640245914459e-02
340 254 1.30239209633035632474040710349072469398379325867e-02
348 254 -1.74734235645187876984074648589739808812737464905e-02
157 255 -2.44350416563895098120973159439017763361334800720e-02
349 255 -2.32978980860250491080609691607605782337486743927e-02
159 256 -7.41334577580962661436103644518880173563957214355e-02
351 256 2.56835185025624974930469335276939091272652149200e-02
355 256 4.31954591345219823805834380436863284558057785034e-02
160 257 -8.56019435851892995792411511501995846629142761230e-02
356 257 4.98778199181714940180221162790985545143485069275e-02
161 258 -7.41334577580962661436103644518880173563957214355e-02
353 258 -2.56835185025624974930469335276939091272652149200e-02
357 258 4.31954591345219823805834380436863284558057785034e-02
158 259 2.74568362067023306882784794424878782592713832855e-02
164 259 -5.87051851487142631325077957171743037179112434387e-02
354 259 2.87969727563479847842753400755100301466882228851e-02
360 259 6.15705176174384943843520545669889543205499649048e-02
159 260 1.37284181033511653441392397212439391296356916428e-02
165 260 -7.42568382127310605556047562458843458443880081177e-02
351 260 1.54101111015374960672152937490864132996648550034e-02
355 260 1.43984863781739923921376700377550150733441114426e-02
361 260 7.78812289546517433347361247797380201518535614014e-02
166 261 -7.87612707745417167659596202611282933503389358521e-02
352 261 1.77940635854294260109753622600692324340343475342e-02
362 261 8.26055176814645270022552381306013558059930801392e-02
161 262 -1.37284181033511653441392397212439391296356916428e-02
167 262 -7.42568382127310605556047562458843458443880081177e-02
353 262 1.54101111015374960672152937490864132996648550034e-02
357 262 -1.43984863781739923921376700377550150733441114426e-02
363 262 7.78812289546517433347361247797380201518535614014e-02
162 263 -2.74568362067023306882784794424878782592713832855e-02
168 263 -5.87051851487142631325077957171743037179112434387e-02
358 263 -2.87969727563479847842753400755100301466882228851e-02
364 263 6.15705176174384943843520545669889543205499649048e-02
163 264 3.05438020704868855303981689530701260082423686981e-02
171 264 -4.60465141539478997612100386049860389903187751770e-02
359 264 2.91223726075313105177144734625471755862236022949e-02
367 264 7.82640247346355760749148089416848961263895034790e-02
158 265 -2.17684652642282754075875317312238621525466442108e-02
164 265 2.03625347136579225304497953175086877308785915375e-02
172 265 -6.02890390283776361757261952334374655038118362427e-02
354 265 2.07554172547338398879812615405171527527272701263e-02
360 265 1.94149150716875391886606649904933874495327472687e-02
368 265 1.02471662153818185436726651005301391705870628357e-01
159 266 -2.75351725604881733544537780744576593860983848572e-02
165 266 1.01812673568289612652248976587543438654392957687e-02
173 266 -6.74051947827951497549392456676287110894918441772e-02
355 266 2.62537569248472470173627613121425383724272251129e-02
361 266 9.70745753584376959433033249524669372476637363434e-03
369 266 1.14566801171664983671760751349211204797029495239e-01
160 267 -2.92054608579944072199729987460159463807940483093e-02
174 267 -6.96157858244353666687942450153059326112270355225e-02
356 267 2.78463143297741529125222115226279129274189472198e-02
370 267 1.18324083457630624405254593511926941573619842529e-01
161 268 -2.75351725604881733544537780744576593860983848572e-02
167 268 -1.01812673568289612652248976587543438654392957687e-02
175 268 -6.74051947827951497549392456676287110894918441772e-02
357 268 2.62537569248472470173627613121425383724272251129e-02
363 268 -9.70745753584376959433033249524669372476637363434e-03
371 268 1.14566801171664983671760751349211204797029495239e-01
162 269 -2.17684652642282754075875317312238621525466442108e-02
168 269 -2.03625347136579225304497953175086877308785915375e-02
176 269 -6.02890390283776361757261952334374655038118362427e-02
358 269 2.07554172547338398879812615405171527527272701263e-02
364 269 -1.94149150716875391886606649904933874495327472687e-02
372 269 1.02471662153818185436726651005301391705870628357e-01
169 270 -3.05438020704868855303981689530701260082423686981e-02
177 270 -4.60465141539478997612100386049860389903187751770e-02
365 270 -2.91223726075313105177144734625471755862236022949e-02
373 270 7.82640247346355760749148089416848961263895034790e-02
170 271 2.96533831032385238046789055488261510618031024933e-02
366 271 2.80005887198992164943689431311213411390781402588e-02
163 272 -4.09788106325444934086021930852439254522323608398e-02
171 272 2.22400373274288902514239651964089716784656047821e-02
359 272 2.17065349388392697660421504224359523504972457886e-02
367 272 2.10004415399244123707767073483410058543086051941e-02
164 273 -5.36538576036846778793965029308310477063059806824e-02
172 273 1.48266915516192619023394527744130755309015512466e-02
360 273 2.84205255521241678673405317567812744528055191040e-02
368 273 1.40002943599496082471844715655606705695390701294e-02
165 274 -5.99868364284664584706874279618205036967992782593e-02
173 274 7.41334577580963095116972638720653776545077562332e-03
361 274 3.17751135454096833576898006867850199341773986816e-02
369 274 7.00014717997480412359223578278033528476953506470e-03
166 275 -6.19541382610983987211383805515652056783437728882e-02
362 275 3.28171961560590544348947616981604369357228279114e-02
167 276 -5.99868364284664584706874279618205036967992782593e-02
175 276 -7.41334577580963095116972638720653776545077562332e-03
363 276 3.17751135454096833576898006867850199341773986816e-02
371 276 -7.00014717997480412359223578278033528476953506470e-03
168 277 -5.36538576036846778793965029308310477063059806824e-02
176 277 -1.48266915516192619023394527744130755309015512466e-02
364 277 2.84205255521241678673405317567812744528055191040e-02
372 277 -1.40002943599496082471844715655606705695390701294e-02
169 278 -4.09788106325444934086021930852439254522323608398e-02
177 278 -2.22400373274288902514239651964089716784656047821e-02
365 278 2.17065349388392697660421504224359523504972457886e-02
373 278 -2.10004415399244123707767073483410058543086051941e-02
178 279 -2.96533831032385238046789055488261510618031024933e-02
374 279 -2.80005887198992164943689431311213411390781402588e-02
179 281 -6.89161119277240247216198554269794840365648269653e-02
180 282 -9.02323712888126600040195057772507425397634506226e-02
181 283 -1.00882857986392709959133640040818136185407638550e-01
182 284 -1.04191367706428505979232568279257975518703460693e-01
183 285 -1.00882857986392709959133640040818136185407638550e-01
184 286 -9.02323712888126600040195057772507425397634506226e-02
185 287 -6.89161119277240247216198554269794840365648269653e-02
191 289 1.12790464111015807657789622453492484055459499359e-02
199 289 -3.61775582313987814978006873900540085742250084877e-03
186 290 -5.08401816726555128012066120390954893082380294800e-02
192 290 7.51936427406772137788104615196971280965954065323e-03
200 290 -4.73675425868736073298226330052784760482609272003e-03
187 291 -6.43083082969361508052230647081159986555576324463e-02
193 291 3.75968213703386068894052307598485640482977032661e-03
201 291 -5.29585225756828200521786342847008199896663427353e-03
188 292 -6.82092613250979973305021530904923565685749053955e-02
202 292 -5.46953269267650907248246028302673948928713798523e-03
189 293 -6.43083082969361508052230647081159986555576324463e-02
195 293 -3.75968213703386068894052307598485640482977032661e-03
203 293 -5.29585225756828200521786342847008199896663427353e-03
190 294 -5.08401816726555128012066120390954893082380294800e-02
196 294 -7.51936427406772137788104615196971280965954065323e-03
204 294 -4.73675425868736073298226330052784760482609272003e-03
197 295 -1.12790464111015807657789622453492484055459499359e-02
205 295 -3.61775582313987814978006873900540085742250084877e-03
198 296 1.02734074010249962216612118481862125918269157410e-02
191 297 -6.67277384453603544800515123824879992753267288208e-02
199 297 7.70505555076874803360764687454320664983242750168e-03
192 298 -8.73671178225939315531434203876415267586708068848e-02
200 298 5.13670370051249811083060592409310629591345787048e-03
193 299 -9.76794072247766931305079651792766526341438293457e-02
201 299 2.56835185025624905541530296204655314795672893524e-03
194 300 -1.00882857986392709959133640040818136185407638550e-01
195 301 -9.76794072247766931305079651792766526341438293457e-02
203 301 -2.56835185025624905541530296204655314795672893524e-03
196 302 -8.73671178225939315531434203876415267586708068848e-02
204 302 -5.13670370051249811083060592409310629591345787048e-03
197 303 -6.67277384453603544800515123824879992753267288208e-02
205 303 -7.70505555076874803360764687454320664983242750168e-03
206 304 -1.02734074010249962216612118481862125918269157410e-02
210 305 1.73652279510714199761700626822857884690165519714e-02
216 305 -1.07180513828226808142884962649077351670712232590e-02
207 306 -2.85339811950630940773354637940428801812231540680e-02
211 306 8.68261397553570998808503134114289423450827598572e-03
217 306 -1.35573817793747889576261300703663437161594629288e-02
208 307 -3.29482034480427996014917368938768049702048301697e-02
218 307 -1.43797748869962851298032191493803111370652914047e-02
209 308 -2.85339811950630940773354637940428801812231540680e-02
213 308 -8.68261397553570998808503134114289423450827598572e-03
219 308 -1.35573817793747889576261300703663437161594629288e-02
214 309 -1.73652279510714199761700626822857884690165519714e-02
220 309 -1.07180513828226808142884962649077351670712232590e-02
215 310 1.87984106851693082151921743161437916569411754608e-02
223 310 -1.08532674694196418219149791184463538229465484619e-02
210 311 -4.64105238829569180514234005840989993885159492493e-02
216 311 1.25322737901128709869791322262244648300111293793e-02
224 311 -1.42102627760620943420111217392332036979496479034e-02
211 312 -5.87051851487142631325077957171743037179112434387e-02
217 312 6.26613689505643549348956611311223241500556468964e-03
225 312 -1.58875567727048555566327081578492652624845504761e-02
212 313 -6.22662517642014884389212170390237588435411453247e-02
226 313 -1.64085980780295376257882367099227849394083023071e-02
213 314 -5.87051851487142631325077957171743037179112434387e-02
219 314 -6.26613689505643549348956611311223241500556468964e-03
227 314 -1.58875567727048555566327081578492652624845504761e-02
214 315 -4.64105238829569180514234005840989993885159492493e-02
220 315 -1.25322737901128709869791322262244648300111293793e-02
228 315 -1.42102627760620943420111217392332036979496479034e-02
221 316 -1.87984106851693082151921743161437916569411754608e-02
229 316 -1.08532674694196418219149791184463538229465484619e-02
222 317 1.72781836538087908705652040453060180880129337311e-02
215 318 -6.23472748977143623183572174184519099071621894836e-02
223 318 1.29586377403565922855621650455759663600474596024e-02
216 319 -8.16317447408560353805384579573001246899366378784e-02
224 319 8.63909182690439543528260202265300904400646686554e-03
217 320 -9.12670651812325373075651668841601349413394927979e-02
225 320 4.31954591345219771764130101132650452200323343277e-03
218 321 -9.42602196011041032486232893461419735103845596313e-02
219 322 -9.12670651812325373075651668841601349413394927979e-02
227 322 -4.31954591345219771764130101132650452200323343277e-03
220 323 -8.16317447408560353805384579573001246899366378784e-02
228 323 -8.63909182690439543528260202265300904400646686554e-03
221 324 -6.23472748977143623183572174184519099071621894836e-02
229 324 -1.29586377403565922855621650455759663600474596024e-02
230 325 -1.72781836538087908705652040453060180880129337311e-02
232 326 2.25580928222031684704518283979268744587898254395e-02
236 326 -2.25580928222031580621109725370843079872429370880e-02
237 327 -2.60478419266071126170203342553577385842800140381e-02
234 328 -2.25580928222031684704518283979268744587898254395e-02
238 328 -2.25580928222031580621109725370843079872429370880e-02
235 329 2.50645475802257385045113124988347408361732959747e-02
241 329 -2.39662914783271632779282356295880163088440895081e-02
232 330 -2.25580928222031684704518283979268744587898254395e-02
236 330 1.25322737901128692522556562494173704180866479874e-02
242 330 -3.03152272555991114666440466862695757299661636353e-02
233 331 -2.60478419266071299642550940234286827035248279572e-02
243 331 -3.21541541484680684637176284468296216800808906555e-02
234 332 -2.25580928222031684704518283979268744587898254395e-02
238 332 -1.25322737901128692522556562494173704180866479874e-02
244 332 -3.03152272555991114666440466862695757299661636353e-02
239 333 -2.50645475802257385045113124988347408361732959747e-02
245 333 -2.39662914783271632779282356295880163088440895081e-02
240 334 2.49389099590857400701171542323208996094763278961e-02
248 334 -2.17065349388392697660421504224359523504972457886e-02
235 335 -3.97435982249516109310327749426505761221051216125e-02
241 335 1.66259399727238244004468015191378071904182434082e-02
249 335 -2.84205255521241678673405317567812744528055191040e-02
236 336 -5.02721171205888633926051056732831057161092758179e-02
242 336 8.31296998636191220022340075956890359520912170410e-03
250 336 -3.17751135454096972354776085012417752295732498169e-02
237 337 -5.33216323808590741961666026327293366193771362305e-02
251 337 -3.28171961560590613737886656053888145834207534790e-02
238 338 -5.02721171205888633926051056732831057161092758179e-02
244 338 -8.31296998636191220022340075956890359520912170410e-03
252 338 -3.17751135454096972354776085012417752295732498169e-02
239 339 -3.97435982249516109310327749426505761221051216125e-02
245 339 -1.66259399727238244004468015191378071904182434082e-02
253 339 -2.84205255521241678673405317567812744528055191040e-02
246 340 -2.49389099590857400701171542323208996094763278961e-02
254 340 -2.17065349388392697660421504224359523504972457886e-02
247 341 2.32978980860250491080609691607605782337486743927e-02
240 342 -5.57650979532622048662204861102509312331676483154e-02
248 342 1.74734235645187876984074648589739808812737464905e-02
241 343 -7.30136521449860215193794488186540547758340835571e-02
249 343 1.16489490430125245540304845803802891168743371964e-02
242 344 -8.16317447408560353805384579573001246899366378784e-02
250 344 5.82447452150626227701524229019014455843716859818e-03
243 345 -8.43089034408507492779349945521971676498651504517e-02
244 346 -8.16317447408560353805384579573001246899366378784e-02
252 346 -5.82447452150626227701524229019014455843716859818e-03
245 347 -7.30136521449860215193794488186540547758340835571e-02
253 347 -1.16489490430125245540304845803802891168743371964e-02
246 348 -5.57650979532622048662204861102509312331676483154e-02
254 348 -1.74734235645187876984074648589739808812737464905e-02
255 349 -2.32978980860250491080609691607605782337486743927e-02
257 350 -5.30516476972984485360740336545859463512897491455e-02
256 351 2.56835185025624940235999815740797203034162521362e-02
260 351 -4.62303333046124934058163091776805231347680091858e-02
261 352 -5.33821907562882919107138945946644525974988937378e-02
258 353 -2.56835185025624940235999815740797203034162521362e-02
262 353 -4.62303333046124934058163091776805231347680091858e-02
259 354 2.87969727563479778453814361682816524989902973175e-02
265 354 -4.15108345094676589592808113593491725623607635498e-02
256 355 -1.43984863781739906574141940609479206614196300507e-02
260 355 1.43984863781739889226907180841408262494951486588e-02
266 355 -5.25075138496944940347255226242850767448544502258e-02
257 356 -1.66259399727238244004468015191378071904182434082e-02
267 356 -5.56926286595482919472566152307990705594420433044e-02
258 357 -1.43984863781739906574141940609479206614196300507e-02
262 357 -1.43984863781739889226907180841408262494951486588e-02
268 357 -5.25075138496944940347255226242850767448544502258e-02
263 358 -2.87969727563479778453814361682816524989902973175e-02
269 358 -4.15108345094676589592808113593491725623607635498e-02
264 359 2.91223726075313105177144734625471755862236022949e-02
272 359 -3.61775582313987875693328533088788390159606933594e-02
259 360 -3.07852588087192576005168831443370436318218708038e-02
265 360 1.94149150716875391886606649904933874495327472687e-02
273 360 -4.73675425868736177381634888661210425198078155518e-02
260 361 -3.89406144773258786062619662970973877236247062683e-02
266 361 9.70745753584376959433033249524669372476637363434e-03
274 361 -5.29585225756828148480082063542795367538928985596e-02
261 362 -4.13027588407322635011276190653006779029965400696e-02
275 362 -5.46953269267650907248246028302673948928713798523e-02
262 363 -3.89406144773258786062619662970973877236247062683e-02
268 363 -9.70745753584376959433033249524669372476637363434e-03
276 363 -5.29585225756828148480082063542795367538928985596e-02
263 364 -3.07852588087192576005168831443370436318218708038e-02
269 364 -1.94149150716875391886606649904933874495327472687e-02
277 364 -4.73675425868736177381634888661210425198078155518e-02
270 365 -2.91223726075313105177144734625471755862236022949e-02
278 365 -3.61775582313987875693328533088788390159606933594e-02
271 366 2.80005887198992164943689431311213411390781402588e-02
264 367 -4.69584148407813511960640084907936397939920425415e-02
272 367 2.10004415399244123707767073483410058543086051941e-02
265 368 -6.14829972922909112620359906031808350235223770142e-02
273 368 1.40002943599496082471844715655606705695390701294e-02
266 369 -6.87400807029990013052866970610921271145343780518e-02
274 369 7.00014717997480412359223578278033528476953506470e-03
267 370 -7.09944500745783857453830023587215691804885864258e-02
268 371 -6.87400807029990013052866970610921271145343780518e-02
276 371 -7.00014717997480412359223578278033528476953506470e-03
269 372 -6.14829972922909112620359906031808350235223770142e-02
277 372 -1.40002943599496082471844715655606705695390701294e-02
270 373 -4.69584148407813511960640084907936397939920425415e-02
278 373 -2.10004415399244123707767073483410058543086051941e-02
279 374 -2.80005887198992164943689431311213411390781402588e-02
