94 1 -7.54938181567305632846398566471179947257041931152e-02
134 1 2.46561777624599937075444699985382612794637680054e-01
95 2 -7.54938181567305632846398566471179947257041931152e-02
135 2 2.46561777624599937075444699985382612794637680054e-01
96 3 -7.54938181567305632846398566471179947257041931152e-02
136 3 2.46561777624599937075444699985382612794637680054e-01
113 4 -6.38039216208617782077894275971630122512578964233e-02
158 4 2.85339811950630961590036349662113934755325317383e-01
114 5 -6.38039216208617782077894275971630122512578964233e-02
159 5 2.85339811950630961590036349662113934755325317383e-01
115 6 -6.38039216208617782077894275971630122512578964233e-02
160 6 2.85339811950630961590036349662113934755325317383e-01
116 7 -6.38039216208617782077894275971630122512578964233e-02
161 7 2.85339811950630961590036349662113934755325317383e-01
117 8 -6.38039216208617782077894275971630122512578964233e-02
162 8 2.85339811950630961590036349662113934755325317383e-01
102 9 -4.03531431945570867592110175792186055332422256470e-02
142 9 -6.16404444061499773299672710891172755509614944458e-02
103 10 -4.03531431945570867592110175792186055332422256470e-02
143 10 -6.16404444061499773299672710891172755509614944458e-02
104 11 -4.03531431945570867592110175792186055332422256470e-02
144 11 -6.16404444061499773299672710891172755509614944458e-02
105 12 -4.03531431945570867592110175792186055332422256470e-02
145 12 -6.16404444061499773299672710891172755509614944458e-02
106 13 -4.03531431945570867592110175792186055332422256470e-02
146 13 -6.16404444061499773299672710891172755509614944458e-02
107 14 -4.03531431945570867592110175792186055332422256470e-02
147 14 -6.16404444061499773299672710891172755509614944458e-02
108 15 -4.03531431945570867592110175792186055332422256470e-02
148 15 -6.16404444061499773299672710891172755509614944458e-02
125 16 -8.50718954944823663177899675247317645698785781860e-02
170 16 -6.08346523126496799283025040949723916128277778625e-02
126 17 -8.50718954944823663177899675247317645698785781860e-02
171 17 -6.08346523126496799283025040949723916128277778625e-02
127 18 -8.50718954944823663177899675247317645698785781860e-02
172 18 -6.08346523126496799283025040949723916128277778625e-02
128 19 -8.50718954944823663177899675247317645698785781860e-02
173 19 -6.08346523126496799283025040949723916128277778625e-02
129 20 -8.50718954944823663177899675247317645698785781860e-02
174 20 -6.08346523126496799283025040949723916128277778625e-02
130 21 -8.50718954944823663177899675247317645698785781860e-02
175 21 -6.08346523126496799283025040949723916128277778625e-02
131 22 -8.50718954944823663177899675247317645698785781860e-02
176 22 -6.08346523126496799283025040949723916128277778625e-02
132 23 -8.50718954944823663177899675247317645698785781860e-02
177 23 -6.08346523126496799283025040949723916128277778625e-02
133 24 -8.50718954944823663177899675247317645698785781860e-02
178 24 -6.08346523126496799283025040949723916128277778625e-02
37 25 -1.50987636313461126569279713294235989451408386230e-01
207 25 1.84921333218449945867689621081808581948280334473e-01
38 26 -1.50987636313461126569279713294235989451408386230e-01
208 26 1.84921333218449945867689621081808581948280334473e-01
39 27 -1.50987636313461126569279713294235989451408386230e-01
209 27 1.84921333218449945867689621081808581948280334473e-01
28 28 1.06764381512576556065852173560415394604206085205e-01
231 28 2.79574777032300603174519437743583694100379943848e-01
29 29 -5.33821907562882780329260867802076973021030426025e-02
232 29 2.28271849560504780374259325981256552040576934814e-01
30 30 -5.33821907562882780329260867802076973021030426025e-02
233 30 2.28271849560504780374259325981256552040576934814e-01
31 31 -5.33821907562882780329260867802076973021030426025e-02
234 31 2.28271849560504780374259325981256552040576934814e-01
32 32 1.06764381512576573413086933328486338723450899124e-02
52 32 -2.09214605927716984501429919873771723359823226929e-01
186 32 -7.84554772228938657185892679990502074360847473145e-02
235 32 1.36963109736302851571210226211405824869871139526e-01
33 33 1.06764381512576573413086933328486338723450899124e-02
53 33 -2.09214605927716984501429919873771723359823226929e-01
187 33 -7.84554772228938657185892679990502074360847473145e-02
236 33 1.36963109736302851571210226211405824869871139526e-01
34 34 1.06764381512576573413086933328486338723450899124e-02
54 34 -2.09214605927716984501429919873771723359823226929e-01
188 34 -7.84554772228938657185892679990502074360847473145e-02
237 34 1.36963109736302851571210226211405824869871139526e-01
35 35 1.06764381512576573413086933328486338723450899124e-02
55 35 -2.09214605927716984501429919873771723359823226929e-01
189 35 -7.84554772228938657185892679990502074360847473145e-02
238 35 1.36963109736302851571210226211405824869871139526e-01
36 36 1.06764381512576573413086933328486338723450899124e-02
56 36 -2.09214605927716984501429919873771723359823226929e-01
190 36 -7.84554772228938657185892679990502074360847473145e-02
239 36 1.36963109736302851571210226211405824869871139526e-01
37 37 5.33821907562882780329260867802076973021030426025e-02
207 37 -1.86798755292604430622294131580929388292133808136e-02
256 37 3.23544934957416763232629364210879430174827575684e-01
38 38 5.33821907562882780329260867802076973021030426025e-02
208 38 -1.86798755292604430622294131580929388292133808136e-02
257 38 3.23544934957416763232629364210879430174827575684e-01
39 39 5.33821907562882780329260867802076973021030426025e-02
209 39 -1.86798755292604430622294131580929388292133808136e-02
258 39 3.23544934957416763232629364210879430174827575684e-01
40 40 -5.33821907562882780329260867802076973021030426025e-02
210 40 -4.57561635053899545821920469279575627297163009644e-02
259 40 2.41156156113510544702904780933749862015247344971e-01
41 41 -5.33821907562882780329260867802076973021030426025e-02
211 41 -4.57561635053899545821920469279575627297163009644e-02
260 41 2.41156156113510544702904780933749862015247344971e-01
42 42 -5.33821907562882780329260867802076973021030426025e-02
212 42 -4.57561635053899545821920469279575627297163009644e-02
261 42 2.41156156113510544702904780933749862015247344971e-01
43 43 -5.33821907562882780329260867802076973021030426025e-02
213 43 -4.57561635053899545821920469279575627297163009644e-02
262 43 2.41156156113510544702904780933749862015247344971e-01
44 44 -5.33821907562882780329260867802076973021030426025e-02
214 44 -4.57561635053899545821920469279575627297163009644e-02
263 44 2.41156156113510544702904780933749862015247344971e-01
45 45 1.52520545017966503709150316581144579686224460602e-02
73 45 -2.64173333169214263893564975660410709679126739502e-01
215 45 -5.99088807926358435373970223736250773072242736816e-02
264 45 1.35195013427258620142268341624003369361162185669e-01
46 46 1.52520545017966503709150316581144579686224460602e-02
74 46 -2.64173333169214263893564975660410709679126739502e-01
216 46 -5.99088807926358435373970223736250773072242736816e-02
265 46 1.35195013427258620142268341624003369361162185669e-01
47 47 1.52520545017966503709150316581144579686224460602e-02
75 47 -2.64173333169214263893564975660410709679126739502e-01
217 47 -5.99088807926358435373970223736250773072242736816e-02
266 47 1.35195013427258620142268341624003369361162185669e-01
48 48 1.52520545017966503709150316581144579686224460602e-02
76 48 -2.64173333169214263893564975660410709679126739502e-01
218 48 -5.99088807926358435373970223736250773072242736816e-02
267 48 1.35195013427258620142268341624003369361162185669e-01
49 49 1.52520545017966503709150316581144579686224460602e-02
77 49 -2.64173333169214263893564975660410709679126739502e-01
219 49 -5.99088807926358435373970223736250773072242736816e-02
268 49 1.35195013427258620142268341624003369361162185669e-01
50 50 1.52520545017966503709150316581144579686224460602e-02
78 50 -2.64173333169214263893564975660410709679126739502e-01
220 50 -5.99088807926358435373970223736250773072242736816e-02
269 50 1.35195013427258620142268341624003369361162185669e-01
51 51 1.52520545017966503709150316581144579686224460602e-02
79 51 -2.64173333169214263893564975660410709679126739502e-01
221 51 -5.99088807926358435373970223736250773072242736816e-02
270 51 1.35195013427258620142268341624003369361162185669e-01
32 52 5.23036514819292461253574799684429308399558067322e-02
52 52 4.27057526050306293652347733313945354893803596497e-02
186 52 -3.05041090035933042112770152698431047610938549042e-03
235 52 -2.79574777032300589296731629929126938804984092712e-02
33 53 5.23036514819292461253574799684429308399558067322e-02
53 53 4.27057526050306293652347733313945354893803596497e-02
187 53 -3.05041090035933042112770152698431047610938549042e-03
236 53 -2.79574777032300589296731629929126938804984092712e-02
34 54 5.23036514819292461253574799684429308399558067322e-02
54 54 4.27057526050306293652347733313945354893803596497e-02
188 54 -3.05041090035933042112770152698431047610938549042e-03
237 54 -2.79574777032300589296731629929126938804984092712e-02
35 55 5.23036514819292461253574799684429308399558067322e-02
55 55 4.27057526050306293652347733313945354893803596497e-02
189 55 -3.05041090035933042112770152698431047610938549042e-03
238 55 -2.79574777032300589296731629929126938804984092712e-02
36 56 5.23036514819292461253574799684429308399558067322e-02
56 56 4.27057526050306293652347733313945354893803596497e-02
190 56 -3.05041090035933042112770152698431047610938549042e-03
239 56 -2.79574777032300589296731629929126938804984092712e-02
57 57 -5.33821907562882780329260867802076973021030426025e-02
191 57 -1.52520545017966503709150316581144579686224460602e-02
240 57 -4.94223051720641889938967494799726409837603569031e-02
58 58 -5.33821907562882780329260867802076973021030426025e-02
192 58 -1.52520545017966503709150316581144579686224460602e-02
241 58 -4.94223051720641889938967494799726409837603569031e-02
59 59 -5.33821907562882780329260867802076973021030426025e-02
193 59 -1.52520545017966503709150316581144579686224460602e-02
242 59 -4.94223051720641889938967494799726409837603569031e-02
60 60 -5.33821907562882780329260867802076973021030426025e-02
194 60 -1.52520545017966503709150316581144579686224460602e-02
243 60 -4.94223051720641889938967494799726409837603569031e-02
61 61 -5.33821907562882780329260867802076973021030426025e-02
195 61 -1.52520545017966503709150316581144579686224460602e-02
244 61 -4.94223051720641889938967494799726409837603569031e-02
62 62 -5.33821907562882780329260867802076973021030426025e-02
196 62 -1.52520545017966503709150316581144579686224460602e-02
245 62 -4.94223051720641889938967494799726409837603569031e-02
63 63 -5.33821907562882780329260867802076973021030426025e-02
197 63 -1.52520545017966503709150316581144579686224460602e-02
246 63 -4.94223051720641889938967494799726409837603569031e-02
64 64 1.77940635854294260109753622600692324340343475342e-02
198 64 -4.57561635053899615210859508351859403774142265320e-02
247 64 -5.46384141767259912114695907803252339363098144531e-02
65 65 1.77940635854294260109753622600692324340343475342e-02
199 65 -4.57561635053899615210859508351859403774142265320e-02
248 65 -5.46384141767259912114695907803252339363098144531e-02
66 66 1.77940635854294260109753622600692324340343475342e-02
200 66 -4.57561635053899615210859508351859403774142265320e-02
249 66 -5.46384141767259912114695907803252339363098144531e-02
67 67 1.77940635854294260109753622600692324340343475342e-02
201 67 -4.57561635053899615210859508351859403774142265320e-02
250 67 -5.46384141767259912114695907803252339363098144531e-02
68 68 1.77940635854294260109753622600692324340343475342e-02
202 68 -4.57561635053899615210859508351859403774142265320e-02
251 68 -5.46384141767259912114695907803252339363098144531e-02
69 69 1.77940635854294260109753622600692324340343475342e-02
203 69 -4.57561635053899615210859508351859403774142265320e-02
252 69 -5.46384141767259912114695907803252339363098144531e-02
70 70 1.77940635854294260109753622600692324340343475342e-02
204 70 -4.57561635053899615210859508351859403774142265320e-02
253 70 -5.46384141767259912114695907803252339363098144531e-02
71 71 1.77940635854294260109753622600692324340343475342e-02
205 71 -4.57561635053899615210859508351859403774142265320e-02
254 71 -5.46384141767259912114695907803252339363098144531e-02
72 72 1.77940635854294260109753622600692324340343475342e-02
206 72 -4.57561635053899615210859508351859403774142265320e-02
255 72 -5.46384141767259912114695907803252339363098144531e-02
45 73 1.05669333267685697230753305575490230694413185120e-01
73 73 3.81301362544916311314580070757074281573295593262e-02
215 73 -1.15294694841591646716771890623931540176272392273e-02
264 73 -3.19315407526320760300819756594137288630008697510e-02
46 74 1.05669333267685697230753305575490230694413185120e-01
74 74 3.81301362544916311314580070757074281573295593262e-02
216 74 -1.15294694841591646716771890623931540176272392273e-02
265 74 -3.19315407526320760300819756594137288630008697510e-02
47 75 1.05669333267685697230753305575490230694413185120e-01
75 75 3.81301362544916311314580070757074281573295593262e-02
217 75 -1.15294694841591646716771890623931540176272392273e-02
266 75 -3.19315407526320760300819756594137288630008697510e-02
48 76 1.05669333267685697230753305575490230694413185120e-01
76 76 3.81301362544916311314580070757074281573295593262e-02
218 76 -1.15294694841591646716771890623931540176272392273e-02
267 76 -3.19315407526320760300819756594137288630008697510e-02
49 77 1.05669333267685697230753305575490230694413185120e-01
77 77 3.81301362544916311314580070757074281573295593262e-02
219 77 -1.15294694841591646716771890623931540176272392273e-02
268 77 -3.19315407526320760300819756594137288630008697510e-02
50 78 1.05669333267685697230753305575490230694413185120e-01
78 78 3.81301362544916311314580070757074281573295593262e-02
220 78 -1.15294694841591646716771890623931540176272392273e-02
269 78 -3.19315407526320760300819756594137288630008697510e-02
51 79 1.05669333267685697230753305575490230694413185120e-01
79 79 3.81301362544916311314580070757074281573295593262e-02
221 79 -1.15294694841591646716771890623931540176272392273e-02
270 79 -3.19315407526320760300819756594137288630008697510e-02
80 80 -5.33821907562882780329260867802076973021030426025e-02
222 80 -3.93806353872708583829798101305641466751694679260e-02
271 80 -5.06897494863532416253804058214882388710975646973e-02
81 81 -5.33821907562882780329260867802076973021030426025e-02
223 81 -3.93806353872708583829798101305641466751694679260e-02
272 81 -5.06897494863532416253804058214882388710975646973e-02
82 82 -5.33821907562882780329260867802076973021030426025e-02
224 82 -3.93806353872708583829798101305641466751694679260e-02
273 82 -5.06897494863532416253804058214882388710975646973e-02
83 83 -5.33821907562882780329260867802076973021030426025e-02
225 83 -3.93806353872708583829798101305641466751694679260e-02
274 83 -5.06897494863532416253804058214882388710975646973e-02
84 84 -5.33821907562882780329260867802076973021030426025e-02
226 84 -3.93806353872708583829798101305641466751694679260e-02
275 84 -5.06897494863532416253804058214882388710975646973e-02
85 85 -5.33821907562882780329260867802076973021030426025e-02
227 85 -3.93806353872708583829798101305641466751694679260e-02
276 85 -5.06897494863532416253804058214882388710975646973e-02
86 86 -5.33821907562882780329260867802076973021030426025e-02
228 86 -3.93806353872708583829798101305641466751694679260e-02
277 86 -5.06897494863532416253804058214882388710975646973e-02
87 87 -5.33821907562882780329260867802076973021030426025e-02
229 87 -3.93806353872708583829798101305641466751694679260e-02
278 87 -5.06897494863532416253804058214882388710975646973e-02
88 88 -5.33821907562882780329260867802076973021030426025e-02
230 88 -3.93806353872708583829798101305641466751694679260e-02
279 88 -5.06897494863532416253804058214882388710975646973e-02
4 89 1.06764381512576556065852173560415394604206085205e-01
113 89 -1.27607843241723556415578855194326024502515792847e-01
305 89 1.71203887170378599158482302300399169325828552246e-01
5 90 1.06764381512576556065852173560415394604206085205e-01
114 90 -1.27607843241723556415578855194326024502515792847e-01
306 90 1.71203887170378599158482302300399169325828552246e-01
6 91 1.06764381512576556065852173560415394604206085205e-01
115 91 -1.27607843241723556415578855194326024502515792847e-01
307 91 1.71203887170378599158482302300399169325828552246e-01
7 92 1.06764381512576556065852173560415394604206085205e-01
116 92 -1.27607843241723556415578855194326024502515792847e-01
308 92 1.71203887170378599158482302300399169325828552246e-01
8 93 1.06764381512576556065852173560415394604206085205e-01
117 93 -1.27607843241723556415578855194326024502515792847e-01
309 93 1.71203887170378599158482302300399169325828552246e-01
1 94 -7.54938181567305632846398566471179947257041931152e-02
94 94 5.33821907562882780329260867802076973021030426025e-02
134 94 -4.98130014113611838122430697239906294271349906921e-02
326 94 2.58835947965933399483873245117138139903545379639e-01
2 95 -7.54938181567305632846398566471179947257041931152e-02
95 95 5.33821907562882780329260867802076973021030426025e-02
135 95 -4.98130014113611838122430697239906294271349906921e-02
327 95 2.58835947965933399483873245117138139903545379639e-01
3 96 -7.54938181567305632846398566471179947257041931152e-02
96 96 5.33821907562882780329260867802076973021030426025e-02
136 96 -4.98130014113611838122430697239906294271349906921e-02
328 96 2.58835947965933399483873245117138139903545379639e-01
97 97 -5.33821907562882780329260867802076973021030426025e-02
137 97 -1.22016436014373202967320253264915663748979568481e-01
329 97 1.92924924890808424660093578495434485375881195068e-01
98 98 -5.33821907562882780329260867802076973021030426025e-02
138 98 -1.22016436014373202967320253264915663748979568481e-01
330 98 1.92924924890808424660093578495434485375881195068e-01
99 99 -5.33821907562882780329260867802076973021030426025e-02
139 99 -1.22016436014373202967320253264915663748979568481e-01
331 99 1.92924924890808424660093578495434485375881195068e-01
100 100 -5.33821907562882780329260867802076973021030426025e-02
140 100 -1.22016436014373202967320253264915663748979568481e-01
332 100 1.92924924890808424660093578495434485375881195068e-01
101 101 -5.33821907562882780329260867802076973021030426025e-02
141 101 -1.22016436014373202967320253264915663748979568481e-01
333 101 1.92924924890808424660093578495434485375881195068e-01
9 102 1.61412572778228347036844070316874422132968902588e-01
102 102 1.52520545017966503709150316581144579686224460602e-02
142 102 -1.59757015447028916099725392996333539485931396484e-01
289 102 -7.92519999507642763925119311352318618446588516235e-02
334 102 1.08156010741806904440487357987876748666167259216e-01
10 103 1.61412572778228347036844070316874422132968902588e-01
103 103 1.52520545017966503709150316581144579686224460602e-02
143 103 -1.59757015447028916099725392996333539485931396484e-01
290 103 -7.92519999507642763925119311352318618446588516235e-02
335 103 1.08156010741806904440487357987876748666167259216e-01
11 104 1.61412572778228347036844070316874422132968902588e-01
104 104 1.52520545017966503709150316581144579686224460602e-02
144 104 -1.59757015447028916099725392996333539485931396484e-01
291 104 -7.92519999507642763925119311352318618446588516235e-02
336 104 1.08156010741806904440487357987876748666167259216e-01
12 105 1.61412572778228347036844070316874422132968902588e-01
105 105 1.52520545017966503709150316581144579686224460602e-02
145 105 -1.59757015447028916099725392996333539485931396484e-01
292 105 -7.92519999507642763925119311352318618446588516235e-02
337 105 1.08156010741806904440487357987876748666167259216e-01
13 106 1.61412572778228347036844070316874422132968902588e-01
106 106 1.52520545017966503709150316581144579686224460602e-02
146 106 -1.59757015447028916099725392996333539485931396484e-01
293 106 -7.92519999507642763925119311352318618446588516235e-02
338 106 1.08156010741806904440487357987876748666167259216e-01
14 107 1.61412572778228347036844070316874422132968902588e-01
107 107 1.52520545017966503709150316581144579686224460602e-02
147 107 -1.59757015447028916099725392996333539485931396484e-01
294 107 -7.92519999507642763925119311352318618446588516235e-02
339 107 1.08156010741806904440487357987876748666167259216e-01
15 108 1.61412572778228347036844070316874422132968902588e-01
108 108 1.52520545017966503709150316581144579686224460602e-02
148 108 -1.59757015447028916099725392996333539485931396484e-01
295 108 -7.92519999507642763925119311352318618446588516235e-02
340 108 1.08156010741806904440487357987876748666167259216e-01
109 109 7.62602725089832622629160141514148563146591186523e-02
350 109 3.41046306625489958896935149823548272252082824707e-01
110 110 3.81301362544916311314580070757074281573295593262e-02
351 110 3.11331258821007428316818277380662038922309875488e-01
111 111 3.81301362544916311314580070757074281573295593262e-02
352 111 3.11331258821007428316818277380662038922309875488e-01
112 112 3.81301362544916311314580070757074281573295593262e-02
353 112 3.11331258821007428316818277380662038922309875488e-01
4 113 -6.38039216208617782077894275971630122512578964233e-02
113 113 -1.63414869662106970737980304875236470252275466919e-02
158 113 -9.74418018929971430086567352191195823252201080322e-02
305 113 -2.92325405678991456781545821286272257566452026367e-02
354 113 2.55494560017546057384407731660758145153522491455e-01
5 114 -6.38039216208617782077894275971630122512578964233e-02
114 114 -1.63414869662106970737980304875236470252275466919e-02
159 114 -9.74418018929971430086567352191195823252201080322e-02
306 114 -2.92325405678991456781545821286272257566452026367e-02
355 114 2.55494560017546057384407731660758145153522491455e-01
6 115 -6.38039216208617782077894275971630122512578964233e-02
115 115 -1.63414869662106970737980304875236470252275466919e-02
160 115 -9.74418018929971430086567352191195823252201080322e-02
307 115 -2.92325405678991456781545821286272257566452026367e-02
356 115 2.55494560017546057384407731660758145153522491455e-01
7 116 -6.38039216208617782077894275971630122512578964233e-02
116 116 -1.63414869662106970737980304875236470252275466919e-02
161 116 -9.74418018929971430086567352191195823252201080322e-02
308 116 -2.92325405678991456781545821286272257566452026367e-02
357 116 2.55494560017546057384407731660758145153522491455e-01
8 117 -6.38039216208617782077894275971630122512578964233e-02
117 117 -1.63414869662106970737980304875236470252275466919e-02
162 117 -9.74418018929971430086567352191195823252201080322e-02
309 117 -2.92325405678991456781545821286272257566452026367e-02
358 117 2.55494560017546057384407731660758145153522491455e-01
118 118 -4.35772985765618611764260492691391846165060997009e-02
163 118 -1.72254397223936123184628854687616694718599319458e-01
310 118 -5.16763191671808369553886564062850084155797958374e-02
359 118 1.80661935944680163146358609083108603954315185547e-01
119 119 -4.35772985765618611764260492691391846165060997009e-02
164 119 -1.72254397223936123184628854687616694718599319458e-01
311 119 -5.16763191671808369553886564062850084155797958374e-02
360 119 1.80661935944680163146358609083108603954315185547e-01
120 120 -4.35772985765618611764260492691391846165060997009e-02
165 120 -1.72254397223936123184628854687616694718599319458e-01
312 120 -5.16763191671808369553886564062850084155797958374e-02
361 120 1.80661935944680163146358609083108603954315185547e-01
121 121 -4.35772985765618611764260492691391846165060997009e-02
166 121 -1.72254397223936123184628854687616694718599319458e-01
313 121 -5.16763191671808369553886564062850084155797958374e-02
362 121 1.80661935944680163146358609083108603954315185547e-01
122 122 -4.35772985765618611764260492691391846165060997009e-02
167 122 -1.72254397223936123184628854687616694718599319458e-01
314 122 -5.16763191671808369553886564062850084155797958374e-02
363 122 1.80661935944680163146358609083108603954315185547e-01
123 123 -4.35772985765618611764260492691391846165060997009e-02
168 123 -1.72254397223936123184628854687616694718599319458e-01
315 123 -5.16763191671808369553886564062850084155797958374e-02
364 123 1.80661935944680163146358609083108603954315185547e-01
124 124 -4.35772985765618611764260492691391846165060997009e-02
169 124 -1.72254397223936123184628854687616694718599319458e-01
316 124 -5.16763191671808369553886564062850084155797958374e-02
365 124 1.80661935944680163146358609083108603954315185547e-01
16 125 2.12679738736205908855581014904601033776998519897e-01
125 125 2.17886492882809305882130246345695923082530498505e-02
170 125 -1.90434401360211003062516965655959211289882659912e-01
317 125 -5.71303204080632967554187473524507367983460426331e-02
366 125 9.71028728595076107144024035733309574425220489502e-02
17 126 2.12679738736205908855581014904601033776998519897e-01
126 126 2.17886492882809305882130246345695923082530498505e-02
171 126 -1.90434401360211003062516965655959211289882659912e-01
318 126 -5.71303204080632967554187473524507367983460426331e-02
367 126 9.71028728595076107144024035733309574425220489502e-02
18 127 2.12679738736205908855581014904601033776998519897e-01
127 127 2.17886492882809305882130246345695923082530498505e-02
172 127 -1.90434401360211003062516965655959211289882659912e-01
319 127 -5.71303204080632967554187473524507367983460426331e-02
368 127 9.71028728595076107144024035733309574425220489502e-02
19 128 2.12679738736205908855581014904601033776998519897e-01
128 128 2.17886492882809305882130246345695923082530498505e-02
173 128 -1.90434401360211003062516965655959211289882659912e-01
320 128 -5.71303204080632967554187473524507367983460426331e-02
369 128 9.71028728595076107144024035733309574425220489502e-02
20 129 2.12679738736205908855581014904601033776998519897e-01
129 129 2.17886492882809305882130246345695923082530498505e-02
174 129 -1.90434401360211003062516965655959211289882659912e-01
321 129 -5.71303204080632967554187473524507367983460426331e-02
370 129 9.71028728595076107144024035733309574425220489502e-02
21 130 2.12679738736205908855581014904601033776998519897e-01
130 130 2.17886492882809305882130246345695923082530498505e-02
175 130 -1.90434401360211003062516965655959211289882659912e-01
322 130 -5.71303204080632967554187473524507367983460426331e-02
371 130 9.71028728595076107144024035733309574425220489502e-02
22 131 2.12679738736205908855581014904601033776998519897e-01
131 131 2.17886492882809305882130246345695923082530498505e-02
176 131 -1.90434401360211003062516965655959211289882659912e-01
323 131 -5.71303204080632967554187473524507367983460426331e-02
372 131 9.71028728595076107144024035733309574425220489502e-02
23 132 2.12679738736205908855581014904601033776998519897e-01
132 132 2.17886492882809305882130246345695923082530498505e-02
177 132 -1.90434401360211003062516965655959211289882659912e-01
324 132 -5.71303204080632967554187473524507367983460426331e-02
373 132 9.71028728595076107144024035733309574425220489502e-02
24 133 2.12679738736205908855581014904601033776998519897e-01
133 133 2.17886492882809305882130246345695923082530498505e-02
178 133 -1.90434401360211003062516965655959211289882659912e-01
325 133 -5.71303204080632967554187473524507367983460426331e-02
374 133 9.71028728595076107144024035733309574425220489502e-02
1 134 -6.16404444061499842688611749963456531986594200134e-02
94 134 1.24532503528402959530607674309976573567837476730e-02
134 134 6.10082180071866014836601266324578318744897842407e-02
326 134 -8.80577777230713912293147416221472667530179023743e-03
2 135 -6.16404444061499842688611749963456531986594200134e-02
95 135 1.24532503528402959530607674309976573567837476730e-02
135 135 6.10082180071866014836601266324578318744897842407e-02
327 135 -8.80577777230713912293147416221472667530179023743e-03
3 136 -6.16404444061499842688611749963456531986594200134e-02
96 136 1.24532503528402959530607674309976573567837476730e-02
136 136 6.10082180071866014836601266324578318744897842407e-02
328 136 -8.80577777230713912293147416221472667530179023743e-03
97 137 3.05041090035933007418300633162289159372448921204e-02
137 137 1.52520545017966503709150316581144579686224460602e-02
329 137 -2.41156156113510530825116973119293106719851493835e-02
98 138 3.05041090035933007418300633162289159372448921204e-02
138 138 1.52520545017966503709150316581144579686224460602e-02
330 138 -2.41156156113510530825116973119293106719851493835e-02
99 139 3.05041090035933007418300633162289159372448921204e-02
139 139 1.52520545017966503709150316581144579686224460602e-02
331 139 -2.41156156113510530825116973119293106719851493835e-02
100 140 3.05041090035933007418300633162289159372448921204e-02
140 140 1.52520545017966503709150316581144579686224460602e-02
332 140 -2.41156156113510530825116973119293106719851493835e-02
101 141 3.05041090035933007418300633162289159372448921204e-02
141 141 1.52520545017966503709150316581144579686224460602e-02
333 141 -2.41156156113510530825116973119293106719851493835e-02
9 142 -6.16404444061499773299672710891172755509614944458e-02
102 142 3.99392538617572290249313482490833848714828491211e-02
142 142 -2.79620999199605285712166846678883302956819534302e-02
289 142 -5.76473474207958233583859453119657700881361961365e-03
334 142 -4.13027588407322565622337151580723002552986145020e-02
10 143 -6.16404444061499773299672710891172755509614944458e-02
103 143 3.99392538617572290249313482490833848714828491211e-02
143 143 -2.79620999199605285712166846678883302956819534302e-02
290 143 -5.76473474207958233583859453119657700881361961365e-03
335 143 -4.13027588407322565622337151580723002552986145020e-02
11 144 -6.16404444061499773299672710891172755509614944458e-02
104 144 3.99392538617572290249313482490833848714828491211e-02
144 144 -2.79620999199605285712166846678883302956819534302e-02
291 144 -5.76473474207958233583859453119657700881361961365e-03
336 144 -4.13027588407322565622337151580723002552986145020e-02
12 145 -6.16404444061499773299672710891172755509614944458e-02
105 145 3.99392538617572290249313482490833848714828491211e-02
145 145 -2.79620999199605285712166846678883302956819534302e-02
292 145 -5.76473474207958233583859453119657700881361961365e-03
337 145 -4.13027588407322565622337151580723002552986145020e-02
13 146 -6.16404444061499773299672710891172755509614944458e-02
106 146 3.99392538617572290249313482490833848714828491211e-02
146 146 -2.79620999199605285712166846678883302956819534302e-02
293 146 -5.76473474207958233583859453119657700881361961365e-03
338 146 -4.13027588407322565622337151580723002552986145020e-02
14 147 -6.16404444061499773299672710891172755509614944458e-02
107 147 3.99392538617572290249313482490833848714828491211e-02
147 147 -2.79620999199605285712166846678883302956819534302e-02
294 147 -5.76473474207958233583859453119657700881361961365e-03
339 147 -4.13027588407322565622337151580723002552986145020e-02
15 148 -6.16404444061499773299672710891172755509614944458e-02
108 148 3.99392538617572290249313482490833848714828491211e-02
148 148 -2.79620999199605285712166846678883302956819534302e-02
295 148 -5.76473474207958233583859453119657700881361961365e-03
340 148 -4.13027588407322565622337151580723002552986145020e-02
149 149 -3.81301362544916311314580070757074281573295593262e-02
296 149 -1.96903176936354291914899050652820733375847339630e-02
341 149 -5.33216323808590741961666026327293366193771362305e-02
150 150 -3.81301362544916311314580070757074281573295593262e-02
297 150 -1.96903176936354291914899050652820733375847339630e-02
342 150 -5.33216323808590741961666026327293366193771362305e-02
151 151 -3.81301362544916311314580070757074281573295593262e-02
298 151 -1.96903176936354291914899050652820733375847339630e-02
343 151 -5.33216323808590741961666026327293366193771362305e-02
152 152 -3.81301362544916311314580070757074281573295593262e-02
299 152 -1.96903176936354291914899050652820733375847339630e-02
344 152 -5.33216323808590741961666026327293366193771362305e-02
153 153 -3.81301362544916311314580070757074281573295593262e-02
300 153 -1.96903176936354291914899050652820733375847339630e-02
345 153 -5.33216323808590741961666026327293366193771362305e-02
154 154 -3.81301362544916311314580070757074281573295593262e-02
301 154 -1.96903176936354291914899050652820733375847339630e-02
346 154 -5.33216323808590741961666026327293366193771362305e-02
155 155 -3.81301362544916311314580070757074281573295593262e-02
302 155 -1.96903176936354291914899050652820733375847339630e-02
347 155 -5.33216323808590741961666026327293366193771362305e-02
156 156 -3.81301362544916311314580070757074281573295593262e-02
303 156 -1.96903176936354291914899050652820733375847339630e-02
348 156 -5.33216323808590741961666026327293366193771362305e-02
157 157 -3.81301362544916311314580070757074281573295593262e-02
304 157 -1.96903176936354291914899050652820733375847339630e-02
349 157 -5.33216323808590741961666026327293366193771362305e-02
4 158 -1.14135924780252390187129662990628276020288467407e-01
113 158 3.89767207571988585912414748690935084596276283264e-02
158 158 5.44716232207023351441499414704594528302550315857e-02
305 158 -1.45257661921872872033689727544469860731624066830e-03
354 158 -1.55809964749263514527388707620048080570995807648e-02
5 159 -1.14135924780252390187129662990628276020288467407e-01
114 159 3.89767207571988585912414748690935084596276283264e-02
159 159 5.44716232207023351441499414704594528302550315857e-02
306 159 -1.45257661921872872033689727544469860731624066830e-03
355 159 -1.55809964749263514527388707620048080570995807648e-02
6 160 -1.14135924780252390187129662990628276020288467407e-01
115 160 3.89767207571988585912414748690935084596276283264e-02
160 160 5.44716232207023351441499414704594528302550315857e-02
307 160 -1.45257661921872872033689727544469860731624066830e-03
356 160 -1.55809964749263514527388707620048080570995807648e-02
7 161 -1.14135924780252390187129662990628276020288467407e-01
116 161 3.89767207571988585912414748690935084596276283264e-02
161 161 5.44716232207023351441499414704594528302550315857e-02
308 161 -1.45257661921872872033689727544469860731624066830e-03
357 161 -1.55809964749263514527388707620048080570995807648e-02
8 162 -1.14135924780252390187129662990628276020288467407e-01
117 162 3.89767207571988585912414748690935084596276283264e-02
162 162 5.44716232207023351441499414704594528302550315857e-02
309 162 -1.45257661921872872033689727544469860731624066830e-03
358 162 -1.55809964749263514527388707620048080570995807648e-02
118 163 6.89017588895744492738515418750466778874397277832e-02
163 163 5.44716232207023264705325615864239807706326246262e-03
310 163 -7.26288309609364381852492087432437983807176351547e-03
359 163 -3.11619929498527029054777415240096161141991615295e-02
119 164 6.89017588895744492738515418750466778874397277832e-02
164 164 5.44716232207023264705325615864239807706326246262e-03
311 164 -7.26288309609364381852492087432437983807176351547e-03
360 164 -3.11619929498527029054777415240096161141991615295e-02
120 165 6.89017588895744492738515418750466778874397277832e-02
165 165 5.44716232207023264705325615864239807706326246262e-03
312 165 -7.26288309609364381852492087432437983807176351547e-03
361 165 -3.11619929498527029054777415240096161141991615295e-02
121 166 6.89017588895744492738515418750466778874397277832e-02
166 166 5.44716232207023264705325615864239807706326246262e-03
313 166 -7.26288309609364381852492087432437983807176351547e-03
362 166 -3.11619929498527029054777415240096161141991615295e-02
122 167 6.89017588895744492738515418750466778874397277832e-02
167 167 5.44716232207023264705325615864239807706326246262e-03
314 167 -7.26288309609364381852492087432437983807176351547e-03
363 167 -3.11619929498527029054777415240096161141991615295e-02
123 168 6.89017588895744492738515418750466778874397277832e-02
168 168 5.44716232207023264705325615864239807706326246262e-03
315 168 -7.26288309609364381852492087432437983807176351547e-03
364 168 -3.11619929498527029054777415240096161141991615295e-02
124 169 6.89017588895744492738515418750466778874397277832e-02
169 169 5.44716232207023264705325615864239807706326246262e-03
316 169 -7.26288309609364381852492087432437983807176351547e-03
365 169 -3.11619929498527029054777415240096161141991615295e-02
16 170 -6.08346523126496799283025040949723916128277778625e-02
125 170 7.61737605440843956738916631366009823977947235107e-02
170 170 -3.21877773576877412864405414438806474208831787109e-02
317 170 -2.17886492882809305882130246345695923082530498505e-02
366 170 -4.54503059573620887823253156057035084813833236694e-02
17 171 -6.08346523126496799283025040949723916128277778625e-02
126 171 7.61737605440843956738916631366009823977947235107e-02
171 171 -3.21877773576877412864405414438806474208831787109e-02
318 171 -2.17886492882809305882130246345695923082530498505e-02
367 171 -4.54503059573620887823253156057035084813833236694e-02
18 172 -6.08346523126496799283025040949723916128277778625e-02
127 172 7.61737605440843956738916631366009823977947235107e-02
172 172 -3.21877773576877412864405414438806474208831787109e-02
319 172 -2.17886492882809305882130246345695923082530498505e-02
368 172 -4.54503059573620887823253156057035084813833236694e-02
19 173 -6.08346523126496799283025040949723916128277778625e-02
128 173 7.61737605440843956738916631366009823977947235107e-02
173 173 -3.21877773576877412864405414438806474208831787109e-02
320 173 -2.17886492882809305882130246345695923082530498505e-02
369 173 -4.54503059573620887823253156057035084813833236694e-02
20 174 -6.08346523126496799283025040949723916128277778625e-02
129 174 7.61737605440843956738916631366009823977947235107e-02
174 174 -3.21877773576877412864405414438806474208831787109e-02
321 174 -2.17886492882809305882130246345695923082530498505e-02
370 174 -4.54503059573620887823253156057035084813833236694e-02
21 175 -6.08346523126496799283025040949723916128277778625e-02
130 175 7.61737605440843956738916631366009823977947235107e-02
175 175 -3.21877773576877412864405414438806474208831787109e-02
322 175 -2.17886492882809305882130246345695923082530498505e-02
371 175 -4.54503059573620887823253156057035084813833236694e-02
22 176 -6.08346523126496799283025040949723916128277778625e-02
131 176 7.61737605440843956738916631366009823977947235107e-02
176 176 -3.21877773576877412864405414438806474208831787109e-02
323 176 -2.17886492882809305882130246345695923082530498505e-02
372 176 -4.54503059573620887823253156057035084813833236694e-02
23 177 -6.08346523126496799283025040949723916128277778625e-02
132 177 7.61737605440843956738916631366009823977947235107e-02
177 177 -3.21877773576877412864405414438806474208831787109e-02
324 177 -2.17886492882809305882130246345695923082530498505e-02
373 177 -4.54503059573620887823253156057035084813833236694e-02
24 178 -6.08346523126496799283025040949723916128277778625e-02
133 178 7.61737605440843956738916631366009823977947235107e-02
178 178 -3.21877773576877412864405414438806474208831787109e-02
325 178 -2.17886492882809305882130246345695923082530498505e-02
374 178 -4.54503059573620887823253156057035084813833236694e-02
45 179 1.21059429583671260277633052737655816599726676941e-01
215 179 -1.23280888812299954659934542178234551101922988892e-01
46 180 1.21059429583671260277633052737655816599726676941e-01
216 180 -1.23280888812299954659934542178234551101922988892e-01
47 181 1.21059429583671260277633052737655816599726676941e-01
217 181 -1.23280888812299954659934542178234551101922988892e-01
48 182 1.21059429583671260277633052737655816599726676941e-01
218 182 -1.23280888812299954659934542178234551101922988892e-01
49 183 1.21059429583671260277633052737655816599726676941e-01
219 183 -1.23280888812299954659934542178234551101922988892e-01
50 184 1.21059429583671260277633052737655816599726676941e-01
220 184 -1.23280888812299954659934542178234551101922988892e-01
51 185 1.21059429583671260277633052737655816599726676941e-01
221 185 -1.23280888812299954659934542178234551101922988892e-01
32 186 -7.84554772228938657185892679990502074360847473145e-02
52 186 1.22016436014373216845108061079372419044375419617e-02
186 186 4.27057526050306293652347733313945354893803596497e-02
235 186 -7.45532738752801571457951013144338503479957580566e-02
33 187 -7.84554772228938657185892679990502074360847473145e-02
53 187 1.22016436014373216845108061079372419044375419617e-02
187 187 4.27057526050306293652347733313945354893803596497e-02
236 187 -7.45532738752801571457951013144338503479957580566e-02
34 188 -7.84554772228938657185892679990502074360847473145e-02
54 188 1.22016436014373216845108061079372419044375419617e-02
188 188 4.27057526050306293652347733313945354893803596497e-02
237 188 -7.45532738752801571457951013144338503479957580566e-02
35 189 -7.84554772228938657185892679990502074360847473145e-02
55 189 1.22016436014373216845108061079372419044375419617e-02
189 189 4.27057526050306293652347733313945354893803596497e-02
238 189 -7.45532738752801571457951013144338503479957580566e-02
36 190 -7.84554772228938657185892679990502074360847473145e-02
56 190 1.22016436014373216845108061079372419044375419617e-02
190 190 4.27057526050306293652347733313945354893803596497e-02
239 190 -7.45532738752801571457951013144338503479957580566e-02
57 191 6.10082180071866014836601266324578318744897842407e-02
191 191 -5.33821907562882780329260867802076973021030426025e-02
240 191 -1.31792813792171170650391331946593709290027618408e-01
58 192 6.10082180071866014836601266324578318744897842407e-02
192 192 -5.33821907562882780329260867802076973021030426025e-02
241 192 -1.31792813792171170650391331946593709290027618408e-01
59 193 6.10082180071866014836601266324578318744897842407e-02
193 193 -5.33821907562882780329260867802076973021030426025e-02
242 193 -1.31792813792171170650391331946593709290027618408e-01
60 194 6.10082180071866014836601266324578318744897842407e-02
194 194 -5.33821907562882780329260867802076973021030426025e-02
243 194 -1.31792813792171170650391331946593709290027618408e-01
61 195 6.10082180071866014836601266324578318744897842407e-02
195 195 -5.33821907562882780329260867802076973021030426025e-02
244 195 -1.31792813792171170650391331946593709290027618408e-01
62 196 6.10082180071866014836601266324578318744897842407e-02
196 196 -5.33821907562882780329260867802076973021030426025e-02
245 196 -1.31792813792171170650391331946593709290027618408e-01
63 197 6.10082180071866014836601266324578318744897842407e-02
197 197 -5.33821907562882780329260867802076973021030426025e-02
246 197 -1.31792813792171170650391331946593709290027618408e-01
64 198 1.83024654021559846084343803340743761509656906128e-01
198 198 1.77940635854294260109753622600692324340343475342e-02
247 198 -1.45702437804602652482444113957171794027090072632e-01
65 199 1.83024654021559846084343803340743761509656906128e-01
199 199 1.77940635854294260109753622600692324340343475342e-02
248 199 -1.45702437804602652482444113957171794027090072632e-01
66 200 1.83024654021559846084343803340743761509656906128e-01
200 200 1.77940635854294260109753622600692324340343475342e-02
249 200 -1.45702437804602652482444113957171794027090072632e-01
67 201 1.83024654021559846084343803340743761509656906128e-01
201 201 1.77940635854294260109753622600692324340343475342e-02
250 201 -1.45702437804602652482444113957171794027090072632e-01
68 202 1.83024654021559846084343803340743761509656906128e-01
202 202 1.77940635854294260109753622600692324340343475342e-02
251 202 -1.45702437804602652482444113957171794027090072632e-01
69 203 1.83024654021559846084343803340743761509656906128e-01
203 203 1.77940635854294260109753622600692324340343475342e-02
252 203 -1.45702437804602652482444113957171794027090072632e-01
70 204 1.83024654021559846084343803340743761509656906128e-01
204 204 1.77940635854294260109753622600692324340343475342e-02
253 204 -1.45702437804602652482444113957171794027090072632e-01
71 205 1.83024654021559846084343803340743761509656906128e-01
205 205 1.77940635854294260109753622600692324340343475342e-02
254 205 -1.45702437804602652482444113957171794027090072632e-01
72 206 1.83024654021559846084343803340743761509656906128e-01
206 206 1.77940635854294260109753622600692324340343475342e-02
255 206 -1.45702437804602652482444113957171794027090072632e-01
37 207 -1.86798755292604430622294131580929388292133808136e-02
207 207 6.10082180071866014836601266324578318744897842407e-02
256 207 -2.93525925743571350357008498122013406828045845032e-02
38 208 -1.86798755292604430622294131580929388292133808136e-02
208 208 6.10082180071866014836601266324578318744897842407e-02
257 208 -2.93525925743571350357008498122013406828045845032e-02
39 209 -1.86798755292604430622294131580929388292133808136e-02
209 209 6.10082180071866014836601266324578318744897842407e-02
258 209 -2.93525925743571350357008498122013406828045845032e-02
40 210 -4.57561635053899545821920469279575627297163009644e-02
210 210 1.52520545017966503709150316581144579686224460602e-02
259 210 -8.03853853711701676898471191634598653763532638550e-02
41 211 -4.57561635053899545821920469279575627297163009644e-02
211 211 1.52520545017966503709150316581144579686224460602e-02
260 211 -8.03853853711701676898471191634598653763532638550e-02
42 212 -4.57561635053899545821920469279575627297163009644e-02
212 212 1.52520545017966503709150316581144579686224460602e-02
261 212 -8.03853853711701676898471191634598653763532638550e-02
43 213 -4.57561635053899545821920469279575627297163009644e-02
213 213 1.52520545017966503709150316581144579686224460602e-02
262 213 -8.03853853711701676898471191634598653763532638550e-02
44 214 -4.57561635053899545821920469279575627297163009644e-02
214 214 1.52520545017966503709150316581144579686224460602e-02
263 214 -8.03853853711701676898471191634598653763532638550e-02
45 215 -5.99088807926358435373970223736250773072242736816e-02
73 215 2.88236737103979116791929726559828850440680980682e-02
215 215 -2.79620999199605285712166846678883302956819534302e-02
264 215 -1.37675862802440873711162794279516674578189849854e-01
46 216 -5.99088807926358435373970223736250773072242736816e-02
74 216 2.88236737103979116791929726559828850440680980682e-02
216 216 -2.79620999199605285712166846678883302956819534302e-02
265 216 -1.37675862802440873711162794279516674578189849854e-01
47 217 -5.99088807926358435373970223736250773072242736816e-02
75 217 2.88236737103979116791929726559828850440680980682e-02
217 217 -2.79620999199605285712166846678883302956819534302e-02
266 217 -1.37675862802440873711162794279516674578189849854e-01
48 218 -5.99088807926358435373970223736250773072242736816e-02
76 218 2.88236737103979116791929726559828850440680980682e-02
218 218 -2.79620999199605285712166846678883302956819534302e-02
267 218 -1.37675862802440873711162794279516674578189849854e-01
49 219 -5.99088807926358435373970223736250773072242736816e-02
77 219 2.88236737103979116791929726559828850440680980682e-02
219 219 -2.79620999199605285712166846678883302956819534302e-02
268 219 -1.37675862802440873711162794279516674578189849854e-01
50 220 -5.99088807926358435373970223736250773072242736816e-02
78 220 2.88236737103979116791929726559828850440680980682e-02
220 220 -2.79620999199605285712166846678883302956819534302e-02
269 220 -1.37675862802440873711162794279516674578189849854e-01
51 221 -5.99088807926358435373970223736250773072242736816e-02
79 221 2.88236737103979116791929726559828850440680980682e-02
221 221 -2.79620999199605285712166846678883302956819534302e-02
270 221 -1.37675862802440873711162794279516674578189849854e-01
80 222 9.84515884681771424880025733727961778640747070313e-02
222 222 -3.81301362544916311314580070757074281573295593262e-02
271 222 -1.77738774602863580653888675442431122064590454102e-01
81 223 9.84515884681771424880025733727961778640747070313e-02
223 223 -3.81301362544916311314580070757074281573295593262e-02
272 223 -1.77738774602863580653888675442431122064590454102e-01
82 224 9.84515884681771424880025733727961778640747070313e-02
224 224 -3.81301362544916311314580070757074281573295593262e-02
273 224 -1.77738774602863580653888675442431122064590454102e-01
83 225 9.84515884681771424880025733727961778640747070313e-02
225 225 -3.81301362544916311314580070757074281573295593262e-02
274 225 -1.77738774602863580653888675442431122064590454102e-01
84 226 9.84515884681771424880025733727961778640747070313e-02
226 226 -3.81301362544916311314580070757074281573295593262e-02
275 226 -1.77738774602863580653888675442431122064590454102e-01
85 227 9.84515884681771424880025733727961778640747070313e-02
227 227 -3.81301362544916311314580070757074281573295593262e-02
276 227 -1.77738774602863580653888675442431122064590454102e-01
86 228 9.84515884681771424880025733727961778640747070313e-02
228 228 -3.81301362544916311314580070757074281573295593262e-02
277 228 -1.77738774602863580653888675442431122064590454102e-01
87 229 9.84515884681771424880025733727961778640747070313e-02
229 229 -3.81301362544916311314580070757074281573295593262e-02
278 229 -1.77738774602863580653888675442431122064590454102e-01
88 230 9.84515884681771424880025733727961778640747070313e-02
230 230 -3.81301362544916311314580070757074281573295593262e-02
279 230 -1.77738774602863580653888675442431122064590454102e-01
28 231 -6.98936942580751507936298594358959235250949859619e-02
231 231 7.11762543417177040439014490402769297361373901367e-02
29 232 -5.70679623901261950935648314953141380101442337036e-02
232 232 5.33821907562882780329260867802076973021030426025e-02
30 233 -5.70679623901261950935648314953141380101442337036e-02
233 233 5.33821907562882780329260867802076973021030426025e-02
31 234 -5.70679623901261950935648314953141380101442337036e-02
234 234 5.33821907562882780329260867802076973021030426025e-02
32 235 -3.42407774340757128928025565528514562174677848816e-02
52 235 -2.79574777032300589296731629929126938804984092712e-02
186 235 1.86383184688200392864487753286084625869989395142e-02
235 235 2.25391472082106074370511095139590906910598278046e-02
33 236 -3.42407774340757128928025565528514562174677848816e-02
53 236 -2.79574777032300589296731629929126938804984092712e-02
187 236 1.86383184688200392864487753286084625869989395142e-02
236 236 2.25391472082106074370511095139590906910598278046e-02
34 237 -3.42407774340757128928025565528514562174677848816e-02
54 237 -2.79574777032300589296731629929126938804984092712e-02
188 237 1.86383184688200392864487753286084625869989395142e-02
237 237 2.25391472082106074370511095139590906910598278046e-02
35 238 -3.42407774340757128928025565528514562174677848816e-02
55 238 -2.79574777032300589296731629929126938804984092712e-02
189 238 1.86383184688200392864487753286084625869989395142e-02
238 238 2.25391472082106074370511095139590906910598278046e-02
36 239 -3.42407774340757128928025565528514562174677848816e-02
56 239 -2.79574777032300589296731629929126938804984092712e-02
190 239 1.86383184688200392864487753286084625869989395142e-02
239 239 2.25391472082106074370511095139590906910598278046e-02
57 240 -4.94223051720641889938967494799726409837603569031e-02
191 240 3.29482034480427926625978329866484273225069046021e-02
240 240 -1.18627090569529483610189402043033624067902565002e-02
58 241 -4.94223051720641889938967494799726409837603569031e-02
192 241 3.29482034480427926625978329866484273225069046021e-02
241 241 -1.18627090569529483610189402043033624067902565002e-02
59 242 -4.94223051720641889938967494799726409837603569031e-02
193 242 3.29482034480427926625978329866484273225069046021e-02
242 242 -1.18627090569529483610189402043033624067902565002e-02
60 243 -4.94223051720641889938967494799726409837603569031e-02
194 243 3.29482034480427926625978329866484273225069046021e-02
243 243 -1.18627090569529483610189402043033624067902565002e-02
61 244 -4.94223051720641889938967494799726409837603569031e-02
195 244 3.29482034480427926625978329866484273225069046021e-02
244 244 -1.18627090569529483610189402043033624067902565002e-02
62 245 -4.94223051720641889938967494799726409837603569031e-02
196 245 3.29482034480427926625978329866484273225069046021e-02
245 245 -1.18627090569529483610189402043033624067902565002e-02
63 246 -4.94223051720641889938967494799726409837603569031e-02
197 246 3.29482034480427926625978329866484273225069046021e-02
246 246 -1.18627090569529483610189402043033624067902565002e-02
64 247 -5.46384141767259912114695907803252339363098144531e-02
198 247 3.64256094511506631206110284892929485067725181580e-02
247 247 -3.55881271708588520219507245201384648680686950684e-02
65 248 -5.46384141767259912114695907803252339363098144531e-02
199 248 3.64256094511506631206110284892929485067725181580e-02
248 248 -3.55881271708588520219507245201384648680686950684e-02
66 249 -5.46384141767259912114695907803252339363098144531e-02
200 249 3.64256094511506631206110284892929485067725181580e-02
249 249 -3.55881271708588520219507245201384648680686950684e-02
67 250 -5.46384141767259912114695907803252339363098144531e-02
201 250 3.64256094511506631206110284892929485067725181580e-02
250 250 -3.55881271708588520219507245201384648680686950684e-02
68 251 -5.46384141767259912114695907803252339363098144531e-02
202 251 3.64256094511506631206110284892929485067725181580e-02
251 251 -3.55881271708588520219507245201384648680686950684e-02
69 252 -5.46384141767259912114695907803252339363098144531e-02
203 252 3.64256094511506631206110284892929485067725181580e-02
252 252 -3.55881271708588520219507245201384648680686950684e-02
70 253 -5.46384141767259912114695907803252339363098144531e-02
204 253 3.64256094511506631206110284892929485067725181580e-02
253 253 -3.55881271708588520219507245201384648680686950684e-02
71 254 -5.46384141767259912114695907803252339363098144531e-02
205 254 3.64256094511506631206110284892929485067725181580e-02
254 254 -3.55881271708588520219507245201384648680686950684e-02
72 255 -5.46384141767259912114695907803252339363098144531e-02
206 255 3.64256094511506631206110284892929485067725181580e-02
255 255 -3.55881271708588520219507245201384648680686950684e-02
37 256 -1.29417973982966699741936622558569069951772689819e-01
207 256 1.17410370297428533203909495341576985083520412445e-02
256 256 6.35502270908193667153796013735700398683547973633e-02
38 257 -1.29417973982966699741936622558569069951772689819e-01
208 257 1.17410370297428533203909495341576985083520412445e-02
257 257 6.35502270908193667153796013735700398683547973633e-02
39 258 -1.29417973982966699741936622558569069951772689819e-01
209 258 1.17410370297428533203909495341576985083520412445e-02
258 258 6.35502270908193667153796013735700398683547973633e-02
40 259 -9.64624624454042123300467892477172426879405975342e-02
210 259 3.21541541484680684637176284468296216800808906555e-02
259 259 3.81301362544916311314580070757074281573295593262e-02
41 260 -9.64624624454042123300467892477172426879405975342e-02
211 260 3.21541541484680684637176284468296216800808906555e-02
260 260 3.81301362544916311314580070757074281573295593262e-02
42 261 -9.64624624454042123300467892477172426879405975342e-02
212 261 3.21541541484680684637176284468296216800808906555e-02
261 261 3.81301362544916311314580070757074281573295593262e-02
43 262 -9.64624624454042123300467892477172426879405975342e-02
213 262 3.21541541484680684637176284468296216800808906555e-02
262 262 3.81301362544916311314580070757074281573295593262e-02
44 263 -9.64624624454042123300467892477172426879405975342e-02
214 263 3.21541541484680684637176284468296216800808906555e-02
263 263 3.81301362544916311314580070757074281573295593262e-02
45 264 -5.40780053709034522202436789939383743330836296082e-02
73 264 -3.19315407526320760300819756594137288630008697510e-02
215 264 5.50703451209763467089075561489153187721967697144e-02
264 264 6.93275204627120597566936055500264046713709831238e-03
46 265 -5.40780053709034522202436789939383743330836296082e-02
74 265 -3.19315407526320760300819756594137288630008697510e-02
216 265 5.50703451209763467089075561489153187721967697144e-02
265 265 6.93275204627120597566936055500264046713709831238e-03
47 266 -5.40780053709034522202436789939383743330836296082e-02
75 266 -3.19315407526320760300819756594137288630008697510e-02
217 266 5.50703451209763467089075561489153187721967697144e-02
266 266 6.93275204627120597566936055500264046713709831238e-03
48 267 -5.40780053709034522202436789939383743330836296082e-02
76 267 -3.19315407526320760300819756594137288630008697510e-02
218 267 5.50703451209763467089075561489153187721967697144e-02
267 267 6.93275204627120597566936055500264046713709831238e-03
49 268 -5.40780053709034522202436789939383743330836296082e-02
77 268 -3.19315407526320760300819756594137288630008697510e-02
219 268 5.50703451209763467089075561489153187721967697144e-02
268 268 6.93275204627120597566936055500264046713709831238e-03
50 269 -5.40780053709034522202436789939383743330836296082e-02
78 269 -3.19315407526320760300819756594137288630008697510e-02
220 269 5.50703451209763467089075561489153187721967697144e-02
269 269 6.93275204627120597566936055500264046713709831238e-03
51 270 -5.40780053709034522202436789939383743330836296082e-02
79 270 -3.19315407526320760300819756594137288630008697510e-02
221 270 5.50703451209763467089075561489153187721967697144e-02
270 270 6.93275204627120597566936055500264046713709831238e-03
80 271 -5.06897494863532416253804058214882388710975646973e-02
222 271 7.10955098411454322615554701769724488258361816406e-02
271 271 -2.17226230783164435400589553637473727576434612274e-02
81 272 -5.06897494863532416253804058214882388710975646973e-02
223 272 7.10955098411454322615554701769724488258361816406e-02
272 272 -2.17226230783164435400589553637473727576434612274e-02
82 273 -5.06897494863532416253804058214882388710975646973e-02
224 273 7.10955098411454322615554701769724488258361816406e-02
273 273 -2.17226230783164435400589553637473727576434612274e-02
83 274 -5.06897494863532416253804058214882388710975646973e-02
225 274 7.10955098411454322615554701769724488258361816406e-02
274 274 -2.17226230783164435400589553637473727576434612274e-02
84 275 -5.06897494863532416253804058214882388710975646973e-02
226 275 7.10955098411454322615554701769724488258361816406e-02
275 275 -2.17226230783164435400589553637473727576434612274e-02
85 276 -5.06897494863532416253804058214882388710975646973e-02
227 276 7.10955098411454322615554701769724488258361816406e-02
276 276 -2.17226230783164435400589553637473727576434612274e-02
86 277 -5.06897494863532416253804058214882388710975646973e-02
228 277 7.10955098411454322615554701769724488258361816406e-02
277 277 -2.17226230783164435400589553637473727576434612274e-02
87 278 -5.06897494863532416253804058214882388710975646973e-02
229 278 7.10955098411454322615554701769724488258361816406e-02
278 278 -2.17226230783164435400589553637473727576434612274e-02
88 279 -5.06897494863532416253804058214882388710975646973e-02
230 279 7.10955098411454322615554701769724488258361816406e-02
279 279 -2.17226230783164435400589553637473727576434612274e-02
125 280 1.27607843241723556415578855194326024502515792847e-01
317 280 -1.21669304625299359856605008189944783225655555725e-01
126 281 1.27607843241723556415578855194326024502515792847e-01
318 281 -1.21669304625299359856605008189944783225655555725e-01
127 282 1.27607843241723556415578855194326024502515792847e-01
319 282 -1.21669304625299359856605008189944783225655555725e-01
128 283 1.27607843241723556415578855194326024502515792847e-01
320 283 -1.21669304625299359856605008189944783225655555725e-01
129 284 1.27607843241723556415578855194326024502515792847e-01
321 284 -1.21669304625299359856605008189944783225655555725e-01
130 285 1.27607843241723556415578855194326024502515792847e-01
322 285 -1.21669304625299359856605008189944783225655555725e-01
131 286 1.27607843241723556415578855194326024502515792847e-01
323 286 -1.21669304625299359856605008189944783225655555725e-01
132 287 1.27607843241723556415578855194326024502515792847e-01
324 287 -1.21669304625299359856605008189944783225655555725e-01
133 288 1.27607843241723556415578855194326024502515792847e-01
325 288 -1.21669304625299359856605008189944783225655555725e-01
102 289 -7.92519999507642763925119311352318618446588516235e-02
142 289 2.30589389683183293433543781247863080352544784546e-02
289 289 3.81301362544916311314580070757074281573295593262e-02
334 289 -8.51507753403522027468852684251032769680023193359e-02
103 290 -7.92519999507642763925119311352318618446588516235e-02
143 290 2.30589389683183293433543781247863080352544784546e-02
290 290 3.81301362544916311314580070757074281573295593262e-02
335 290 -8.51507753403522027468852684251032769680023193359e-02
104 291 -7.92519999507642763925119311352318618446588516235e-02
144 291 2.30589389683183293433543781247863080352544784546e-02
291 291 3.81301362544916311314580070757074281573295593262e-02
336 291 -8.51507753403522027468852684251032769680023193359e-02
105 292 -7.92519999507642763925119311352318618446588516235e-02
145 292 2.30589389683183293433543781247863080352544784546e-02
292 292 3.81301362544916311314580070757074281573295593262e-02
337 292 -8.51507753403522027468852684251032769680023193359e-02
106 293 -7.92519999507642763925119311352318618446588516235e-02
146 293 2.30589389683183293433543781247863080352544784546e-02
293 293 3.81301362544916311314580070757074281573295593262e-02
338 293 -8.51507753403522027468852684251032769680023193359e-02
107 294 -7.92519999507642763925119311352318618446588516235e-02
147 294 2.30589389683183293433543781247863080352544784546e-02
294 294 3.81301362544916311314580070757074281573295593262e-02
339 294 -8.51507753403522027468852684251032769680023193359e-02
108 295 -7.92519999507642763925119311352318618446588516235e-02
148 295 2.30589389683183293433543781247863080352544784546e-02
295 295 3.81301362544916311314580070757074281573295593262e-02
340 295 -8.51507753403522027468852684251032769680023193359e-02
149 296 7.87612707745417167659596202611282933503389358521e-02
296 296 -5.33821907562882780329260867802076973021030426025e-02
341 296 -1.35172665296941968415822543647664133459329605103e-01
150 297 7.87612707745417167659596202611282933503389358521e-02
297 297 -5.33821907562882780329260867802076973021030426025e-02
342 297 -1.35172665296941968415822543647664133459329605103e-01
151 298 7.87612707745417167659596202611282933503389358521e-02
298 298 -5.33821907562882780329260867802076973021030426025e-02
343 298 -1.35172665296941968415822543647664133459329605103e-01
152 299 7.87612707745417167659596202611282933503389358521e-02
299 299 -5.33821907562882780329260867802076973021030426025e-02
344 299 -1.35172665296941968415822543647664133459329605103e-01
153 300 7.87612707745417167659596202611282933503389358521e-02
300 300 -5.33821907562882780329260867802076973021030426025e-02
345 300 -1.35172665296941968415822543647664133459329605103e-01
154 301 7.87612707745417167659596202611282933503389358521e-02
301 301 -5.33821907562882780329260867802076973021030426025e-02
346 301 -1.35172665296941968415822543647664133459329605103e-01
155 302 7.87612707745417167659596202611282933503389358521e-02
302 302 -5.33821907562882780329260867802076973021030426025e-02
347 302 -1.35172665296941968415822543647664133459329605103e-01
156 303 7.87612707745417167659596202611282933503389358521e-02
303 303 -5.33821907562882780329260867802076973021030426025e-02
348 303 -1.35172665296941968415822543647664133459329605103e-01
157 304 7.87612707745417167659596202611282933503389358521e-02
304 304 -5.33821907562882780329260867802076973021030426025e-02
349 304 -1.35172665296941968415822543647664133459329605103e-01
113 305 -2.92325405678991456781545821286272257566452026367e-02
158 305 3.63144154804682190926246043716218991903588175774e-03
305 305 5.44716232207023351441499414704594528302550315857e-02
354 305 -5.19366549164211668832002999351971084251999855042e-02
114 306 -2.92325405678991456781545821286272257566452026367e-02
159 306 3.63144154804682190926246043716218991903588175774e-03
306 306 5.44716232207023351441499414704594528302550315857e-02
355 306 -5.19366549164211668832002999351971084251999855042e-02
115 307 -2.92325405678991456781545821286272257566452026367e-02
160 307 3.63144154804682190926246043716218991903588175774e-03
307 307 5.44716232207023351441499414704594528302550315857e-02
356 307 -5.19366549164211668832002999351971084251999855042e-02
116 308 -2.92325405678991456781545821286272257566452026367e-02
161 308 3.63144154804682190926246043716218991903588175774e-03
308 308 5.44716232207023351441499414704594528302550315857e-02
357 308 -5.19366549164211668832002999351971084251999855042e-02
117 309 -2.92325405678991456781545821286272257566452026367e-02
162 309 3.63144154804682190926246043716218991903588175774e-03
309 309 5.44716232207023351441499414704594528302550315857e-02
358 309 -5.19366549164211668832002999351971084251999855042e-02
118 310 -5.16763191671808369553886564062850084155797958374e-02
163 310 1.81572077402341082452696952032056287862360477448e-02
310 310 5.44716232207023264705325615864239807706326246262e-03
359 310 -1.03873309832842333766400599870394216850399971008e-01
119 311 -5.16763191671808369553886564062850084155797958374e-02
164 311 1.81572077402341082452696952032056287862360477448e-02
311 311 5.44716232207023264705325615864239807706326246262e-03
360 311 -1.03873309832842333766400599870394216850399971008e-01
120 312 -5.16763191671808369553886564062850084155797958374e-02
165 312 1.81572077402341082452696952032056287862360477448e-02
312 312 5.44716232207023264705325615864239807706326246262e-03
361 312 -1.03873309832842333766400599870394216850399971008e-01
121 313 -5.16763191671808369553886564062850084155797958374e-02
166 313 1.81572077402341082452696952032056287862360477448e-02
313 313 5.44716232207023264705325615864239807706326246262e-03
362 313 -1.03873309832842333766400599870394216850399971008e-01
122 314 -5.16763191671808369553886564062850084155797958374e-02
167 314 1.81572077402341082452696952032056287862360477448e-02
314 314 5.44716232207023264705325615864239807706326246262e-03
363 314 -1.03873309832842333766400599870394216850399971008e-01
123 315 -5.16763191671808369553886564062850084155797958374e-02
168 315 1.81572077402341082452696952032056287862360477448e-02
315 315 5.44716232207023264705325615864239807706326246262e-03
364 315 -1.03873309832842333766400599870394216850399971008e-01
124 316 -5.16763191671808369553886564062850084155797958374e-02
169 316 1.81572077402341082452696952032056287862360477448e-02
316 316 5.44716232207023264705325615864239807706326246262e-03
365 316 -1.03873309832842333766400599870394216850399971008e-01
125 317 -5.71303204080632967554187473524507367983460426331e-02
170 317 5.44716232207023282052560375632310751825571060181e-02
317 317 -3.21877773576877412864405414438806474208831787109e-02
366 317 -1.51501019857873647778134795771620701998472213745e-01
126 318 -5.71303204080632967554187473524507367983460426331e-02
171 318 5.44716232207023282052560375632310751825571060181e-02
318 318 -3.21877773576877412864405414438806474208831787109e-02
367 318 -1.51501019857873647778134795771620701998472213745e-01
127 319 -5.71303204080632967554187473524507367983460426331e-02
172 319 5.44716232207023282052560375632310751825571060181e-02
319 319 -3.21877773576877412864405414438806474208831787109e-02
368 319 -1.51501019857873647778134795771620701998472213745e-01
128 320 -5.71303204080632967554187473524507367983460426331e-02
173 320 5.44716232207023282052560375632310751825571060181e-02
320 320 -3.21877773576877412864405414438806474208831787109e-02
369 320 -1.51501019857873647778134795771620701998472213745e-01
129 321 -5.71303204080632967554187473524507367983460426331e-02
174 321 5.44716232207023282052560375632310751825571060181e-02
321 321 -3.21877773576877412864405414438806474208831787109e-02
370 321 -1.51501019857873647778134795771620701998472213745e-01
130 322 -5.71303204080632967554187473524507367983460426331e-02
175 322 5.44716232207023282052560375632310751825571060181e-02
322 322 -3.21877773576877412864405414438806474208831787109e-02
371 322 -1.51501019857873647778134795771620701998472213745e-01
131 323 -5.71303204080632967554187473524507367983460426331e-02
176 323 5.44716232207023282052560375632310751825571060181e-02
323 323 -3.21877773576877412864405414438806474208831787109e-02
372 323 -1.51501019857873647778134795771620701998472213745e-01
132 324 -5.71303204080632967554187473524507367983460426331e-02
177 324 5.44716232207023282052560375632310751825571060181e-02
324 324 -3.21877773576877412864405414438806474208831787109e-02
373 324 -1.51501019857873647778134795771620701998472213745e-01
133 325 -5.71303204080632967554187473524507367983460426331e-02
178 325 5.44716232207023282052560375632310751825571060181e-02
325 325 -3.21877773576877412864405414438806474208831787109e-02
374 325 -1.51501019857873647778134795771620701998472213745e-01
94 326 -6.47089869914833498709683112792845349758863449097e-02
134 326 -8.80577777230713912293147416221472667530179023743e-03
326 326 6.35502270908193667153796013735700398683547973633e-02
95 327 -6.47089869914833498709683112792845349758863449097e-02
135 327 -8.80577777230713912293147416221472667530179023743e-03
327 327 6.35502270908193667153796013735700398683547973633e-02
96 328 -6.47089869914833498709683112792845349758863449097e-02
136 328 -8.80577777230713912293147416221472667530179023743e-03
328 328 6.35502270908193667153796013735700398683547973633e-02
97 329 -4.82312312227021061650233946238586213439702987671e-02
137 329 -2.41156156113510530825116973119293106719851493835e-02
329 329 3.81301362544916311314580070757074281573295593262e-02
98 330 -4.82312312227021061650233946238586213439702987671e-02
138 330 -2.41156156113510530825116973119293106719851493835e-02
330 330 3.81301362544916311314580070757074281573295593262e-02
99 331 -4.82312312227021061650233946238586213439702987671e-02
139 331 -2.41156156113510530825116973119293106719851493835e-02
331 331 3.81301362544916311314580070757074281573295593262e-02
100 332 -4.82312312227021061650233946238586213439702987671e-02
140 332 -2.41156156113510530825116973119293106719851493835e-02
332 332 3.81301362544916311314580070757074281573295593262e-02
101 333 -4.82312312227021061650233946238586213439702987671e-02
141 333 -2.41156156113510530825116973119293106719851493835e-02
333 333 3.81301362544916311314580070757074281573295593262e-02
102 334 -2.70390026854517261101218394969691871665418148041e-02
142 334 -4.13027588407322565622337151580723002552986145020e-02
289 334 2.12876938350880506867213171062758192420005798340e-02
334 334 6.93275204627120597566936055500264046713709831238e-03
103 335 -2.70390026854517261101218394969691871665418148041e-02
143 335 -4.13027588407322565622337151580723002552986145020e-02
290 335 2.12876938350880506867213171062758192420005798340e-02
335 335 6.93275204627120597566936055500264046713709831238e-03
104 336 -2.70390026854517261101218394969691871665418148041e-02
144 336 -4.13027588407322565622337151580723002552986145020e-02
291 336 2.12876938350880506867213171062758192420005798340e-02
336 336 6.93275204627120597566936055500264046713709831238e-03
105 337 -2.70390026854517261101218394969691871665418148041e-02
145 337 -4.13027588407322565622337151580723002552986145020e-02
292 337 2.12876938350880506867213171062758192420005798340e-02
337 337 6.93275204627120597566936055500264046713709831238e-03
106 338 -2.70390026854517261101218394969691871665418148041e-02
146 338 -4.13027588407322565622337151580723002552986145020e-02
293 338 2.12876938350880506867213171062758192420005798340e-02
338 338 6.93275204627120597566936055500264046713709831238e-03
107 339 -2.70390026854517261101218394969691871665418148041e-02
147 339 -4.13027588407322565622337151580723002552986145020e-02
294 339 2.12876938350880506867213171062758192420005798340e-02
339 339 6.93275204627120597566936055500264046713709831238e-03
108 340 -2.70390026854517261101218394969691871665418148041e-02
148 340 -4.13027588407322565622337151580723002552986145020e-02
295 340 2.12876938350880506867213171062758192420005798340e-02
340 340 6.93275204627120597566936055500264046713709831238e-03
149 341 -5.33216323808590741961666026327293366193771362305e-02
296 341 3.37931663242354921039556359119160333648324012756e-02
341 341 -2.17226230783164435400589553637473727576434612274e-02
150 342 -5.33216323808590741961666026327293366193771362305e-02
297 342 3.37931663242354921039556359119160333648324012756e-02
342 342 -2.17226230783164435400589553637473727576434612274e-02
151 343 -5.33216323808590741961666026327293366193771362305e-02
298 343 3.37931663242354921039556359119160333648324012756e-02
343 343 -2.17226230783164435400589553637473727576434612274e-02
152 344 -5.33216323808590741961666026327293366193771362305e-02
299 344 3.37931663242354921039556359119160333648324012756e-02
344 344 -2.17226230783164435400589553637473727576434612274e-02
153 345 -5.33216323808590741961666026327293366193771362305e-02
300 345 3.37931663242354921039556359119160333648324012756e-02
345 345 -2.17226230783164435400589553637473727576434612274e-02
154 346 -5.33216323808590741961666026327293366193771362305e-02
301 346 3.37931663242354921039556359119160333648324012756e-02
346 346 -2.17226230783164435400589553637473727576434612274e-02
155 347 -5.33216323808590741961666026327293366193771362305e-02
302 347 3.37931663242354921039556359119160333648324012756e-02
347 347 -2.17226230783164435400589553637473727576434612274e-02
156 348 -5.33216323808590741961666026327293366193771362305e-02
303 348 3.37931663242354921039556359119160333648324012756e-02
348 348 -2.17226230783164435400589553637473727576434612274e-02
157 349 -5.33216323808590741961666026327293366193771362305e-02
304 349 3.37931663242354921039556359119160333648324012756e-02
349 349 -2.17226230783164435400589553637473727576434612274e-02
109 350 -1.36418522650195994661004306180984713137149810791e-01
350 350 6.93275204627120389400118938283412717282772064209e-02
110 351 -1.24532503528402976877842434078047517687082290649e-01
351 351 5.89283923933052455890191367871011607348918914795e-02
111 352 -1.24532503528402976877842434078047517687082290649e-01
352 352 5.89283923933052455890191367871011607348918914795e-02
112 353 -1.24532503528402976877842434078047517687082290649e-01
353 353 5.89283923933052455890191367871011607348918914795e-02
113 354 -1.02197824007018420178205531101411907002329826355e-01
158 354 -1.55809964749263514527388707620048080570995807648e-02
305 354 2.07746619665684674471695103648016811348497867584e-02
354 354 3.97507795899835966735302861252421280369162559509e-02
114 355 -1.02197824007018420178205531101411907002329826355e-01
159 355 -1.55809964749263514527388707620048080570995807648e-02
306 355 2.07746619665684674471695103648016811348497867584e-02
355 355 3.97507795899835966735302861252421280369162559509e-02
115 356 -1.02197824007018420178205531101411907002329826355e-01
160 356 -1.55809964749263514527388707620048080570995807648e-02
307 356 2.07746619665684674471695103648016811348497867584e-02
356 356 3.97507795899835966735302861252421280369162559509e-02
116 357 -1.02197824007018420178205531101411907002329826355e-01
161 357 -1.55809964749263514527388707620048080570995807648e-02
308 357 2.07746619665684674471695103648016811348497867584e-02
357 357 3.97507795899835966735302861252421280369162559509e-02
117 358 -1.02197824007018420178205531101411907002329826355e-01
162 358 -1.55809964749263514527388707620048080570995807648e-02
309 358 2.07746619665684674471695103648016811348497867584e-02
358 358 3.97507795899835966735302861252421280369162559509e-02
118 359 -7.22647743778720708096585667590261436998844146729e-02
163 359 -3.11619929498527029054777415240096161141991615295e-02
310 359 4.15493239331369348943390207296033622696995735168e-02
359 359 1.50359687237310579721594194779754616320133209229e-02
119 360 -7.22647743778720708096585667590261436998844146729e-02
164 360 -3.11619929498527029054777415240096161141991615295e-02
311 360 4.15493239331369348943390207296033622696995735168e-02
360 360 1.50359687237310579721594194779754616320133209229e-02
120 361 -7.22647743778720708096585667590261436998844146729e-02
165 361 -3.11619929498527029054777415240096161141991615295e-02
312 361 4.15493239331369348943390207296033622696995735168e-02
361 361 1.50359687237310579721594194779754616320133209229e-02
121 362 -7.22647743778720708096585667590261436998844146729e-02
166 362 -3.11619929498527029054777415240096161141991615295e-02
313 362 4.15493239331369348943390207296033622696995735168e-02
362 362 1.50359687237310579721594194779754616320133209229e-02
122 363 -7.22647743778720708096585667590261436998844146729e-02
167 363 -3.11619929498527029054777415240096161141991615295e-02
314 363 4.15493239331369348943390207296033622696995735168e-02
363 363 1.50359687237310579721594194779754616320133209229e-02
123 364 -7.22647743778720708096585667590261436998844146729e-02
168 364 -3.11619929498527029054777415240096161141991615295e-02
315 364 4.15493239331369348943390207296033622696995735168e-02
364 364 1.50359687237310579721594194779754616320133209229e-02
124 365 -7.22647743778720708096585667590261436998844146729e-02
169 365 -3.11619929498527029054777415240096161141991615295e-02
316 365 4.15493239331369348943390207296033622696995735168e-02
365 365 1.50359687237310579721594194779754616320133209229e-02
125 366 -3.88411491438030442857609614293323829770088195801e-02
170 366 -4.54503059573620887823253156057035084813833236694e-02
317 366 6.06004079431494563356963567457569297403097152710e-02
366 366 -1.03541101989764756236001019829018332529813051224e-02
126 367 -3.88411491438030442857609614293323829770088195801e-02
171 367 -4.54503059573620887823253156057035084813833236694e-02
318 367 6.06004079431494563356963567457569297403097152710e-02
367 367 -1.03541101989764756236001019829018332529813051224e-02
127 368 -3.88411491438030442857609614293323829770088195801e-02
172 368 -4.54503059573620887823253156057035084813833236694e-02
319 368 6.06004079431494563356963567457569297403097152710e-02
368 368 -1.03541101989764756236001019829018332529813051224e-02
128 369 -3.88411491438030442857609614293323829770088195801e-02
173 369 -4.54503059573620887823253156057035084813833236694e-02
320 369 6.06004079431494563356963567457569297403097152710e-02
369 369 -1.03541101989764756236001019829018332529813051224e-02
129 370 -3.88411491438030442857609614293323829770088195801e-02
174 370 -4.54503059573620887823253156057035084813833236694e-02
321 370 6.06004079431494563356963567457569297403097152710e-02
370 370 -1.03541101989764756236001019829018332529813051224e-02
130 371 -3.88411491438030442857609614293323829770088195801e-02
175 371 -4.54503059573620887823253156057035084813833236694e-02
322 371 6.06004079431494563356963567457569297403097152710e-02
371 371 -1.03541101989764756236001019829018332529813051224e-02
131 372 -3.88411491438030442857609614293323829770088195801e-02
176 372 -4.54503059573620887823253156057035084813833236694e-02
323 372 6.06004079431494563356963567457569297403097152710e-02
372 372 -1.03541101989764756236001019829018332529813051224e-02
132 373 -3.88411491438030442857609614293323829770088195801e-02
177 373 -4.54503059573620887823253156057035084813833236694e-02
324 373 6.06004079431494563356963567457569297403097152710e-02
373 373 -1.03541101989764756236001019829018332529813051224e-02
133 374 -3.88411491438030442857609614293323829770088195801e-02
178 374 -4.54503059573620887823253156057035084813833236694e-02
325 374 6.06004079431494563356963567457569297403097152710e-02
374 374 -1.03541101989764756236001019829018332529813051224e-02
