29 1 5.62697697598191284851232296659873099997639656067e-02
33 1 5.62697697598191284851232296659873099997639656067e-02
28 2 -4.59440746184826831477465702846529893577098846436e-02
34 2 6.49747334361396866597715415991842746734619140625e-02
31 3 -5.62697697598191284851232296659873099997639656067e-02
35 3 5.62697697598191284851232296659873099997639656067e-02
40 4 6.49747334361396866597715415991842746734619140625e-02
46 4 4.59440746184826831477465702846529893577098846436e-02
37 5 -4.35863762349410419072448519273166311904788017273e-02
41 5 3.24873667180698433298857707995921373367309570313e-02
47 5 5.81151683132547225429931359030888415873050689697e-02
38 6 -5.03292121044870421897599044314119964838027954102e-02
48 6 6.16404444061499842688611749963456531986594200134e-02
39 7 -4.35863762349410419072448519273166311904788017273e-02
43 7 -3.24873667180698433298857707995921373367309570313e-02
49 7 5.81151683132547225429931359030888415873050689697e-02
44 8 -6.49747334361396866597715415991842746734619140625e-02
50 8 4.59440746184826831477465702846529893577098846436e-02
57 9 6.89161119277240108438320476125227287411689758301e-02
65 9 3.97887357729738364020555252409394597634673118591e-02
52 10 -3.88298301433750783773213299809867748990654945374e-02
58 10 4.59440746184826831477465702846529893577098846436e-02
66 10 5.20956838532142460507223802324006101116538047791e-02
53 11 -4.91162817642111018678896527944743866100907325745e-02
59 11 2.29720373092413415738732851423264946788549423218e-02
67 11 5.82447452150626210354289469250943511724472045898e-02
54 12 -5.20956838532142460507223802324006101116538047791e-02
68 12 6.01549141925417710230483692157577024772763252258e-02
55 13 -4.91162817642111018678896527944743866100907325745e-02
61 13 -2.29720373092413415738732851423264946788549423218e-02
69 13 5.82447452150626210354289469250943511724472045898e-02
56 14 -3.88298301433750783773213299809867748990654945374e-02
62 14 -4.59440746184826831477465702846529893577098846436e-02
70 14 5.20956838532142460507223802324006101116538047791e-02
63 15 -6.89161119277240108438320476125227287411689758301e-02
71 15 3.97887357729738364020555252409394597634673118591e-02
80 16 7.11762543417177040439014490402769297361373901367e-02
73 17 -3.50903666123160359879840086705371504649519920349e-02
81 17 5.33821907562882849718199906874360749498009681702e-02
74 18 -4.59440746184826831477465702846529893577098846436e-02
82 18 3.55881271708588520219507245201384648680686950684e-02
75 19 -5.13670370051249880471999631481594406068325042725e-02
83 19 1.77940635854294260109753622600692324340343475342e-02
76 20 -5.30516476972984485360740336545859463512897491455e-02
77 21 -5.13670370051249880471999631481594406068325042725e-02
85 21 -1.77940635854294260109753622600692324340343475342e-02
78 22 -4.59440746184826831477465702846529893577098846436e-02
86 22 -3.55881271708588520219507245201384648680686950684e-02
79 23 -3.50903666123160359879840086705371504649519920349e-02
87 23 -5.33821907562882849718199906874360749498009681702e-02
88 24 -7.11762543417177040439014490402769297361373901367e-02
90 25 9.24606666092249729338448105409042909741401672363e-02
91 26 1.06764381512576556065852173560415394604206085205e-01
92 27 9.24606666092249729338448105409042909741401672363e-02
95 28 9.74621001542095299896573123987764120101928710938e-02
94 29 5.96831036594607511336363359077950008213520050049e-02
98 29 8.00732861344324309271769379847683012485504150391e-02
99 30 9.24606666092249729338448105409042909741401672363e-02
96 31 -5.96831036594607511336363359077950008213520050049e-02
100 31 8.00732861344324309271769379847683012485504150391e-02
97 32 5.33821907562882780329260867802076973021030426025e-02
103 32 7.54938181567305632846398566471179947257041931152e-02
94 33 -1.19366207318921495328378767908361623995006084442e-02
98 33 2.66910953781441390164630433901038486510515213013e-02
104 33 9.54929658551371962627030143266892991960048675537e-02
95 34 -1.37832223855448039034898854993116401601582765579e-02
105 34 1.01285585567674418783212786365766078233718872070e-01
96 35 -1.19366207318921495328378767908361623995006084442e-02
100 35 -2.66910953781441390164630433901038486510515213013e-02
106 35 9.54929658551371962627030143266892991960048675537e-02
101 36 -5.33821907562882780329260867802076973021030426025e-02
107 36 7.54938181567305632846398566471179947257041931152e-02
110 37 8.00732861344324309271769379847683012485504150391e-02
114 37 5.47004680458749587002031944393820594996213912964e-02
109 38 -7.54938181567305632846398566471179947257041931152e-02
115 38 6.31626599021688633905924348255211953073740005493e-02
112 39 -8.00732861344324309271769379847683012485504150391e-02
116 39 5.47004680458749587002031944393820594996213912964e-02
113 40 8.15426433010876527962551563177839852869510650635e-02
119 40 6.16404444061499773299672710891172755509614944458e-02
110 41 -3.58098621956764590068544862333510536700487136841e-02
114 41 4.07713216505438263981275781588919926434755325317e-02
120 41 7.79696801233676212161682883561297785490751266479e-02
111 42 -4.13496671566344065062992285675136372447013854980e-02
121 42 8.26993343132688130125984571350272744894027709961e-02
112 43 -3.58098621956764590068544862333510536700487136841e-02
116 43 -4.07713216505438263981275781588919926434755325317e-02
122 43 7.79696801233676212161682883561297785490751266479e-02
117 44 -8.15426433010876527962551563177839852869510650635e-02
123 44 6.16404444061499773299672710891172755509614944458e-02
118 45 6.53795643524115593914203259373607579618692398071e-02
126 45 6.53795643524115593914203259373607579618692398071e-02
113 46 -1.64741017240213963312989164933242136612534523010e-02
119 46 4.35863762349410419072448519273166311904788017273e-02
127 46 8.56019435851892857014533433357428293675184249878e-02
114 47 -2.08382735412857011958465136558515951037406921387e-02
120 47 2.17931881174705209536224259636583155952394008636e-02
128 47 9.57058824312926464950024296740593854337930679321e-02
115 48 -2.21023267938949934119374773899835417978465557098e-02
129 48 9.88446103441283918655813067744020372629165649414e-02
116 49 -2.08382735412857011958465136558515951037406921387e-02
122 49 -2.17931881174705209536224259636583155952394008636e-02
130 49 9.57058824312926464950024296740593854337930679321e-02
117 50 -1.64741017240213963312989164933242136612534523010e-02
123 50 -4.35863762349410419072448519273166311904788017273e-02
131 50 8.56019435851892857014533433357428293675184249878e-02
124 51 -6.53795643524115593914203259373607579618692398071e-02
132 51 6.53795643524115593914203259373607579618692398071e-02
137 52 8.71727524698820838144897038546332623809576034546e-02
143 52 4.03531431945570867592110175792186055332422256470e-02
134 53 -7.16197243913528902581333568377885967493057250977e-02
138 53 4.35863762349410419072448519273166311904788017273e-02
144 53 5.10431372966894114640012958261650055646896362305e-02
135 54 -8.26993343132687991348106493205705191940069198608e-02
145 54 5.41394227732876001657480458106874721124768257141e-02
136 55 -7.16197243913528902581333568377885967493057250977e-02
140 55 -4.35863762349410419072448519273166311904788017273e-02
146 55 5.10431372966894114640012958261650055646896362305e-02
141 56 -8.71727524698820838144897038546332623809576034546e-02
147 56 4.03531431945570867592110175792186055332422256470e-02
142 57 8.95246554891910989448788882327789906412363052368e-02
150 57 5.16870839457930081328740357093920465558767318726e-02
137 58 -3.68372113231583211967468116654345067217946052551e-02
143 58 5.96831036594607372558485280933382455259561538696e-02
151 58 6.76742784666095054113554851937806233763694763184e-02
138 59 -4.65957961720500912772280344142927788197994232178e-02
144 59 2.98415518297303686279242640466691227629780769348e-02
152 59 7.56621434897945394082441339378419797867536544800e-02
139 60 -4.94223051720641889938967494799726409837603569031e-02
153 60 7.81435257798213933622122340239002369344234466553e-02
140 61 -4.65957961720500912772280344142927788197994232178e-02
146 61 -2.98415518297303686279242640466691227629780769348e-02
154 61 7.56621434897945394082441339378419797867536544800e-02
141 62 -3.68372113231583211967468116654345067217946052551e-02
147 62 -5.96831036594607372558485280933382455259561538696e-02
155 62 6.76742784666095054113554851937806233763694763184e-02
148 63 -8.95246554891910989448788882327789906412363052368e-02
156 63 5.16870839457930081328740357093920465558767318726e-02
149 64 7.16197243913529041359211646522453520447015762329e-02
142 65 -1.72290279819310061804049638567448710091412067413e-02
150 65 5.37147932935146815713878254427982028573751449585e-02
143 66 -2.25580928222031650010048764443126856349408626556e-02
151 66 3.58098621956764520679605823261226760223507881165e-02
144 67 -2.52207144965981774897834100102045340463519096375e-02
152 67 1.79049310978382260339802911630613380111753940582e-02
145 68 -2.60478419266071264948081420698144938796758651733e-02
146 69 -2.52207144965981774897834100102045340463519096375e-02
154 69 -1.79049310978382260339802911630613380111753940582e-02
147 70 -2.25580928222031650010048764443126856349408626556e-02
155 70 -3.58098621956764520679605823261226760223507881165e-02
148 71 -1.72290279819310061804049638567448710091412067413e-02
156 71 -5.37147932935146815713878254427982028573751449585e-02
157 72 -7.16197243913529041359211646522453520447015762329e-02
163 73 8.95246554891911267004545038616925012320280075073e-02
171 73 3.29910768603864368309075416618725284934043884277e-02
158 74 -6.38039216208617782077894275971630122512578964233e-02
164 74 5.96831036594607511336363359077950008213520050049e-02
172 74 4.31954591345219685027956302292295731604099273682e-02
159 75 -8.07062863891141596406342273439804557710886001587e-02
165 75 2.98415518297303755668181679538975004106760025024e-02
173 75 4.82939914720526830560487496768473647534847259521e-02
160 76 -8.56019435851892995792411511501995846629142761230e-02
174 76 4.98778199181714732013404045574134215712547302246e-02
161 77 -8.07062863891141596406342273439804557710886001587e-02
167 77 -2.98415518297303755668181679538975004106760025024e-02
175 77 4.82939914720526830560487496768473647534847259521e-02
162 78 -6.38039216208617782077894275971630122512578964233e-02
168 78 -5.96831036594607511336363359077950008213520050049e-02
176 78 4.31954591345219685027956302292295731604099273682e-02
169 79 -8.95246554891911267004545038616925012320280075073e-02
177 79 3.29910768603864368309075416618725284934043884277e-02
170 80 9.36853645614805219388188106677262112498283386230e-02
163 81 -3.53090002952374457101392124513949966058135032654e-02
171 81 7.02640234211103914541141080007946584373712539673e-02
164 82 -4.62303333046124864669224052704521454870700836182e-02
172 82 4.68426822807402609694094053338631056249141693115e-02
165 83 -5.16870839457930081328740357093920465558767318726e-02
173 83 2.34213411403701304847047026669315528124570846558e-02
166 84 -5.33821907562882780329260867802076973021030426025e-02
167 85 -5.16870839457930081328740357093920465558767318726e-02
175 85 -2.34213411403701304847047026669315528124570846558e-02
168 86 -4.62303333046124864669224052704521454870700836182e-02
176 86 -4.68426822807402609694094053338631056249141693115e-02
169 87 -3.53090002952374457101392124513949966058135032654e-02
177 87 -7.02640234211103914541141080007946584373712539673e-02
178 88 -9.36853645614805219388188106677262112498283386230e-02
180 89 1.04191367706428492101444760464801220223307609558e-01
25 90 -3.08202222030749921344305874981728265993297100067e-02
181 90 1.31792813792171170650391331946593709290027618408e-01
26 91 -3.55881271708588520219507245201384648680686950684e-02
182 91 1.39787388516150301587259718871791847050189971924e-01
27 92 -3.08202222030749921344305874981728265993297100067e-02
183 92 1.31792813792171170650391331946593709290027618408e-01
184 93 1.04191367706428492101444760464801220223307609558e-01
29 94 -1.98943678864869182010277626204697298817336559296e-02
33 94 3.97887357729738346673320492641323653515428304672e-03
187 94 1.16954520185051411007570720812509534880518913269e-01
28 95 -3.24873667180698433298857707995921373367309570313e-02
34 95 4.59440746184826796782996183310388005338609218597e-03
188 95 1.35047447423565891710950381821021437644958496094e-01
31 96 1.98943678864869182010277626204697298817336559296e-02
35 96 3.97887357729738346673320492641323653515428304672e-03
189 96 1.16954520185051411007570720812509534880518913269e-01
32 97 -1.77940635854294260109753622600692324340343475342e-02
186 97 5.81151683132547225429931359030888415873050689697e-02
192 97 9.82325635284222037357793055889487732201814651489e-02
29 98 -2.66910953781441424859099953437180374749004840851e-02
33 98 -8.89703179271471300548768113003461621701717376709e-03
187 98 2.90575841566273612714965679515444207936525344849e-02
193 98 1.24255456458800261909658502190723083913326263428e-01
30 99 -3.08202222030749921344305874981728265993297100067e-02
194 99 1.31792813792171170650391331946593709290027618408e-01
31 100 -2.66910953781441424859099953437180374749004840851e-02
35 100 8.89703179271471300548768113003461621701717376709e-03
189 100 -2.90575841566273612714965679515444207936525344849e-02
195 100 1.24255456458800261909658502190723083913326263428e-01
36 101 1.77940635854294260109753622600692324340343475342e-02
190 101 -5.81151683132547225429931359030888415873050689697e-02
196 101 9.82325635284222037357793055889487732201814651489e-02
191 102 5.20956838532142460507223802324006101116538047791e-02
199 102 9.02323712888126461262316979627939872443675994873e-02
32 103 -2.51646060522435210948799522157059982419013977051e-02
186 103 -5.87051851487142666019547476707884925417602062225e-03
192 103 3.47304559021428330134462214573431992903351783752e-02
200 103 1.18141906161812568210045526484464062377810478210e-01
33 104 -3.18309886183790677338656394113058922812342643738e-02
187 104 -7.42568382127310744333925640603411011397838592529e-03
193 104 1.73652279510714165067231107286715996451675891876e-02
201 104 1.32086666584607104191206872201291844248771667480e-01
34 105 -3.37618618558914729277375954552553594112396240234e-02
188 105 -7.87612707745417167659596202611282933503389358521e-03
202 105 1.36418522650195994661004306180984713137149810791e-01
35 106 -3.18309886183790677338656394113058922812342643738e-02
189 106 -7.42568382127310744333925640603411011397838592529e-03
195 106 -1.73652279510714165067231107286715996451675891876e-02
203 106 1.32086666584607104191206872201291844248771667480e-01
36 107 -2.51646060522435210948799522157059982419013977051e-02
190 107 -5.87051851487142666019547476707884925417602062225e-03
196 107 -3.47304559021428330134462214573431992903351783752e-02
204 107 1.18141906161812568210045526484464062377810478210e-01
197 108 -5.20956838532142460507223802324006101116538047791e-02
205 108 9.02323712888126461262316979627939872443675994873e-02
38 109 2.51646060522435210948799522157059982419013977051e-02
208 109 1.23280888812299968537722349992691306397318840027e-01
37 110 -2.66910953781441424859099953437180374749004840851e-02
41 110 1.19366207318921547370083047212574456352740526199e-02
207 110 8.71727524698820838144897038546332623809576034546e-02
211 110 9.54929658551372101404908221411460544914007186890e-02
42 111 1.37832223855448056382133614761187345720827579498e-02
212 111 1.10265779084358417350131276180036365985870361328e-01
39 112 2.66910953781441424859099953437180374749004840851e-02
43 112 1.19366207318921547370083047212574456352740526199e-02
209 112 -8.71727524698820838144897038546332623809576034546e-02
213 112 9.54929658551372101404908221411460544914007186890e-02
40 113 -2.71808811003625520885673694237993913702666759491e-02
46 113 5.49136724134046544376630549777473788708448410034e-03
210 113 9.31915923441001825544560688285855576395988464355e-02
216 113 8.62786493219777766983114020149514544755220413208e-02
37 114 -1.82334893486249850769187474952559568919241428375e-02
41 114 -1.35904405501812760442836847118996956851333379745e-02
47 114 6.94609118042856677616159188914934929925948381424e-03
207 114 -2.55215686483447057320006479130825027823448181152e-02
211 114 4.65957961720500912772280344142927788197994232178e-02
217 114 1.09134818120156809606591252759244525805115699768e-01
38 115 -2.10542199673896222866797955930451280437409877777e-02
48 115 7.36744226463166475976640512612902966793626546860e-03
208 115 -2.94697690585266590390656205045161186717450618744e-02
218 115 1.15754954934485052020498585534369340166449546814e-01
39 116 -1.82334893486249850769187474952559568919241428375e-02
43 116 1.35904405501812760442836847118996956851333379745e-02
49 116 6.94609118042856677616159188914934929925948381424e-03
209 116 -2.55215686483447057320006479130825027823448181152e-02
213 116 -4.65957961720500912772280344142927788197994232178e-02
219 116 1.09134818120156809606591252759244525805115699768e-01
44 117 2.71808811003625520885673694237993913702666759491e-02
50 117 5.49136724134046544376630549777473788708448410034e-03
214 117 -9.31915923441001825544560688285855576395988464355e-02
220 117 8.62786493219777766983114020149514544755220413208e-02
45 118 -2.17931881174705209536224259636583155952394008636e-02
215 118 8.56019435851892857014533433357428293675184249878e-02
223 118 8.23705086201069885953884863738494459539651870728e-02
40 119 -2.05468148020499924433224236963724251836538314819e-02
46 119 -1.45287920783136806357482839757722103968262672424e-02
210 119 -1.76115555446142817153099002780436421744525432587e-02
216 119 5.70679623901261950935648314953141380101442337036e-02
224 119 1.07848311652472231281230108379531884565949440002e-01
41 120 -2.59898933744558725822404454675051965750753879547e-02
47 120 -7.26439603915684031787414198788610519841313362122e-03
211 120 -2.22770514638193188605708172644881415180861949921e-02
217 120 2.85339811950630975467824157476570690050721168518e-02
225 120 1.20578078056755272351452390466874931007623672485e-01
42 121 -2.75664447710896043375328190450090914964675903320e-02
212 121 -2.36283812323625150297878860783384880051016807556e-02
226 121 1.24532503528402976877842434078047517687082290649e-01
43 122 -2.59898933744558725822404454675051965750753879547e-02
49 122 7.26439603915684031787414198788610519841313362122e-03
213 122 -2.22770514638193188605708172644881415180861949921e-02
219 122 -2.85339811950630975467824157476570690050721168518e-02
227 122 1.20578078056755272351452390466874931007623672485e-01
44 123 -2.05468148020499924433224236963724251836538314819e-02
50 123 1.45287920783136806357482839757722103968262672424e-02
214 123 -1.76115555446142817153099002780436421744525432587e-02
220 123 -5.70679623901261950935648314953141380101442337036e-02
228 123 1.07848311652472231281230108379531884565949440002e-01
51 124 2.17931881174705209536224259636583155952394008636e-02
221 124 -8.56019435851892857014533433357428293675184249878e-02
229 124 8.23705086201069885953884863738494459539651870728e-02
222 125 6.58964068960855853251956659732968546450138092041e-02
45 126 -2.17931881174705209536224259636583155952394008636e-02
215 126 -9.51132706502103193735297992361665819771587848663e-03
223 126 4.94223051720641820550028455727442633360624313354e-02
46 127 -2.85339811950630975467824157476570690050721168518e-02
216 127 -1.24532503528402959530607674309976573567837476730e-02
224 127 3.29482034480427926625978329866484273225069046021e-02
47 128 -3.19019608104308821650008098913531284779310226440e-02
217 128 -1.39231571648870729868141538076997676398605108261e-02
225 128 1.64741017240213963312989164933242136612534523010e-02
48 129 -3.29482034480427926625978329866484273225069046021e-02
218 129 -1.43797748869962955381440750102228776086121797562e-02
49 130 -3.19019608104308821650008098913531284779310226440e-02
219 130 -1.39231571648870729868141538076997676398605108261e-02
227 130 -1.64741017240213963312989164933242136612534523010e-02
50 131 -2.85339811950630975467824157476570690050721168518e-02
220 131 -1.24532503528402959530607674309976573567837476730e-02
228 131 -3.29482034480427926625978329866484273225069046021e-02
51 132 -2.17931881174705209536224259636583155952394008636e-02
221 132 -9.51132706502103193735297992361665819771587848663e-03
229 132 -4.94223051720641820550028455727442633360624313354e-02
230 133 -6.58964068960855853251956659732968546450138092041e-02
53 134 2.38732414637843025351227055352865136228501796722e-02
232 134 1.04191367706428478223656952650344464927911758423e-01
236 134 6.25148206238570897097517331530980300158262252808e-02
54 135 2.75664447710896043375328190450090914964675903320e-02
231 135 -1.04191367706428492101444760464801220223307609558e-01
237 135 7.21858970310501196765429199331265408545732498169e-02
55 136 2.38732414637843025351227055352865136228501796722e-02
234 136 -1.04191367706428478223656952650344464927911758423e-01
238 136 6.25148206238570897097517331530980300158262252808e-02
52 137 -2.90575841566273612714965679515444207936525344849e-02
58 137 1.22790704410527754669724131986185966525226831436e-02
235 137 1.14135924780252390187129662990628276020288467407e-01
241 137 6.82092613250980112082899609049491118639707565308e-02
53 138 -1.45287920783136806357482839757722103968262672424e-02
59 138 1.55319320573500327387073127738403854891657829285e-02
232 138 -5.70679623901261881546709275880857603624463081360e-02
236 138 5.70679623901261950935648314953141380101442337036e-02
242 138 8.62786493219777766983114020149514544755220413208e-02
60 139 1.64741017240213963312989164933242136612534523010e-02
233 139 -6.58964068960855853251956659732968546450138092041e-02
243 139 9.15123270107799091643840938559151254594326019287e-02
55 140 1.45287920783136806357482839757722103968262672424e-02
61 140 1.55319320573500327387073127738403854891657829285e-02
234 140 -5.70679623901261881546709275880857603624463081360e-02
238 140 -5.70679623901261950935648314953141380101442337036e-02
244 140 8.62786493219777766983114020149514544755220413208e-02
56 141 2.90575841566273612714965679515444207936525344849e-02
62 141 1.22790704410527754669724131986185966525226831436e-02
239 141 -1.14135924780252390187129662990628276020288467407e-01
245 141 6.82092613250980112082899609049491118639707565308e-02
57 142 -2.98415518297303790362651199075116892345249652863e-02
65 142 5.74300932731033192402136933196743484586477279663e-03
240 142 1.10511633969474970529134338903531897813081741333e-01
248 142 7.05378893898810088725070954751572571694850921631e-02
52 143 -1.34510477315190266067723712239967426285147666931e-02
58 143 -1.98943678864869182010277626204697298817336559296e-02
66 143 7.51936427406771964315757017516261839773505926132e-03
235 143 -3.52231110892285634306198005560872843489050865173e-02
241 143 7.36744226463166423934936233308690134435892105103e-02
249 143 9.23557764261577485154219857577118091285228729248e-02
53 144 -1.70143790988964704880004319420550018548965454102e-02
59 144 -9.94718394324345910051388131023486494086682796478e-03
67 144 8.40690483219938902714751804978732252493500709534e-03
236 144 -4.45541029276386377211416345289762830361723899841e-02
242 144 3.68372113231583211967468116654345067217946052551e-02
250 144 1.03256897101830669161159903524094261229038238525e-01
54 145 -1.80464742577625299191357299832816352136433124542e-02
68 145 8.68261397553570478391460341072161099873483181000e-03
237 145 -4.72567624647250300595757721566769760102033615112e-02
251 145 1.06643264761718148392333205265458673238754272461e-01
55 146 -1.70143790988964704880004319420550018548965454102e-02
61 146 9.94718394324345910051388131023486494086682796478e-03
69 146 8.40690483219938902714751804978732252493500709534e-03
238 146 -4.45541029276386377211416345289762830361723899841e-02
244 146 -3.68372113231583211967468116654345067217946052551e-02
252 146 1.03256897101830669161159903524094261229038238525e-01
56 147 -1.34510477315190266067723712239967426285147666931e-02
62 147 1.98943678864869182010277626204697298817336559296e-02
70 147 7.51936427406771964315757017516261839773505926132e-03
239 147 -3.52231110892285634306198005560872843489050865173e-02
245 147 -7.36744226463166423934936233308690134435892105103e-02
253 147 9.23557764261577485154219857577118091285228729248e-02
63 148 2.98415518297303790362651199075116892345249652863e-02
71 148 5.74300932731033192402136933196743484586477279663e-03
246 148 -1.10511633969474970529134338903531897813081741333e-01
254 148 7.05378893898810088725070954751572571694850921631e-02
64 149 -2.38732414637842955962288016280581359751522541046e-02
247 149 9.77401666255580392483892637756071053445339202881e-02
57 150 -1.72290279819310027109580119031306821852922439575e-02
65 150 -1.79049310978382225645333392094471491873264312744e-02
240 150 -2.12679738736205915794474918811829411424696445465e-02
248 150 7.33051249691685363751858517389337066560983657837e-02
58 151 -2.25580928222031650010048764443126856349408626556e-02
66 151 -1.19366207318921477981144008140290679875761270523e-02
241 151 -2.78463143297741494430752595690137241035699844360e-02
249 151 4.88700833127790196241946318878035526722669601440e-02
59 152 -2.52207144965981740203364580565903452225029468536e-02
67 152 -5.96831036594607389905720040701453399378806352615e-03
242 152 -3.11331258821007476889075604731260682456195354462e-02
250 152 2.44350416563895098120973159439017763361334800720e-02
60 153 -2.60478419266071230253611901162003050558269023895e-02
243 153 -3.21541541484680754026115323540579993277788162231e-02
61 154 -2.52207144965981740203364580565903452225029468536e-02
69 154 5.96831036594607389905720040701453399378806352615e-03
244 154 -3.11331258821007476889075604731260682456195354462e-02
252 154 -2.44350416563895098120973159439017763361334800720e-02
62 155 -2.25580928222031650010048764443126856349408626556e-02
70 155 1.19366207318921477981144008140290679875761270523e-02
245 155 -2.78463143297741494430752595690137241035699844360e-02
253 155 -4.88700833127790196241946318878035526722669601440e-02
63 156 -1.72290279819310027109580119031306821852922439575e-02
71 156 1.79049310978382225645333392094471491873264312744e-02
246 156 -2.12679738736205915794474918811829411424696445465e-02
254 156 -7.33051249691685363751858517389337066560983657837e-02
72 157 2.38732414637842955962288016280581359751522541046e-02
255 157 -9.77401666255580392483892637756071053445339202881e-02
74 158 2.12679738736205915794474918811829411424696445465e-02
259 158 1.09827344826809322753113917769951513037085533142e-01
265 158 4.35369305284565508151750634624477243050932884216e-02
75 159 2.69020954630380532135447424479934852570295333862e-02
256 159 -9.88446103441283641100056911454885266721248626709e-02
260 159 5.49136724134046613765569588849757565185427665710e-02
266 159 5.50703451209763467089075561489153187721967697144e-02
76 160 2.85339811950630975467824157476570690050721168518e-02
257 160 -1.14135924780252390187129662990628276020288467407e-01
267 160 5.84109217159888144399459974920318927615880966187e-02
77 161 2.69020954630380532135447424479934852570295333862e-02
258 161 -9.88446103441283641100056911454885266721248626709e-02
262 161 -5.49136724134046613765569588849757565185427665710e-02
268 161 5.50703451209763467089075561489153187721967697144e-02
78 162 2.12679738736205915794474918811829411424696445465e-02
263 162 -1.09827344826809322753113917769951513037085533142e-01
269 162 4.35369305284565508151750634624477243050932884216e-02
73 163 -2.98415518297303755668181679538975004106760025024e-02
81 163 1.17696667650791508830110387862077914178371429443e-02
264 163 1.22175208281947514366017060183366993442177772522e-01
272 163 5.46384141767260050892573985947819892317056655884e-02
74 164 -1.98943678864869182010277626204697298817336559296e-02
82 164 1.54101111015374978019387697258935077115893363953e-02
259 164 -5.87051851487142631325077957171743037179112434387e-02
265 164 8.14501388546316762440113734555779956281185150146e-02
273 164 7.15384768049129038391953372411080636084079742432e-02
75 165 -9.94718394324345910051388131023486494086682796478e-03
83 165 1.72290279819310061804049638567448710091412067413e-02
260 165 -7.42568382127310605556047562458843458443880081177e-02
266 165 4.07250694273158381220056867277889978140592575073e-02
274 165 7.99824485712886251720377117635507602244615554810e-02
84 166 1.77940635854294294804223142136834212578833103180e-02
261 166 -7.87612707745417167659596202611282933503389358521e-02
275 166 8.26055176814645270022552381306013558059930801392e-02
77 167 9.94718394324345910051388131023486494086682796478e-03
85 167 1.72290279819310061804049638567448710091412067413e-02
262 167 -7.42568382127310605556047562458843458443880081177e-02
268 167 -4.07250694273158381220056867277889978140592575073e-02
276 167 7.99824485712886251720377117635507602244615554810e-02
78 168 1.98943678864869182010277626204697298817336559296e-02
86 168 1.54101111015374978019387697258935077115893363953e-02
263 168 -5.87051851487142631325077957171743037179112434387e-02
269 168 -8.14501388546316762440113734555779956281185150146e-02
277 168 7.15384768049129038391953372411080636084079742432e-02
79 169 2.98415518297303755668181679538975004106760025024e-02
87 169 1.17696667650791508830110387862077914178371429443e-02
270 169 -1.22175208281947514366017060183366993442177772522e-01
278 169 5.46384141767260050892573985947819892317056655884e-02
80 170 -3.12284548538268487416491581143418443389236927032e-02
271 170 1.18613532412954095218715622195304604247212409973e-01
73 171 -1.09970256201288134334514978718289057724177837372e-02
81 171 -2.34213411403701339541516546205457416363060474396e-02
264 171 -3.68372113231583350745346194798912620171904563904e-02
272 171 8.89601493097155610056958607856358867138624191284e-02
74 172 -1.43984863781739941268611460145621094852685928345e-02
82 172 -1.56142274269134243708245790571709221694618463516e-02
265 172 -4.82312312227021269817051063455437542870640754700e-02
273 172 5.93067662064770476093578110976523021236062049866e-02
75 173 -1.60979971573508989779455191637680400162935256958e-02
83 173 -7.80711371345671218541228952858546108473092317581e-03
266 173 -5.39241558262361295184028620042226975783705711365e-02
274 173 2.96533831032385238046789055488261510618031024933e-02
76 174 -1.66259399727238313393407054263661848381161689758e-02
267 174 -5.56926286595483058250444230452558258548378944397e-02
77 175 -1.60979971573508989779455191637680400162935256958e-02
85 175 7.80711371345671218541228952858546108473092317581e-03
268 175 -5.39241558262361295184028620042226975783705711365e-02
276 175 -2.96533831032385238046789055488261510618031024933e-02
78 176 -1.43984863781739941268611460145621094852685928345e-02
86 176 1.56142274269134243708245790571709221694618463516e-02
269 176 -4.82312312227021269817051063455437542870640754700e-02
277 176 -5.93067662064770476093578110976523021236062049866e-02
79 177 -1.09970256201288134334514978718289057724177837372e-02
87 177 2.34213411403701339541516546205457416363060474396e-02
270 177 -3.68372113231583350745346194798912620171904563904e-02
278 177 -8.89601493097155610056958607856358867138624191284e-02
88 178 3.12284548538268487416491581143418443389236927032e-02
279 178 -1.18613532412954095218715622195304604247212409973e-01
281 179 1.14860186546206707869366425711632473394274711609e-01
89 180 -5.20956838532142460507223802324006101116538047791e-02
282 180 1.50387285481354437965961778900236822664737701416e-01
90 181 -6.58964068960855853251956659732968546450138092041e-02
283 181 1.68138096643987849931889400068030226975679397583e-01
91 182 -6.98936942580751507936298594358959235250949859619e-02
284 182 1.73652279510714158128337203379487618803977966309e-01
92 183 -6.58964068960855853251956659732968546450138092041e-02
285 183 1.68138096643987849931889400068030226975679397583e-01
93 184 -5.20956838532142460507223802324006101116538047791e-02
286 184 1.50387285481354437965961778900236822664737701416e-01
287 185 1.14860186546206707869366425711632473394274711609e-01
97 186 -2.90575841566273612714965679515444207936525344849e-02
103 186 2.93525925743571333009773738353942462708801031113e-03
290 186 1.27100454181638788941910434004967100918292999268e-01
94 187 -5.84772600925257055037853604062547674402594566345e-02
98 187 -1.45287920783136806357482839757722103968262672424e-02
104 187 3.71284191063655372166962820301705505698919296265e-03
291 187 1.60770770742340363135269853955833241343498229980e-01
95 188 -6.75237237117829458554751909105107188224792480469e-02
105 188 3.93806353872708583829798101305641466751694679260e-03
292 188 1.70523153312744979448467574911774136126041412354e-01
96 189 -5.84772600925257055037853604062547674402594566345e-02
100 189 1.45287920783136806357482839757722103968262672424e-02
106 189 3.71284191063655372166962820301705505698919296265e-03
293 189 1.60770770742340363135269853955833241343498229980e-01
101 190 2.90575841566273612714965679515444207936525344849e-02
107 190 2.93525925743571333009773738353942462708801031113e-03
294 190 1.27100454181638788941910434004967100918292999268e-01
102 191 -2.60478419266071230253611901162003050558269023895e-02
289 191 5.63952320555079072983417631803604308515787124634e-02
297 191 1.11212897408933933385277725847117835655808448792e-01
97 192 -4.91162817642111018678896527944743866100907325745e-02
103 192 -1.73652279510714165067231107286715996451675891876e-02
290 192 3.75968213703386094914904447250592056661844253540e-02
298 192 1.45611863037656552588572367312735877931118011475e-01
98 193 -6.21277282294001309548292510953615419566631317139e-02
104 193 -8.68261397553570825336155536433579982258379459381e-03
291 193 1.87984106851693047457452223625296028330922126770e-02
299 193 1.62799012041294488550846608632127754390239715576e-01
99 194 -6.58964068960855853251956659732968546450138092041e-02
300 194 1.68138096643987849931889400068030226975679397583e-01
100 195 -6.21277282294001309548292510953615419566631317139e-02
106 195 8.68261397553570825336155536433579982258379459381e-03
293 195 -1.87984106851693047457452223625296028330922126770e-02
301 195 1.62799012041294488550846608632127754390239715576e-01
101 196 -4.91162817642111018678896527944743866100907325745e-02
107 196 1.73652279510714165067231107286715996451675891876e-02
294 196 -3.75968213703386094914904447250592056661844253540e-02
302 196 1.45611863037656552588572367312735877931118011475e-01
108 197 2.60478419266071230253611901162003050558269023895e-02
295 197 -5.63952320555079072983417631803604308515787124634e-02
303 197 1.11212897408933933385277725847117835655808448792e-01
296 198 5.13670370051249811083060592409310629591345787048e-02
102 199 -4.51161856444063230631158489813969936221837997437e-02
289 199 -3.61775582313987814978006873900540085742250084877e-03
297 199 3.85252777538437410353999723611195804551243782043e-02
103 200 -5.90709530809062841050227632422320311889052391052e-02
290 200 -4.73675425868736073298226330052784760482609272003e-03
298 200 2.56835185025624905541530296204655314795672893524e-02
104 201 -6.60433332923035520956034361006459221243858337402e-02
291 201 -5.29585225756828200521786342847008199896663427353e-03
299 201 1.28417592512812452770765148102327657397836446762e-02
105 202 -6.82092613250979973305021530904923565685749053955e-02
292 202 -5.46953269267650907248246028302673948928713798523e-03
106 203 -6.60433332923035520956034361006459221243858337402e-02
293 203 -5.29585225756828200521786342847008199896663427353e-03
301 203 -1.28417592512812452770765148102327657397836446762e-02
107 204 -5.90709530809062841050227632422320311889052391052e-02
294 204 -4.73675425868736073298226330052784760482609272003e-03
302 204 -2.56835185025624905541530296204655314795672893524e-02
108 205 -4.51161856444063230631158489813969936221837997437e-02
295 205 -3.61775582313987814978006873900540085742250084877e-03
303 205 -3.85252777538437410353999723611195804551243782043e-02
304 206 -5.13670370051249811083060592409310629591345787048e-02
110 207 -4.35863762349410419072448519273166311904788017273e-02
114 207 1.27607843241723546007237999333483458030968904495e-02
306 207 1.42669905975315480795018174831056967377662658691e-01
109 208 -6.16404444061499842688611749963456531986594200134e-02
115 208 1.47348845292633295195328102522580593358725309372e-02
307 208 1.64741017240213949435201357118785381317138671875e-01
112 209 4.35863762349410419072448519273166311904788017273e-02
116 209 1.27607843241723546007237999333483458030968904495e-02
308 209 1.42669905975315480795018174831056967377662658691e-01
113 210 -4.65957961720500843383341305070644011721014976501e-02
119 210 8.80577777230714085765495013902182108722627162933e-03
305 210 8.68261397553570790641686016897438094019889831543e-02
311 210 1.16026309707392263903535933877719799056649208069e-01
110 211 -4.77464829275686050702454110705730272457003593445e-02
114 211 -2.32978980860250421691670652535322005860507488251e-02
120 211 1.11385257319096594302854086322440707590430974960e-02
306 211 4.34130698776785395320843008448719047009944915771e-02
312 211 1.46762962871785668239610345153778325766324996948e-01
111 212 -5.51328895421792086750656380900181829929351806641e-02
121 212 1.18141906161812575148939430391692440025508403778e-02
313 212 1.55665629410503741913984754319244530051946640015e-01
112 213 -4.77464829275686050702454110705730272457003593445e-02
116 213 2.32978980860250421691670652535322005860507488251e-02
122 213 1.11385257319096594302854086322440707590430974960e-02
308 213 -4.34130698776785395320843008448719047009944915771e-02
314 213 1.46762962871785668239610345153778325766324996948e-01
117 214 4.65957961720500843383341305070644011721014976501e-02
123 214 8.80577777230714085765495013902182108722627162933e-03
309 214 -8.68261397553570790641686016897438094019889831543e-02
315 214 1.16026309707392263903535933877719799056649208069e-01
118 215 -4.28009717925946428507266716678714146837592124939e-02
126 215 4.75566353251051163186780001979059306904673576355e-03
310 215 9.39920534258465167898322079054196365177631378174e-02
318 215 1.03912124829523944136155932937981560826301574707e-01
113 216 -4.31393246609888883491557010074757272377610206604e-02
119 216 -2.85339811950630975467824157476570690050721168518e-02
127 216 6.22662517642014363972169377348109264858067035675e-03
305 216 -1.33975642285283635946058211629861034452915191650e-02
311 216 6.26613689505643445265548052702797576785087585449e-02
319 216 1.36052907901426711756442955447710119187831878662e-01
114 217 -5.45674090600784048032956263796222629025578498840e-02
120 217 -1.42669905975315487733912078738285345025360584259e-02
128 217 6.96157858244353042187491098502505337819457054138e-03
306 217 -1.69467272242184996411396014082129113376140594482e-02
312 217 3.13306844752821722632774026351398788392543792725e-02
320 217 1.52111775302054219594083406263962388038635253906e-01
115 218 -5.78774774672425260102492927671846700832247734070e-02
129 218 7.18988744349814256490160957469015556853264570236e-03
307 218 -1.79747186087453707237227007453839178197085857391e-02
321 218 1.57100366001840185958826623391360044479370117188e-01
116 219 -5.45674090600784048032956263796222629025578498840e-02
122 219 1.42669905975315487733912078738285345025360584259e-02
130 219 6.96157858244353042187491098502505337819457054138e-03
308 219 -1.69467272242184996411396014082129113376140594482e-02
314 219 -3.13306844752821722632774026351398788392543792725e-02
322 219 1.52111775302054219594083406263962388038635253906e-01
117 220 -4.31393246609888883491557010074757272377610206604e-02
123 220 2.85339811950630975467824157476570690050721168518e-02
131 220 6.22662517642014363972169377348109264858067035675e-03
309 220 -1.33975642285283635946058211629861034452915191650e-02
315 220 -6.26613689505643445265548052702797576785087585449e-02
323 220 1.36052907901426711756442955447710119187831878662e-01
124 221 4.28009717925946428507266716678714146837592124939e-02
132 221 4.75566353251051163186780001979059306904673576355e-03
316 221 -9.39920534258465167898322079054196365177631378174e-02
324 221 1.03912124829523944136155932937981560826301574707e-01
125 222 -3.29482034480427857237039290794200496748089790344e-02
317 222 8.63909182690439370055912604584591463208198547363e-02
118 223 -4.11852543100534942976942431869247229769825935364e-02
126 223 -2.47111525860320875580544708327579428441822528839e-02
310 223 -1.08532674694196348830210752112179761752486228943e-02
318 223 6.47931887017829527541934453438443597406148910522e-02
119 224 -5.39241558262361087017211502825375646352767944336e-02
127 224 -1.64741017240213928618519645397100248374044895172e-02
311 224 -1.42102627760620839336702658783906372264027595520e-02
319 224 4.31954591345219685027956302292295731604099273682e-02
120 225 -6.02890390283776431146200991406658431515097618103e-02
128 225 -8.23705086201069643092598226985501241870224475861e-03
312 225 -1.58875567727048486177388042506208876147866249084e-02
320 225 2.15977295672609842513978151146147865802049636841e-02
121 226 -6.22662517642014953778151209462521364912390708923e-02
313 226 -1.64085980780295306868943328026944072917103767395e-02
122 227 -6.02890390283776431146200991406658431515097618103e-02
130 227 8.23705086201069643092598226985501241870224475861e-03
314 227 -1.58875567727048486177388042506208876147866249084e-02
322 227 -2.15977295672609842513978151146147865802049636841e-02
123 228 -5.39241558262361087017211502825375646352767944336e-02
131 228 1.64741017240213928618519645397100248374044895172e-02
315 228 -1.42102627760620839336702658783906372264027595520e-02
323 228 -4.31954591345219685027956302292295731604099273682e-02
124 229 -4.11852543100534942976942431869247229769825935364e-02
132 229 2.47111525860320875580544708327579428441822528839e-02
316 229 -1.08532674694196348830210752112179761752486228943e-02
324 229 -6.47931887017829527541934453438443597406148910522e-02
133 230 3.29482034480427857237039290794200496748089790344e-02
325 230 -8.63909182690439370055912604584591463208198547363e-02
135 231 5.20956838532142460507223802324006101116538047791e-02
327 231 1.50387285481354437965961778900236822664737701416e-01
134 232 -5.20956838532142460507223802324006101116538047791e-02
138 232 2.85339811950630975467824157476570690050721168518e-02
326 232 1.12790464111015814596683526360720861703157424927e-01
330 232 1.12790464111015828474471334175177616998553276062e-01
139 233 3.29482034480427926625978329866484273225069046021e-02
331 233 1.30239209633035618596252902534615714102983474731e-01
136 234 5.20956838532142460507223802324006101116538047791e-02
140 234 2.85339811950630975467824157476570690050721168518e-02
328 234 -1.12790464111015814596683526360720861703157424927e-01
332 234 1.12790464111015828474471334175177616998553276062e-01
137 235 -5.70679623901261950935648314953141380101442337036e-02
143 235 1.76115555446142782458629483244294533506035804749e-02
329 235 1.25322737901128689053109610540559515357017517090e-01
335 235 9.93589955623790238581349854030122514814138412476e-02
134 236 -3.12574103119285517937697704837773926556110382080e-02
138 236 -2.85339811950630975467824157476570690050721168518e-02
144 236 2.22770514638193153911238653108739526942372322083e-02
326 236 -3.75968213703386094914904447250592056661844253540e-02
330 236 6.26613689505643445265548052702797576785087585449e-02
336 236 1.25680292801472137664831052461522631347179412842e-01
135 237 -3.60929485155250667771653638737916480749845504761e-02
145 237 2.36283812323625150297878860783384880051016807556e-02
327 237 -4.34130698776785395320843008448719047009944915771e-02
337 237 1.33304080952147657734840890952909830957651138306e-01
136 238 -3.12574103119285517937697704837773926556110382080e-02
140 238 2.85339811950630975467824157476570690050721168518e-02
146 238 2.22770514638193153911238653108739526942372322083e-02
328 238 -3.75968213703386094914904447250592056661844253540e-02
332 238 -6.26613689505643445265548052702797576785087585449e-02
338 238 1.25680292801472137664831052461522631347179412842e-01
141 239 5.70679623901261950935648314953141380101442337036e-02
147 239 1.76115555446142782458629483244294533506035804749e-02
333 239 -1.25322737901128689053109610540559515357017517090e-01
339 239 9.93589955623790238581349854030122514814138412476e-02
142 240 -5.52558169847374852645671694517659489065408706665e-02
150 240 1.06339869368102957897237459405914705712348222733e-02
334 240 1.24694549795428696881138819207990309223532676697e-01
342 240 9.29418299221036747770341435170848853886127471924e-02
137 241 -3.41046306625490056041449804524745559319853782654e-02
143 241 -3.68372113231583211967468116654345067217946052551e-02
151 241 1.39231571648870729868141538076997676398605108261e-02
329 241 -2.99578643479089488932398666065637371502816677094e-02
335 241 8.31296998636191220022340075956890359520912170410e-02
343 241 1.21689420241643378450824286574061261489987373352e-01
138 242 -4.31393246609888883491557010074757272377610206604e-02
144 242 -1.84186056615791605983734058327172533608973026276e-02
152 242 1.55665629410503721097303042597559397108852863312e-02
330 242 -3.78940340694988928027520103114511584863066673279e-02
336 242 4.15648499318095610011170037978445179760456085205e-02
344 242 1.36052907901426711756442955447710119187831878662e-01
139 243 -4.57561635053899545821920469279575627297163009644e-02
153 243 1.60770770742340342318588142234148108400404453278e-02
331 243 -4.01926926855850907838174634889583103358745574951e-02
345 243 1.40514839068084596007679465401452034711837768555e-01
140 244 -4.31393246609888883491557010074757272377610206604e-02
146 244 1.84186056615791605983734058327172533608973026276e-02
154 244 1.55665629410503721097303042597559397108852863312e-02
332 244 -3.78940340694988928027520103114511584863066673279e-02
338 244 -4.15648499318095610011170037978445179760456085205e-02
346 244 1.36052907901426711756442955447710119187831878662e-01
141 245 -3.41046306625490056041449804524745559319853782654e-02
147 245 3.68372113231583211967468116654345067217946052551e-02
155 245 1.39231571648870729868141538076997676398605108261e-02
333 245 -2.99578643479089488932398666065637371502816677094e-02
339 245 -8.31296998636191220022340075956890359520912170410e-02
347 245 1.21689420241643378450824286574061261489987373352e-01
148 246 5.52558169847374852645671694517659489065408706665e-02
156 246 1.06339869368102957897237459405914705712348222733e-02
340 246 -1.24694549795428696881138819207990309223532676697e-01
348 246 9.29418299221036747770341435170848853886127471924e-02
149 247 -4.88700833127790196241946318878035526722669601440e-02
341 247 1.16489490430125242070857893850188702344894409180e-01
142 248 -3.52689446949405044362535477375786285847425460815e-02
150 248 -3.66525624845842681875929258694668533280491828918e-02
334 248 -2.17065349388392697660421504224359523504972457886e-02
342 248 8.73671178225939315531434203876415267586708068848e-02
143 249 -4.61778882130788742577109928788559045642614364624e-02
151 249 -2.44350416563895098120973159439017763361334800720e-02
335 249 -2.84205255521241678673405317567812744528055191040e-02
343 249 5.82447452150626210354289469250943511724472045898e-02
144 250 -5.16284485509153276416860478548187529668211936951e-02
152 250 -1.22175208281947549060486579719508881680667400360e-02
336 250 -3.17751135454096972354776085012417752295732498169e-02
344 250 2.91223726075313105177144734625471755862236022949e-02
145 251 -5.33216323808590672572726987255009589716792106628e-02
337 251 -3.28171961560590613737886656053888145834207534790e-02
146 252 -5.16284485509153276416860478548187529668211936951e-02
154 252 1.22175208281947549060486579719508881680667400360e-02
338 252 -3.17751135454096972354776085012417752295732498169e-02
346 252 -2.91223726075313105177144734625471755862236022949e-02
147 253 -4.61778882130788742577109928788559045642614364624e-02
155 253 2.44350416563895098120973159439017763361334800720e-02
339 253 -2.84205255521241678673405317567812744528055191040e-02
347 253 -5.82447452150626210354289469250943511724472045898e-02
148 254 -3.52689446949405044362535477375786285847425460815e-02
156 254 3.66525624845842681875929258694668533280491828918e-02
340 254 -2.17065349388392697660421504224359523504972457886e-02
348 254 -8.73671178225939315531434203876415267586708068848e-02
157 255 4.88700833127790196241946318878035526722669601440e-02
349 255 -1.16489490430125242070857893850188702344894409180e-01
159 256 4.94223051720641820550028455727442633360624313354e-02
351 256 1.28417592512812483995787715684855356812477111816e-01
355 256 7.19924318908699706343057300728105474263429641724e-02
160 257 5.70679623901261950935648314953141380101442337036e-02
350 257 -1.32629119243246107462397276322008110582828521729e-01
356 257 8.31296998636191497578096232246025465428829193115e-02
161 258 4.94223051720641820550028455727442633360624313354e-02
353 258 -1.28417592512812483995787715684855356812477111816e-01
357 258 7.19924318908699706343057300728105474263429641724e-02
158 259 -5.49136724134046613765569588849757565185427665710e-02
164 259 2.93525925743571315662538978585871518589556217194e-02
354 259 1.43984863781739913513035844516707584261894226074e-01
360 259 7.69631470217981145109931162551220040768384933472e-02
159 260 -2.74568362067023306882784794424878782592713832855e-02
165 260 3.71284191063655302778023781229421729221940040588e-02
351 260 -7.70505555076874820707999447222391609102487564087e-02
355 260 7.19924318908699567565179222583537921309471130371e-02
361 260 9.73515361933146861073140598819009028375148773193e-02
166 261 3.93806353872708583829798101305641466751694679260e-02
352 261 -8.89703179271471300548768113003461621701717376709e-02
362 261 1.03256897101830655283372095709637505933642387390e-01
161 262 2.74568362067023306882784794424878782592713832855e-02
167 262 3.71284191063655302778023781229421729221940040588e-02
353 262 -7.70505555076874820707999447222391609102487564087e-02
357 262 -7.19924318908699567565179222583537921309471130371e-02
363 262 9.73515361933146861073140598819009028375148773193e-02
162 263 5.49136724134046613765569588849757565185427665710e-02
168 263 2.93525925743571315662538978585871518589556217194e-02
358 263 -1.43984863781739913513035844516707584261894226074e-01
364 263 7.69631470217981145109931162551220040768384933472e-02
163 264 -6.10876041409737710607963379061402520164847373962e-02
171 264 1.84186056615791605983734058327172533608973026276e-02
359 264 1.45611863037656552588572367312735877931118011475e-01
367 264 7.82640247346355760749148089416848961263895034790e-02
158 265 -2.17684652642282754075875317312238621525466442108e-02
164 265 -4.07250694273158450608995906350173754617571830750e-02
172 265 2.41156156113510530825116973119293106719851493835e-02
354 265 -5.18885431368346014546766298280999762937426567078e-02
360 265 9.70745753584376924738563729988527484238147735596e-02
368 265 1.02471662153818185436726651005301391705870628357e-01
159 266 -2.75351725604881733544537780744576593860983848572e-02
165 266 -2.03625347136579225304497953175086877308785915375e-02
173 266 2.69620779131180578203075270948829711414873600006e-02
355 266 -6.56343923121181227475773312107776291668415069580e-02
361 266 4.85372876792188462369281864994263742119073867798e-02
369 266 1.14566801171664983671760751349211204797029495239e-01
160 267 -2.92054608579944072199729987460159463807940483093e-02
174 267 2.78463143297741459736283076153995352797210216522e-02
356 267 -6.96157858244353805465820528297626879066228866577e-02
370 267 1.18324083457630624405254593511926941573619842529e-01
161 268 -2.75351725604881733544537780744576593860983848572e-02
167 268 2.03625347136579225304497953175086877308785915375e-02
175 268 2.69620779131180578203075270948829711414873600006e-02
357 268 -6.56343923121181227475773312107776291668415069580e-02
363 268 -4.85372876792188462369281864994263742119073867798e-02
371 268 1.14566801171664983671760751349211204797029495239e-01
162 269 -2.17684652642282754075875317312238621525466442108e-02
168 269 4.07250694273158450608995906350173754617571830750e-02
176 269 2.41156156113510530825116973119293106719851493835e-02
358 269 -5.18885431368346014546766298280999762937426567078e-02
364 269 -9.70745753584376924738563729988527484238147735596e-02
372 269 1.02471662153818185436726651005301391705870628357e-01
169 270 6.10876041409737710607963379061402520164847373962e-02
177 270 1.84186056615791605983734058327172533608973026276e-02
365 270 -1.45611863037656552588572367312735877931118011475e-01
373 270 7.82640247346355760749148089416848961263895034790e-02
170 271 -5.93067662064770476093578110976523021236062049866e-02
366 271 1.40002943599496082471844715655606705695390701294e-01
163 272 -2.73192070883629956057347953901626169681549072266e-02
171 272 -4.44800746548577805028479303928179433569312095642e-02
359 272 -3.61775582313987875693328533088788390159606933594e-02
367 272 1.05002207699622068792777440648933406919240951538e-01
164 273 -3.57692384024564519195976686205540318042039871216e-02
172 273 -2.96533831032385238046789055488261510618031024933e-02
360 273 -4.73675425868736177381634888661210425198078155518e-02
368 273 7.00014717997480412359223578278033528476953506470e-02
165 274 -3.99912242856443056471249519745470024645328521729e-02
173 274 -1.48266915516192619023394527744130755309015512466e-02
361 274 -5.29585225756828148480082063542795367538928985596e-02
369 274 3.50007358998740206179611789139016764238476753235e-02
166 275 -4.13027588407322635011276190653006779029965400696e-02
362 275 -5.46953269267650907248246028302673948928713798523e-02
167 276 -3.99912242856443056471249519745470024645328521729e-02
175 276 1.48266915516192619023394527744130755309015512466e-02
363 276 -5.29585225756828148480082063542795367538928985596e-02
371 276 -3.50007358998740206179611789139016764238476753235e-02
168 277 -3.57692384024564519195976686205540318042039871216e-02
176 277 2.96533831032385238046789055488261510618031024933e-02
364 277 -4.73675425868736177381634888661210425198078155518e-02
372 277 -7.00014717997480412359223578278033528476953506470e-02
169 278 -2.73192070883629956057347953901626169681549072266e-02
177 278 4.44800746548577805028479303928179433569312095642e-02
365 278 -3.61775582313987875693328533088788390159606933594e-02
373 278 -1.05002207699622068792777440648933406919240951538e-01
178 279 5.93067662064770476093578110976523021236062049866e-02
374 279 -1.40002943599496082471844715655606705695390701294e-01
179 281 -6.89161119277240247216198554269794840365648269653e-02
180 282 -9.02323712888126600040195057772507425397634506226e-02
181 283 -1.00882857986392709959133640040818136185407638550e-01
182 284 -1.04191367706428505979232568279257975518703460693e-01
183 285 -1.00882857986392709959133640040818136185407638550e-01
184 286 -9.02323712888126600040195057772507425397634506226e-02
185 287 -6.89161119277240247216198554269794840365648269653e-02
191 289 -3.38371392333047388278899347824335563927888870239e-02
199 289 2.17065349388392706334038884108394995564594864845e-03
186 290 -7.62602725089832622629160141514148563146591186523e-02
192 290 -2.25580928222031650010048764443126856349408626556e-02
200 290 2.84205255521241669999787937683777272468432784081e-03
187 291 -9.64624624454042262078345970621739979833364486694e-02
193 291 -1.12790464111015825005024382221563428174704313278e-02
201 291 3.17751135454096955007541325244346808176487684250e-03
188 292 -1.02313891987646995995753229635738534852862358093e-01
202 292 3.28171961560590544348947616981604369357228279114e-03
189 293 -9.64624624454042262078345970621739979833364486694e-02
195 293 1.12790464111015825005024382221563428174704313278e-02
203 293 3.17751135454096955007541325244346808176487684250e-03
190 294 -7.62602725089832622629160141514148563146591186523e-02
196 294 2.25580928222031650010048764443126856349408626556e-02
204 294 2.84205255521241669999787937683777272468432784081e-03
197 295 3.38371392333047388278899347824335563927888870239e-02
205 295 2.17065349388392706334038884108394995564594864845e-03
198 296 -3.08202222030749886649836355445586377754807472229e-02
191 297 -6.67277384453603544800515123824879992753267288208e-02
199 297 -2.31151666523062432334612026352260727435350418091e-02
192 298 -8.73671178225939315531434203876415267586708068848e-02
200 298 -1.54101111015374943324918177722793188877403736115e-02
193 299 -9.76794072247766931305079651792766526341438293457e-02
201 299 -7.70505555076874716624590888613965944387018680573e-03
194 300 -1.00882857986392709959133640040818136185407638550e-01
195 301 -9.76794072247766931305079651792766526341438293457e-02
203 301 7.70505555076874716624590888613965944387018680573e-03
196 302 -8.73671178225939315531434203876415267586708068848e-02
204 302 1.54101111015374943324918177722793188877403736115e-02
197 303 -6.67277384453603544800515123824879992753267288208e-02
205 303 2.31151666523062432334612026352260727435350418091e-02
206 304 3.08202222030749886649836355445586377754807472229e-02
210 305 -5.20956838532142599285101880468573654070496559143e-02
216 305 8.03853853711701017703550320447902777232229709625e-03
207 306 -8.56019435851892857014533433357428293675184249878e-02
211 306 -2.60478419266071299642550940234286827035248279572e-02
217 306 1.01680363345310921519004665469765313901007175446e-02
208 307 -9.88446103441283918655813067744020372629165649414e-02
218 307 1.07848311652472134136715453678334597498178482056e-02
209 308 -8.56019435851892857014533433357428293675184249878e-02
213 308 2.60478419266071299642550940234286827035248279572e-02
219 308 1.01680363345310921519004665469765313901007175446e-02
214 309 5.20956838532142599285101880468573654070496559143e-02
220 309 8.03853853711701017703550320447902777232229709625e-03
215 310 -5.63952320555079211761295709948171861469745635986e-02
223 310 6.51196048165178509314898747106781229376792907715e-03
210 311 -6.96157858244353805465820528297626879066228866577e-02
216 311 -3.75968213703386094914904447250592056661844253540e-02
224 311 8.52615766563725660520667304353992221876978874207e-03
211 312 -8.80577777230713981682086455293756444007158279419e-02
217 312 -1.87984106851693047457452223625296028330922126770e-02
225 312 9.53253406362291298703492969934814027510583400726e-03
212 313 -9.33993776463022395972757294657640159130096435547e-02
226 313 9.84515884681772153463885643986941431649029254913e-03
213 314 -8.80577777230713981682086455293756444007158279419e-02
219 314 1.87984106851693047457452223625296028330922126770e-02
227 314 9.53253406362291298703492969934814027510583400726e-03
214 315 -6.96157858244353805465820528297626879066228866577e-02
220 315 3.75968213703386094914904447250592056661844253540e-02
228 315 8.52615766563725660520667304353992221876978874207e-03
221 316 5.63952320555079211761295709948171861469745635986e-02
229 316 6.51196048165178509314898747106781229376792907715e-03
222 317 -5.18345509614263760811425640895322430878877639771e-02
215 318 -6.23472748977143623183572174184519099071621894836e-02
223 318 -3.88759132210697785914099711135349934920668601990e-02
216 319 -8.16317447408560353805384579573001246899366378784e-02
224 319 -2.59172754807131880405712820447661215439438819885e-02
217 320 -9.12670651812325373075651668841601349413394927979e-02
225 320 -1.29586377403565940202856410223830607719719409943e-02
218 321 -9.42602196011041032486232893461419735103845596313e-02
219 322 -9.12670651812325373075651668841601349413394927979e-02
227 322 1.29586377403565940202856410223830607719719409943e-02
220 323 -8.16317447408560353805384579573001246899366378784e-02
228 323 2.59172754807131880405712820447661215439438819885e-02
221 324 -6.23472748977143623183572174184519099071621894836e-02
229 324 3.88759132210697785914099711135349934920668601990e-02
230 325 5.18345509614263760811425640895322430878877639771e-02
232 326 -6.76742784666095054113554851937806233763694763184e-02
236 326 2.25580928222031580621109725370843079872429370880e-02
231 327 -9.02323712888126600040195057772507425397634506226e-02
237 327 2.60478419266071126170203342553577385842800140381e-02
234 328 6.76742784666095054113554851937806233763694763184e-02
238 328 2.25580928222031580621109725370843079872429370880e-02
235 329 -7.51936427406772189829808894501184113323688507080e-02
241 329 1.79747186087453741931696526989981066435575485229e-02
232 330 -6.76742784666095054113554851937806233763694763184e-02
236 330 -3.75968213703386094914904447250592056661844253540e-02
242 330 2.27364204416993335999830350147021817974746227264e-02
233 331 -7.81435257798213933622122340239002369344234466553e-02
243 331 2.41156156113510530825116973119293106719851493835e-02
234 332 -6.76742784666095054113554851937806233763694763184e-02
238 332 3.75968213703386094914904447250592056661844253540e-02
244 332 2.27364204416993335999830350147021817974746227264e-02
239 333 7.51936427406772189829808894501184113323688507080e-02
245 333 1.79747186087453741931696526989981066435575485229e-02
240 334 -7.48167298772572236797984146505768876522779464722e-02
248 334 1.30239209633035632474040710349072469398379325867e-02
235 335 -5.96153973374274198659961143675900530070066452026e-02
241 335 -4.98778199181714732013404045574134215712547302246e-02
249 335 1.70523153312744993326255382726230891421437263489e-02
236 336 -7.54081756808832881500137546026962809264659881592e-02
242 336 -2.49389099590857366006702022787067107856273651123e-02
250 336 1.90650681272458155657290035378537140786647796631e-02
237 337 -7.99824485712886112942499039490940049290657043457e-02
251 337 1.96903176936354361303838089725104509852826595306e-02
238 338 -7.54081756808832881500137546026962809264659881592e-02
244 338 2.49389099590857366006702022787067107856273651123e-02
252 338 1.90650681272458155657290035378537140786647796631e-02
239 339 -5.96153973374274198659961143675900530070066452026e-02
245 339 4.98778199181714732013404045574134215712547302246e-02
253 339 1.70523153312744993326255382726230891421437263489e-02
246 340 7.48167298772572236797984146505768876522779464722e-02
254 340 1.30239209633035632474040710349072469398379325867e-02
247 341 -6.98936942580751507936298594358959235250949859619e-02
240 342 -5.57650979532622048662204861102509312331676483154e-02
248 342 -5.24202706935563630952223945769219426438212394714e-02
241 343 -7.30136521449860215193794488186540547758340835571e-02
249 343 -3.49468471290375753968149297179479617625474929810e-02
242 344 -8.16317447408560353805384579573001246899366378784e-02
250 344 -1.74734235645187876984074648589739808812737464905e-02
243 345 -8.43089034408507492779349945521971676498651504517e-02
244 346 -8.16317447408560353805384579573001246899366378784e-02
252 346 1.74734235645187876984074648589739808812737464905e-02
245 347 -7.30136521449860215193794488186540547758340835571e-02
253 347 3.49468471290375753968149297179479617625474929810e-02
246 348 -5.57650979532622048662204861102509312331676483154e-02
254 348 5.24202706935563630952223945769219426438212394714e-02
255 349 6.98936942580751507936298594358959235250949859619e-02
257 350 7.95774715459476728041110504818789195269346237183e-02
256 351 -7.70505555076874820707999447222391609102487564087e-02
260 351 4.62303333046124934058163091776805231347680091858e-02
261 352 5.33821907562882919107138945946644525974988937378e-02
258 353 7.70505555076874820707999447222391609102487564087e-02
262 353 4.62303333046124934058163091776805231347680091858e-02
259 354 -8.63909182690439370055912604584591463208198547363e-02
265 354 3.11331258821007442194606085195118794217705726624e-02
256 355 -4.31954591345219685027956302292295731604099273682e-02
260 355 -4.31954591345219685027956302292295731604099273682e-02
266 355 3.93806353872708722607676179450209019705653190613e-02
257 356 -4.98778199181714732013404045574134215712547302246e-02
267 356 4.17694714946612172257189854462922085076570510864e-02
258 357 -4.31954591345219685027956302292295731604099273682e-02
262 357 4.31954591345219685027956302292295731604099273682e-02
268 357 3.93806353872708722607676179450209019705653190613e-02
263 358 8.63909182690439370055912604584591463208198547363e-02
269 358 3.11331258821007442194606085195118794217705726624e-02
264 359 -8.73671178225939315531434203876415267586708068848e-02
272 359 2.17065349388392697660421504224359523504972457886e-02
259 360 -4.61778882130788881354988006933126598596572875977e-02
265 360 -5.82447452150626210354289469250943511724472045898e-02
273 360 2.84205255521241678673405317567812744528055191040e-02
260 361 -5.84109217159888144399459974920318927615880966187e-02
266 361 -2.91223726075313105177144734625471755862236022949e-02
274 361 3.17751135454096833576898006867850199341773986816e-02
261 362 -6.19541382610983987211383805515652056783437728882e-02
275 362 3.28171961560590544348947616981604369357228279114e-02
262 363 -5.84109217159888144399459974920318927615880966187e-02
268 363 2.91223726075313105177144734625471755862236022949e-02
276 363 3.17751135454096833576898006867850199341773986816e-02
263 364 -4.61778882130788881354988006933126598596572875977e-02
269 364 5.82447452150626210354289469250943511724472045898e-02
277 364 2.84205255521241678673405317567812744528055191040e-02
270 365 8.73671178225939315531434203876415267586708068848e-02
278 365 2.17065349388392697660421504224359523504972457886e-02
271 366 -8.40017661596976494831068293933640234172344207764e-02
264 367 -4.69584148407813511960640084907936397939920425415e-02
272 367 -6.30013246197732301734362181377946399152278900146e-02
265 368 -6.14829972922909112620359906031808350235223770142e-02
273 368 -4.20008830798488247415534146966820117086172103882e-02
266 369 -6.87400807029990013052866970610921271145343780518e-02
274 369 -2.10004415399244123707767073483410058543086051941e-02
267 370 -7.09944500745783857453830023587215691804885864258e-02
268 371 -6.87400807029990013052866970610921271145343780518e-02
276 371 2.10004415399244123707767073483410058543086051941e-02
269 372 -6.14829972922909112620359906031808350235223770142e-02
277 372 4.20008830798488247415534146966820117086172103882e-02
270 373 -4.69584148407813511960640084907936397939920425415e-02
278 373 6.30013246197732301734362181377946399152278900146e-02
279 374 8.40017661596976494831068293933640234172344207764e-02
