1 0 1 1 -1
2 0 1 1 0
3 0 1 1 1
4 0 2 2 -2
5 0 2 2 -1
6 0 2 2 0
7 0 2 2 1
8 0 2 2 2
9 0 3 3 -3
10 0 3 3 -2
11 0 3 3 -1
12 0 3 3 0
13 0 3 3 1
14 0 3 3 2
15 0 3 3 3
16 0 4 4 -4
17 0 4 4 -3
18 0 4 4 -2
19 0 4 4 -1
20 0 4 4 0
21 0 4 4 1
22 0 4 4 2
23 0 4 4 3
24 0 4 4 4
25 0 5 5 -5
26 0 5 5 -4
27 0 5 5 -3
28 0 5 5 -2
29 0 5 5 -1
30 0 5 5 0
31 0 5 5 1
32 0 5 5 2
33 0 5 5 3
34 0 5 5 4
35 0 5 5 5
36 0 6 6 -6
37 0 6 6 -5
38 0 6 6 -4
39 0 6 6 -3
40 0 6 6 -2
41 0 6 6 -1
42 0 6 6 0
43 0 6 6 1
44 0 6 6 2
45 0 6 6 3
46 0 6 6 4
47 0 6 6 5
48 0 6 6 6
49 0 7 7 -7
50 0 7 7 -6
51 0 7 7 -5
52 0 7 7 -4
53 0 7 7 -3
54 0 7 7 -2
55 0 7 7 -1
56 0 7 7 0
57 0 7 7 1
58 0 7 7 2
59 0 7 7 3
60 0 7 7 4
61 0 7 7 5
62 0 7 7 6
63 0 7 7 7
64 0 8 8 -8
65 0 8 8 -7
66 0 8 8 -6
67 0 8 8 -5
68 0 8 8 -4
69 0 8 8 -3
70 0 8 8 -2
71 0 8 8 -1
72 0 8 8 0
73 0 8 8 1
74 0 8 8 2
75 0 8 8 3
76 0 8 8 4
77 0 8 8 5
78 0 8 8 6
79 0 8 8 7
80 0 8 8 8
81 1 0 1 -1
82 1 0 1 0
83 1 0 1 1
84 1 1 0 0
85 1 1 1 -1
86 1 1 1 0
87 1 1 1 1
88 1 1 2 -2
89 1 1 2 -1
90 1 1 2 0
91 1 1 2 1
92 1 1 2 2
93 1 2 1 -1
94 1 2 1 0
95 1 2 1 1
96 1 2 2 -2
97 1 2 2 -1
98 1 2 2 0
99 1 2 2 1
100 1 2 2 2
101 1 2 3 -3
102 1 2 3 -2
103 1 2 3 -1
104 1 2 3 0
105 1 2 3 1
106 1 2 3 2
107 1 2 3 3
108 1 3 2 -2
109 1 3 2 -1
110 1 3 2 0
111 1 3 2 1
112 1 3 2 2
113 1 3 3 -3
114 1 3 3 -2
115 1 3 3 -1
116 1 3 3 0
117 1 3 3 1
118 1 3 3 2
119 1 3 3 3
120 1 3 4 -4
121 1 3 4 -3
122 1 3 4 -2
123 1 3 4 -1
124 1 3 4 0
125 1 3 4 1
126 1 3 4 2
127 1 3 4 3
128 1 3 4 4
129 1 4 3 -3
130 1 4 3 -2
131 1 4 3 -1
132 1 4 3 0
133 1 4 3 1
134 1 4 3 2
135 1 4 3 3
136 1 4 4 -4
137 1 4 4 -3
138 1 4 4 -2
139 1 4 4 -1
140 1 4 4 0
141 1 4 4 1
142 1 4 4 2
143 1 4 4 3
144 1 4 4 4
145 1 4 5 -5
146 1 4 5 -4
147 1 4 5 -3
148 1 4 5 -2
149 1 4 5 -1
150 1 4 5 0
151 1 4 5 1
152 1 4 5 2
153 1 4 5 3
154 1 4 5 4
155 1 4 5 5
156 1 5 4 -4
157 1 5 4 -3
158 1 5 4 -2
159 1 5 4 -1
160 1 5 4 0
161 1 5 4 1
162 1 5 4 2
163 1 5 4 3
164 1 5 4 4
165 1 5 5 -5
166 1 5 5 -4
167 1 5 5 -3
168 1 5 5 -2
169 1 5 5 -1
170 1 5 5 0
171 1 5 5 1
172 1 5 5 2
173 1 5 5 3
174 1 5 5 4
175 1 5 5 5
176 1 5 6 -6
177 1 5 6 -5
178 1 5 6 -4
179 1 5 6 -3
180 1 5 6 -2
181 1 5 6 -1
182 1 5 6 0
183 1 5 6 1
184 1 5 6 2
185 1 5 6 3
186 1 5 6 4
187 1 5 6 5
188 1 5 6 6
189 1 6 5 -5
190 1 6 5 -4
191 1 6 5 -3
192 1 6 5 -2
193 1 6 5 -1
194 1 6 5 0
195 1 6 5 1
196 1 6 5 2
197 1 6 5 3
198 1 6 5 4
199 1 6 5 5
200 1 6 6 -6
201 1 6 6 -5
202 1 6 6 -4
203 1 6 6 -3
204 1 6 6 -2
205 1 6 6 -1
206 1 6 6 0
207 1 6 6 1
208 1 6 6 2
209 1 6 6 3
210 1 6 6 4
211 1 6 6 5
212 1 6 6 6
213 1 6 7 -7
214 1 6 7 -6
215 1 6 7 -5
216 1 6 7 -4
217 1 6 7 -3
218 1 6 7 -2
219 1 6 7 -1
220 1 6 7 0
221 1 6 7 1
222 1 6 7 2
223 1 6 7 3
224 1 6 7 4
225 1 6 7 5
226 1 6 7 6
227 1 6 7 7
228 1 7 6 -6
229 1 7 6 -5
230 1 7 6 -4
231 1 7 6 -3
232 1 7 6 -2
233 1 7 6 -1
234 1 7 6 0
235 1 7 6 1
236 1 7 6 2
237 1 7 6 3
238 1 7 6 4
239 1 7 6 5
240 1 7 6 6
241 1 7 7 -7
242 1 7 7 -6
243 1 7 7 -5
244 1 7 7 -4
245 1 7 7 -3
246 1 7 7 -2
247 1 7 7 -1
248 1 7 7 0
249 1 7 7 1
250 1 7 7 2
251 1 7 7 3
252 1 7 7 4
253 1 7 7 5
254 1 7 7 6
255 1 7 7 7
256 1 7 8 -8
257 1 7 8 -7
258 1 7 8 -6
259 1 7 8 -5
260 1 7 8 -4
261 1 7 8 -3
262 1 7 8 -2
263 1 7 8 -1
264 1 7 8 0
265 1 7 8 1
266 1 7 8 2
267 1 7 8 3
268 1 7 8 4
269 1 7 8 5
270 1 7 8 6
271 1 7 8 7
272 1 7 8 8
273 1 8 7 -7
274 1 8 7 -6
275 1 8 7 -5
276 1 8 7 -4
277 1 8 7 -3
278 1 8 7 -2
279 1 8 7 -1
280 1 8 7 0
281 1 8 7 1
282 1 8 7 2
283 1 8 7 3
284 1 8 7 4
285 1 8 7 5
286 1 8 7 6
287 1 8 7 7
288 1 8 8 -8
289 1 8 8 -7
290 1 8 8 -6
291 1 8 8 -5
292 1 8 8 -4
293 1 8 8 -3
294 1 8 8 -2
295 1 8 8 -1
296 1 8 8 0
297 1 8 8 1
298 1 8 8 2
299 1 8 8 3
300 1 8 8 4
301 1 8 8 5
302 1 8 8 6
303 1 8 8 7
304 1 8 8 8
305 2 0 2 -2
306 2 0 2 -1
307 2 0 2 0
308 2 0 2 1
309 2 0 2 2
310 2 1 1 -1
311 2 1 1 0
312 2 1 1 1
313 2 1 2 -2
314 2 1 2 -1
315 2 1 2 0
316 2 1 2 1
317 2 1 2 2
318 2 1 3 -3
319 2 1 3 -2
320 2 1 3 -1
321 2 1 3 0
322 2 1 3 1
323 2 1 3 2
324 2 1 3 3
325 2 2 0 0
326 2 2 1 -1
327 2 2 1 0
328 2 2 1 1
329 2 2 2 -2
330 2 2 2 -1
331 2 2 2 0
332 2 2 2 1
333 2 2 2 2
334 2 2 3 -3
335 2 2 3 -2
336 2 2 3 -1
337 2 2 3 0
338 2 2 3 1
339 2 2 3 2
340 2 2 3 3
341 2 2 4 -4
342 2 2 4 -3
343 2 2 4 -2
344 2 2 4 -1
345 2 2 4 0
346 2 2 4 1
347 2 2 4 2
348 2 2 4 3
349 2 2 4 4
350 2 3 1 -1
351 2 3 1 0
352 2 3 1 1
353 2 3 2 -2
354 2 3 2 -1
355 2 3 2 0
356 2 3 2 1
357 2 3 2 2
358 2 3 3 -3
359 2 3 3 -2
360 2 3 3 -1
361 2 3 3 0
362 2 3 3 1
363 2 3 3 2
364 2 3 3 3
365 2 3 4 -4
366 2 3 4 -3
367 2 3 4 -2
368 2 3 4 -1
369 2 3 4 0
370 2 3 4 1
371 2 3 4 2
372 2 3 4 3
373 2 3 4 4
374 2 3 5 -5
375 2 3 5 -4
376 2 3 5 -3
377 2 3 5 -2
378 2 3 5 -1
379 2 3 5 0
380 2 3 5 1
381 2 3 5 2
382 2 3 5 3
383 2 3 5 4
384 2 3 5 5
385 2 4 2 -2
386 2 4 2 -1
387 2 4 2 0
388 2 4 2 1
389 2 4 2 2
390 2 4 3 -3
391 2 4 3 -2
392 2 4 3 -1
393 2 4 3 0
394 2 4 3 1
395 2 4 3 2
396 2 4 3 3
397 2 4 4 -4
398 2 4 4 -3
399 2 4 4 -2
400 2 4 4 -1
401 2 4 4 0
402 2 4 4 1
403 2 4 4 2
404 2 4 4 3
405 2 4 4 4
406 2 4 5 -5
407 2 4 5 -4
408 2 4 5 -3
409 2 4 5 -2
410 2 4 5 -1
411 2 4 5 0
412 2 4 5 1
413 2 4 5 2
414 2 4 5 3
415 2 4 5 4
416 2 4 5 5
417 2 4 6 -6
418 2 4 6 -5
419 2 4 6 -4
420 2 4 6 -3
421 2 4 6 -2
422 2 4 6 -1
423 2 4 6 0
424 2 4 6 1
425 2 4 6 2
426 2 4 6 3
427 2 4 6 4
428 2 4 6 5
429 2 4 6 6
430 2 5 3 -3
431 2 5 3 -2
432 2 5 3 -1
433 2 5 3 0
434 2 5 3 1
435 2 5 3 2
436 2 5 3 3
437 2 5 4 -4
438 2 5 4 -3
439 2 5 4 -2
440 2 5 4 -1
441 2 5 4 0
442 2 5 4 1
443 2 5 4 2
444 2 5 4 3
445 2 5 4 4
446 2 5 5 -5
447 2 5 5 -4
448 2 5 5 -3
449 2 5 5 -2
450 2 5 5 -1
451 2 5 5 0
452 2 5 5 1
453 2 5 5 2
454 2 5 5 3
455 2 5 5 4
456 2 5 5 5
457 2 5 6 -6
458 2 5 6 -5
459 2 5 6 -4
460 2 5 6 -3
461 2 5 6 -2
462 2 5 6 -1
463 2 5 6 0
464 2 5 6 1
465 2 5 6 2
466 2 5 6 3
467 2 5 6 4
468 2 5 6 5
469 2 5 6 6
470 2 5 7 -7
471 2 5 7 -6
472 2 5 7 -5
473 2 5 7 -4
474 2 5 7 -3
475 2 5 7 -2
476 2 5 7 -1
477 2 5 7 0
478 2 5 7 1
479 2 5 7 2
480 2 5 7 3
481 2 5 7 4
482 2 5 7 5
483 2 5 7 6
484 2 5 7 7
485 2 6 4 -4
486 2 6 4 -3
487 2 6 4 -2
488 2 6 4 -1
489 2 6 4 0
490 2 6 4 1
491 2 6 4 2
492 2 6 4 3
493 2 6 4 4
494 2 6 5 -5
495 2 6 5 -4
496 2 6 5 -3
497 2 6 5 -2
498 2 6 5 -1
499 2 6 5 0
500 2 6 5 1
501 2 6 5 2
502 2 6 5 3
503 2 6 5 4
504 2 6 5 5
505 2 6 6 -6
506 2 6 6 -5
507 2 6 6 -4
508 2 6 6 -3
509 2 6 6 -2
510 2 6 6 -1
511 2 6 6 0
512 2 6 6 1
513 2 6 6 2
514 2 6 6 3
515 2 6 6 4
516 2 6 6 5
517 2 6 6 6
518 2 6 7 -7
519 2 6 7 -6
520 2 6 7 -5
521 2 6 7 -4
522 2 6 7 -3
523 2 6 7 -2
524 2 6 7 -1
525 2 6 7 0
526 2 6 7 1
527 2 6 7 2
528 2 6 7 3
529 2 6 7 4
530 2 6 7 5
531 2 6 7 6
532 2 6 7 7
533 2 6 8 -8
534 2 6 8 -7
535 2 6 8 -6
536 2 6 8 -5
537 2 6 8 -4
538 2 6 8 -3
539 2 6 8 -2
540 2 6 8 -1
541 2 6 8 0
542 2 6 8 1
543 2 6 8 2
544 2 6 8 3
545 2 6 8 4
546 2 6 8 5
547 2 6 8 6
548 2 6 8 7
549 2 6 8 8
550 2 7 5 -5
551 2 7 5 -4
552 2 7 5 -3
553 2 7 5 -2
554 2 7 5 -1
555 2 7 5 0
556 2 7 5 1
557 2 7 5 2
558 2 7 5 3
559 2 7 5 4
560 2 7 5 5
561 2 7 6 -6
562 2 7 6 -5
563 2 7 6 -4
564 2 7 6 -3
565 2 7 6 -2
566 2 7 6 -1
567 2 7 6 0
568 2 7 6 1
569 2 7 6 2
570 2 7 6 3
571 2 7 6 4
572 2 7 6 5
573 2 7 6 6
574 2 7 7 -7
575 2 7 7 -6
576 2 7 7 -5
577 2 7 7 -4
578 2 7 7 -3
579 2 7 7 -2
580 2 7 7 -1
581 2 7 7 0
582 2 7 7 1
583 2 7 7 2
584 2 7 7 3
585 2 7 7 4
586 2 7 7 5
587 2 7 7 6
588 2 7 7 7
589 2 7 8 -8
590 2 7 8 -7
591 2 7 8 -6
592 2 7 8 -5
593 2 7 8 -4
594 2 7 8 -3
595 2 7 8 -2
596 2 7 8 -1
597 2 7 8 0
598 2 7 8 1
599 2 7 8 2
600 2 7 8 3
601 2 7 8 4
602 2 7 8 5
603 2 7 8 6
604 2 7 8 7
605 2 7 8 8
606 2 8 6 -6
607 2 8 6 -5
608 2 8 6 -4
609 2 8 6 -3
610 2 8 6 -2
611 2 8 6 -1
612 2 8 6 0
613 2 8 6 1
614 2 8 6 2
615 2 8 6 3
616 2 8 6 4
617 2 8 6 5
618 2 8 6 6
619 2 8 7 -7
620 2 8 7 -6
621 2 8 7 -5
622 2 8 7 -4
623 2 8 7 -3
624 2 8 7 -2
625 2 8 7 -1
626 2 8 7 0
627 2 8 7 1
628 2 8 7 2
629 2 8 7 3
630 2 8 7 4
631 2 8 7 5
632 2 8 7 6
633 2 8 7 7
634 2 8 8 -8
635 2 8 8 -7
636 2 8 8 -6
637 2 8 8 -5
638 2 8 8 -4
639 2 8 8 -3
640 2 8 8 -2
641 2 8 8 -1
642 2 8 8 0
643 2 8 8 1
644 2 8 8 2
645 2 8 8 3
646 2 8 8 4
647 2 8 8 5
648 2 8 8 6
649 2 8 8 7
650 2 8 8 8
651 3 0 3 -3
652 3 0 3 -2
653 3 0 3 -1
654 3 0 3 0
655 3 0 3 1
656 3 0 3 2
657 3 0 3 3
658 3 1 2 -2
659 3 1 2 -1
660 3 1 2 0
661 3 1 2 1
662 3 1 2 2
663 3 1 3 -3
664 3 1 3 -2
665 3 1 3 -1
666 3 1 3 0
667 3 1 3 1
668 3 1 3 2
669 3 1 3 3
670 3 1 4 -4
671 3 1 4 -3
672 3 1 4 -2
673 3 1 4 -1
674 3 1 4 0
675 3 1 4 1
676 3 1 4 2
677 3 1 4 3
678 3 1 4 4
679 3 2 1 -1
680 3 2 1 0
681 3 2 1 1
682 3 2 2 -2
683 3 2 2 -1
684 3 2 2 0
685 3 2 2 1
686 3 2 2 2
687 3 2 3 -3
688 3 2 3 -2
689 3 2 3 -1
690 3 2 3 0
691 3 2 3 1
692 3 2 3 2
693 3 2 3 3
694 3 2 4 -4
695 3 2 4 -3
696 3 2 4 -2
697 3 2 4 -1
698 3 2 4 0
699 3 2 4 1
700 3 2 4 2
701 3 2 4 3
702 3 2 4 4
703 3 2 5 -5
704 3 2 5 -4
705 3 2 5 -3
706 3 2 5 -2
707 3 2 5 -1
708 3 2 5 0
709 3 2 5 1
710 3 2 5 2
711 3 2 5 3
712 3 2 5 4
713 3 2 5 5
714 3 3 0 0
715 3 3 1 -1
716 3 3 1 0
717 3 3 1 1
718 3 3 2 -2
719 3 3 2 -1
720 3 3 2 0
721 3 3 2 1
722 3 3 2 2
723 3 3 3 -3
724 3 3 3 -2
725 3 3 3 -1
726 3 3 3 0
727 3 3 3 1
728 3 3 3 2
729 3 3 3 3
730 3 3 4 -4
731 3 3 4 -3
732 3 3 4 -2
733 3 3 4 -1
734 3 3 4 0
735 3 3 4 1
736 3 3 4 2
737 3 3 4 3
738 3 3 4 4
739 3 3 5 -5
740 3 3 5 -4
741 3 3 5 -3
742 3 3 5 -2
743 3 3 5 -1
744 3 3 5 0
745 3 3 5 1
746 3 3 5 2
747 3 3 5 3
748 3 3 5 4
749 3 3 5 5
750 3 3 6 -6
751 3 3 6 -5
752 3 3 6 -4
753 3 3 6 -3
754 3 3 6 -2
755 3 3 6 -1
756 3 3 6 0
757 3 3 6 1
758 3 3 6 2
759 3 3 6 3
760 3 3 6 4
761 3 3 6 5
762 3 3 6 6
763 3 4 1 -1
764 3 4 1 0
765 3 4 1 1
766 3 4 2 -2
767 3 4 2 -1
768 3 4 2 0
769 3 4 2 1
770 3 4 2 2
771 3 4 3 -3
772 3 4 3 -2
773 3 4 3 -1
774 3 4 3 0
775 3 4 3 1
776 3 4 3 2
777 3 4 3 3
778 3 4 4 -4
779 3 4 4 -3
780 3 4 4 -2
781 3 4 4 -1
782 3 4 4 0
783 3 4 4 1
784 3 4 4 2
785 3 4 4 3
786 3 4 4 4
787 3 4 5 -5
788 3 4 5 -4
789 3 4 5 -3
790 3 4 5 -2
791 3 4 5 -1
792 3 4 5 0
793 3 4 5 1
794 3 4 5 2
795 3 4 5 3
796 3 4 5 4
797 3 4 5 5
798 3 4 6 -6
799 3 4 6 -5
800 3 4 6 -4
801 3 4 6 -3
802 3 4 6 -2
803 3 4 6 -1
804 3 4 6 0
805 3 4 6 1
806 3 4 6 2
807 3 4 6 3
808 3 4 6 4
809 3 4 6 5
810 3 4 6 6
811 3 4 7 -7
812 3 4 7 -6
813 3 4 7 -5
814 3 4 7 -4
815 3 4 7 -3
816 3 4 7 -2
817 3 4 7 -1
818 3 4 7 0
819 3 4 7 1
820 3 4 7 2
821 3 4 7 3
822 3 4 7 4
823 3 4 7 5
824 3 4 7 6
825 3 4 7 7
826 3 5 2 -2
827 3 5 2 -1
828 3 5 2 0
829 3 5 2 1
830 3 5 2 2
831 3 5 3 -3
832 3 5 3 -2
833 3 5 3 -1
834 3 5 3 0
835 3 5 3 1
836 3 5 3 2
837 3 5 3 3
838 3 5 4 -4
839 3 5 4 -3
840 3 5 4 -2
841 3 5 4 -1
842 3 5 4 0
843 3 5 4 1
844 3 5 4 2
845 3 5 4 3
846 3 5 4 4
847 3 5 5 -5
848 3 5 5 -4
849 3 5 5 -3
850 3 5 5 -2
851 3 5 5 -1
852 3 5 5 0
853 3 5 5 1
854 3 5 5 2
855 3 5 5 3
856 3 5 5 4
857 3 5 5 5
858 3 5 6 -6
859 3 5 6 -5
860 3 5 6 -4
861 3 5 6 -3
862 3 5 6 -2
863 3 5 6 -1
864 3 5 6 0
865 3 5 6 1
866 3 5 6 2
867 3 5 6 3
868 3 5 6 4
869 3 5 6 5
870 3 5 6 6
871 3 5 7 -7
872 3 5 7 -6
873 3 5 7 -5
874 3 5 7 -4
875 3 5 7 -3
876 3 5 7 -2
877 3 5 7 -1
878 3 5 7 0
879 3 5 7 1
880 3 5 7 2
881 3 5 7 3
882 3 5 7 4
883 3 5 7 5
884 3 5 7 6
885 3 5 7 7
886 3 5 8 -8
887 3 5 8 -7
888 3 5 8 -6
889 3 5 8 -5
890 3 5 8 -4
891 3 5 8 -3
892 3 5 8 -2
893 3 5 8 -1
894 3 5 8 0
895 3 5 8 1
896 3 5 8 2
897 3 5 8 3
898 3 5 8 4
899 3 5 8 5
900 3 5 8 6
901 3 5 8 7
902 3 5 8 8
903 3 6 3 -3
904 3 6 3 -2
905 3 6 3 -1
906 3 6 3 0
907 3 6 3 1
908 3 6 3 2
909 3 6 3 3
910 3 6 4 -4
911 3 6 4 -3
912 3 6 4 -2
913 3 6 4 -1
914 3 6 4 0
915 3 6 4 1
916 3 6 4 2
917 3 6 4 3
918 3 6 4 4
919 3 6 5 -5
920 3 6 5 -4
921 3 6 5 -3
922 3 6 5 -2
923 3 6 5 -1
924 3 6 5 0
925 3 6 5 1
926 3 6 5 2
927 3 6 5 3
928 3 6 5 4
929 3 6 5 5
930 3 6 6 -6
931 3 6 6 -5
932 3 6 6 -4
933 3 6 6 -3
934 3 6 6 -2
935 3 6 6 -1
936 3 6 6 0
937 3 6 6 1
938 3 6 6 2
939 3 6 6 3
940 3 6 6 4
941 3 6 6 5
942 3 6 6 6
943 3 6 7 -7
944 3 6 7 -6
945 3 6 7 -5
946 3 6 7 -4
947 3 6 7 -3
948 3 6 7 -2
949 3 6 7 -1
950 3 6 7 0
951 3 6 7 1
952 3 6 7 2
953 3 6 7 3
954 3 6 7 4
955 3 6 7 5
956 3 6 7 6
957 3 6 7 7
958 3 6 8 -8
959 3 6 8 -7
960 3 6 8 -6
961 3 6 8 -5
962 3 6 8 -4
963 3 6 8 -3
964 3 6 8 -2
965 3 6 8 -1
966 3 6 8 0
967 3 6 8 1
968 3 6 8 2
969 3 6 8 3
970 3 6 8 4
971 3 6 8 5
972 3 6 8 6
973 3 6 8 7
974 3 6 8 8
975 3 7 4 -4
976 3 7 4 -3
977 3 7 4 -2
978 3 7 4 -1
979 3 7 4 0
980 3 7 4 1
981 3 7 4 2
982 3 7 4 3
983 3 7 4 4
984 3 7 5 -5
985 3 7 5 -4
986 3 7 5 -3
987 3 7 5 -2
988 3 7 5 -1
989 3 7 5 0
990 3 7 5 1
991 3 7 5 2
992 3 7 5 3
993 3 7 5 4
994 3 7 5 5
995 3 7 6 -6
996 3 7 6 -5
997 3 7 6 -4
998 3 7 6 -3
999 3 7 6 -2
1000 3 7 6 -1
1001 3 7 6 0
1002 3 7 6 1
1003 3 7 6 2
1004 3 7 6 3
1005 3 7 6 4
1006 3 7 6 5
1007 3 7 6 6
1008 3 7 7 -7
1009 3 7 7 -6
1010 3 7 7 -5
1011 3 7 7 -4
1012 3 7 7 -3
1013 3 7 7 -2
1014 3 7 7 -1
1015 3 7 7 0
1016 3 7 7 1
1017 3 7 7 2
1018 3 7 7 3
1019 3 7 7 4
1020 3 7 7 5
1021 3 7 7 6
1022 3 7 7 7
1023 3 7 8 -8
1024 3 7 8 -7
1025 3 7 8 -6
1026 3 7 8 -5
1027 3 7 8 -4
1028 3 7 8 -3
1029 3 7 8 -2
1030 3 7 8 -1
1031 3 7 8 0
1032 3 7 8 1
1033 3 7 8 2
1034 3 7 8 3
1035 3 7 8 4
1036 3 7 8 5
1037 3 7 8 6
1038 3 7 8 7
1039 3 7 8 8
1040 3 8 5 -5
1041 3 8 5 -4
1042 3 8 5 -3
1043 3 8 5 -2
1044 3 8 5 -1
1045 3 8 5 0
1046 3 8 5 1
1047 3 8 5 2
1048 3 8 5 3
1049 3 8 5 4
1050 3 8 5 5
1051 3 8 6 -6
1052 3 8 6 -5
1053 3 8 6 -4
1054 3 8 6 -3
1055 3 8 6 -2
1056 3 8 6 -1
1057 3 8 6 0
1058 3 8 6 1
1059 3 8 6 2
1060 3 8 6 3
1061 3 8 6 4
1062 3 8 6 5
1063 3 8 6 6
1064 3 8 7 -7
1065 3 8 7 -6
1066 3 8 7 -5
1067 3 8 7 -4
1068 3 8 7 -3
1069 3 8 7 -2
1070 3 8 7 -1
1071 3 8 7 0
1072 3 8 7 1
1073 3 8 7 2
1074 3 8 7 3
1075 3 8 7 4
1076 3 8 7 5
1077 3 8 7 6
1078 3 8 7 7
1079 3 8 8 -8
1080 3 8 8 -7
1081 3 8 8 -6
1082 3 8 8 -5
1083 3 8 8 -4
1084 3 8 8 -3
1085 3 8 8 -2
1086 3 8 8 -1
1087 3 8 8 0
1088 3 8 8 1
1089 3 8 8 2
1090 3 8 8 3
1091 3 8 8 4
1092 3 8 8 5
1093 3 8 8 6
1094 3 8 8 7
1095 3 8 8 8
1096 4 0 4 -4
1097 4 0 4 -3
1098 4 0 4 -2
1099 4 0 4 -1
1100 4 0 4 0
1101 4 0 4 1
1102 4 0 4 2
1103 4 0 4 3
1104 4 0 4 4
1105 4 1 3 -3
1106 4 1 3 -2
1107 4 1 3 -1
1108 4 1 3 0
1109 4 1 3 1
1110 4 1 3 2
1111 4 1 3 3
1112 4 1 4 -4
1113 4 1 4 -3
1114 4 1 4 -2
1115 4 1 4 -1
1116 4 1 4 0
1117 4 1 4 1
1118 4 1 4 2
1119 4 1 4 3
1120 4 1 4 4
1121 4 1 5 -5
1122 4 1 5 -4
1123 4 1 5 -3
1124 4 1 5 -2
1125 4 1 5 -1
1126 4 1 5 0
1127 4 1 5 1
1128 4 1 5 2
1129 4 1 5 3
1130 4 1 5 4
1131 4 1 5 5
1132 4 2 2 -2
1133 4 2 2 -1
1134 4 2 2 0
1135 4 2 2 1
1136 4 2 2 2
1137 4 2 3 -3
1138 4 2 3 -2
1139 4 2 3 -1
1140 4 2 3 0
1141 4 2 3 1
1142 4 2 3 2
1143 4 2 3 3
1144 4 2 4 -4
1145 4 2 4 -3
1146 4 2 4 -2
1147 4 2 4 -1
1148 4 2 4 0
1149 4 2 4 1
1150 4 2 4 2
1151 4 2 4 3
1152 4 2 4 4
1153 4 2 5 -5
1154 4 2 5 -4
1155 4 2 5 -3
1156 4 2 5 -2
1157 4 2 5 -1
1158 4 2 5 0
1159 4 2 5 1
1160 4 2 5 2
1161 4 2 5 3
1162 4 2 5 4
1163 4 2 5 5
1164 4 2 6 -6
1165 4 2 6 -5
1166 4 2 6 -4
1167 4 2 6 -3
1168 4 2 6 -2
1169 4 2 6 -1
1170 4 2 6 0
1171 4 2 6 1
1172 4 2 6 2
1173 4 2 6 3
1174 4 2 6 4
1175 4 2 6 5
1176 4 2 6 6
1177 4 3 1 -1
1178 4 3 1 0
1179 4 3 1 1
1180 4 3 2 -2
1181 4 3 2 -1
1182 4 3 2 0
1183 4 3 2 1
1184 4 3 2 2
1185 4 3 3 -3
1186 4 3 3 -2
1187 4 3 3 -1
1188 4 3 3 0
1189 4 3 3 1
1190 4 3 3 2
1191 4 3 3 3
1192 4 3 4 -4
1193 4 3 4 -3
1194 4 3 4 -2
1195 4 3 4 -1
1196 4 3 4 0
1197 4 3 4 1
1198 4 3 4 2
1199 4 3 4 3
1200 4 3 4 4
1201 4 3 5 -5
1202 4 3 5 -4
1203 4 3 5 -3
1204 4 3 5 -2
1205 4 3 5 -1
1206 4 3 5 0
1207 4 3 5 1
1208 4 3 5 2
1209 4 3 5 3
1210 4 3 5 4
1211 4 3 5 5
1212 4 3 6 -6
1213 4 3 6 -5
1214 4 3 6 -4
1215 4 3 6 -3
1216 4 3 6 -2
1217 4 3 6 -1
1218 4 3 6 0
1219 4 3 6 1
1220 4 3 6 2
1221 4 3 6 3
1222 4 3 6 4
1223 4 3 6 5
1224 4 3 6 6
1225 4 3 7 -7
1226 4 3 7 -6
1227 4 3 7 -5
1228 4 3 7 -4
1229 4 3 7 -3
1230 4 3 7 -2
1231 4 3 7 -1
1232 4 3 7 0
1233 4 3 7 1
1234 4 3 7 2
1235 4 3 7 3
1236 4 3 7 4
1237 4 3 7 5
1238 4 3 7 6
1239 4 3 7 7
1240 4 4 0 0
1241 4 4 1 -1
1242 4 4 1 0
1243 4 4 1 1
1244 4 4 2 -2
1245 4 4 2 -1
1246 4 4 2 0
1247 4 4 2 1
1248 4 4 2 2
1249 4 4 3 -3
1250 4 4 3 -2
1251 4 4 3 -1
1252 4 4 3 0
1253 4 4 3 1
1254 4 4 3 2
1255 4 4 3 3
1256 4 4 4 -4
1257 4 4 4 -3
1258 4 4 4 -2
1259 4 4 4 -1
1260 4 4 4 0
1261 4 4 4 1
1262 4 4 4 2
1263 4 4 4 3
1264 4 4 4 4
1265 4 4 5 -5
1266 4 4 5 -4
1267 4 4 5 -3
1268 4 4 5 -2
1269 4 4 5 -1
1270 4 4 5 0
1271 4 4 5 1
1272 4 4 5 2
1273 4 4 5 3
1274 4 4 5 4
1275 4 4 5 5
1276 4 4 6 -6
1277 4 4 6 -5
1278 4 4 6 -4
1279 4 4 6 -3
1280 4 4 6 -2
1281 4 4 6 -1
1282 4 4 6 0
1283 4 4 6 1
1284 4 4 6 2
1285 4 4 6 3
1286 4 4 6 4
1287 4 4 6 5
1288 4 4 6 6
1289 4 4 7 -7
1290 4 4 7 -6
1291 4 4 7 -5
1292 4 4 7 -4
1293 4 4 7 -3
1294 4 4 7 -2
1295 4 4 7 -1
1296 4 4 7 0
1297 4 4 7 1
1298 4 4 7 2
1299 4 4 7 3
1300 4 4 7 4
1301 4 4 7 5
1302 4 4 7 6
1303 4 4 7 7
1304 4 4 8 -8
1305 4 4 8 -7
1306 4 4 8 -6
1307 4 4 8 -5
1308 4 4 8 -4
1309 4 4 8 -3
1310 4 4 8 -2
1311 4 4 8 -1
1312 4 4 8 0
1313 4 4 8 1
1314 4 4 8 2
1315 4 4 8 3
1316 4 4 8 4
1317 4 4 8 5
1318 4 4 8 6
1319 4 4 8 7
1320 4 4 8 8
1321 4 5 1 -1
1322 4 5 1 0
1323 4 5 1 1
1324 4 5 2 -2
1325 4 5 2 -1
1326 4 5 2 0
1327 4 5 2 1
1328 4 5 2 2
1329 4 5 3 -3
1330 4 5 3 -2
1331 4 5 3 -1
1332 4 5 3 0
1333 4 5 3 1
1334 4 5 3 2
1335 4 5 3 3
1336 4 5 4 -4
1337 4 5 4 -3
1338 4 5 4 -2
1339 4 5 4 -1
1340 4 5 4 0
1341 4 5 4 1
1342 4 5 4 2
1343 4 5 4 3
1344 4 5 4 4
1345 4 5 5 -5
1346 4 5 5 -4
1347 4 5 5 -3
1348 4 5 5 -2
1349 4 5 5 -1
1350 4 5 5 0
1351 4 5 5 1
1352 4 5 5 2
1353 4 5 5 3
1354 4 5 5 4
1355 4 5 5 5
1356 4 5 6 -6
1357 4 5 6 -5
1358 4 5 6 -4
1359 4 5 6 -3
1360 4 5 6 -2
1361 4 5 6 -1
1362 4 5 6 0
1363 4 5 6 1
1364 4 5 6 2
1365 4 5 6 3
1366 4 5 6 4
1367 4 5 6 5
1368 4 5 6 6
1369 4 5 7 -7
1370 4 5 7 -6
1371 4 5 7 -5
1372 4 5 7 -4
1373 4 5 7 -3
1374 4 5 7 -2
1375 4 5 7 -1
1376 4 5 7 0
1377 4 5 7 1
1378 4 5 7 2
1379 4 5 7 3
1380 4 5 7 4
1381 4 5 7 5
1382 4 5 7 6
1383 4 5 7 7
1384 4 5 8 -8
1385 4 5 8 -7
1386 4 5 8 -6
1387 4 5 8 -5
1388 4 5 8 -4
1389 4 5 8 -3
1390 4 5 8 -2
1391 4 5 8 -1
1392 4 5 8 0
1393 4 5 8 1
1394 4 5 8 2
1395 4 5 8 3
1396 4 5 8 4
1397 4 5 8 5
1398 4 5 8 6
1399 4 5 8 7
1400 4 5 8 8
1401 4 6 2 -2
1402 4 6 2 -1
1403 4 6 2 0
1404 4 6 2 1
1405 4 6 2 2
1406 4 6 3 -3
1407 4 6 3 -2
1408 4 6 3 -1
1409 4 6 3 0
1410 4 6 3 1
1411 4 6 3 2
1412 4 6 3 3
1413 4 6 4 -4
1414 4 6 4 -3
1415 4 6 4 -2
1416 4 6 4 -1
1417 4 6 4 0
1418 4 6 4 1
1419 4 6 4 2
1420 4 6 4 3
1421 4 6 4 4
1422 4 6 5 -5
1423 4 6 5 -4
1424 4 6 5 -3
1425 4 6 5 -2
1426 4 6 5 -1
1427 4 6 5 0
1428 4 6 5 1
1429 4 6 5 2
1430 4 6 5 3
1431 4 6 5 4
1432 4 6 5 5
1433 4 6 6 -6
1434 4 6 6 -5
1435 4 6 6 -4
1436 4 6 6 -3
1437 4 6 6 -2
1438 4 6 6 -1
1439 4 6 6 0
1440 4 6 6 1
1441 4 6 6 2
1442 4 6 6 3
1443 4 6 6 4
1444 4 6 6 5
1445 4 6 6 6
1446 4 6 7 -7
1447 4 6 7 -6
1448 4 6 7 -5
1449 4 6 7 -4
1450 4 6 7 -3
1451 4 6 7 -2
1452 4 6 7 -1
1453 4 6 7 0
1454 4 6 7 1
1455 4 6 7 2
1456 4 6 7 3
1457 4 6 7 4
1458 4 6 7 5
1459 4 6 7 6
1460 4 6 7 7
1461 4 6 8 -8
1462 4 6 8 -7
1463 4 6 8 -6
1464 4 6 8 -5
1465 4 6 8 -4
1466 4 6 8 -3
1467 4 6 8 -2
1468 4 6 8 -1
1469 4 6 8 0
1470 4 6 8 1
1471 4 6 8 2
1472 4 6 8 3
1473 4 6 8 4
1474 4 6 8 5
1475 4 6 8 6
1476 4 6 8 7
1477 4 6 8 8
1478 4 7 3 -3
1479 4 7 3 -2
1480 4 7 3 -1
1481 4 7 3 0
1482 4 7 3 1
1483 4 7 3 2
1484 4 7 3 3
1485 4 7 4 -4
1486 4 7 4 -3
1487 4 7 4 -2
1488 4 7 4 -1
1489 4 7 4 0
1490 4 7 4 1
1491 4 7 4 2
1492 4 7 4 3
1493 4 7 4 4
1494 4 7 5 -5
1495 4 7 5 -4
1496 4 7 5 -3
1497 4 7 5 -2
1498 4 7 5 -1
1499 4 7 5 0
1500 4 7 5 1
1501 4 7 5 2
1502 4 7 5 3
1503 4 7 5 4
1504 4 7 5 5
1505 4 7 6 -6
1506 4 7 6 -5
1507 4 7 6 -4
1508 4 7 6 -3
1509 4 7 6 -2
1510 4 7 6 -1
1511 4 7 6 0
1512 4 7 6 1
1513 4 7 6 2
1514 4 7 6 3
1515 4 7 6 4
1516 4 7 6 5
1517 4 7 6 6
1518 4 7 7 -7
1519 4 7 7 -6
1520 4 7 7 -5
1521 4 7 7 -4
1522 4 7 7 -3
1523 4 7 7 -2
1524 4 7 7 -1
1525 4 7 7 0
1526 4 7 7 1
1527 4 7 7 2
1528 4 7 7 3
1529 4 7 7 4
1530 4 7 7 5
1531 4 7 7 6
1532 4 7 7 7
1533 4 7 8 -8
1534 4 7 8 -7
1535 4 7 8 -6
1536 4 7 8 -5
1537 4 7 8 -4
1538 4 7 8 -3
1539 4 7 8 -2
1540 4 7 8 -1
1541 4 7 8 0
1542 4 7 8 1
1543 4 7 8 2
1544 4 7 8 3
1545 4 7 8 4
1546 4 7 8 5
1547 4 7 8 6
1548 4 7 8 7
1549 4 7 8 8
1550 4 8 4 -4
1551 4 8 4 -3
1552 4 8 4 -2
1553 4 8 4 -1
1554 4 8 4 0
1555 4 8 4 1
1556 4 8 4 2
1557 4 8 4 3
1558 4 8 4 4
1559 4 8 5 -5
1560 4 8 5 -4
1561 4 8 5 -3
1562 4 8 5 -2
1563 4 8 5 -1
1564 4 8 5 0
1565 4 8 5 1
1566 4 8 5 2
1567 4 8 5 3
1568 4 8 5 4
1569 4 8 5 5
1570 4 8 6 -6
1571 4 8 6 -5
1572 4 8 6 -4
1573 4 8 6 -3
1574 4 8 6 -2
1575 4 8 6 -1
1576 4 8 6 0
1577 4 8 6 1
1578 4 8 6 2
1579 4 8 6 3
1580 4 8 6 4
1581 4 8 6 5
1582 4 8 6 6
1583 4 8 7 -7
1584 4 8 7 -6
1585 4 8 7 -5
1586 4 8 7 -4
1587 4 8 7 -3
1588 4 8 7 -2
1589 4 8 7 -1
1590 4 8 7 0
1591 4 8 7 1
1592 4 8 7 2
1593 4 8 7 3
1594 4 8 7 4
1595 4 8 7 5
1596 4 8 7 6
1597 4 8 7 7
1598 4 8 8 -8
1599 4 8 8 -7
1600 4 8 8 -6
1601 4 8 8 -5
1602 4 8 8 -4
1603 4 8 8 -3
1604 4 8 8 -2
1605 4 8 8 -1
1606 4 8 8 0
1607 4 8 8 1
1608 4 8 8 2
1609 4 8 8 3
1610 4 8 8 4
1611 4 8 8 5
1612 4 8 8 6
1613 4 8 8 7
1614 4 8 8 8
1615 5 0 5 -5
1616 5 0 5 -4
1617 5 0 5 -3
1618 5 0 5 -2
1619 5 0 5 -1
1620 5 0 5 0
1621 5 0 5 1
1622 5 0 5 2
1623 5 0 5 3
1624 5 0 5 4
1625 5 0 5 5
1626 5 1 4 -4
1627 5 1 4 -3
1628 5 1 4 -2
1629 5 1 4 -1
1630 5 1 4 0
1631 5 1 4 1
1632 5 1 4 2
1633 5 1 4 3
1634 5 1 4 4
1635 5 1 5 -5
1636 5 1 5 -4
1637 5 1 5 -3
1638 5 1 5 -2
1639 5 1 5 -1
1640 5 1 5 0
1641 5 1 5 1
1642 5 1 5 2
1643 5 1 5 3
1644 5 1 5 4
1645 5 1 5 5
1646 5 1 6 -6
1647 5 1 6 -5
1648 5 1 6 -4
1649 5 1 6 -3
1650 5 1 6 -2
1651 5 1 6 -1
1652 5 1 6 0
1653 5 1 6 1
1654 5 1 6 2
1655 5 1 6 3
1656 5 1 6 4
1657 5 1 6 5
1658 5 1 6 6
1659 5 2 3 -3
1660 5 2 3 -2
1661 5 2 3 -1
1662 5 2 3 0
1663 5 2 3 1
1664 5 2 3 2
1665 5 2 3 3
1666 5 2 4 -4
1667 5 2 4 -3
1668 5 2 4 -2
1669 5 2 4 -1
1670 5 2 4 0
1671 5 2 4 1
1672 5 2 4 2
1673 5 2 4 3
1674 5 2 4 4
1675 5 2 5 -5
1676 5 2 5 -4
1677 5 2 5 -3
1678 5 2 5 -2
1679 5 2 5 -1
1680 5 2 5 0
1681 5 2 5 1
1682 5 2 5 2
1683 5 2 5 3
1684 5 2 5 4
1685 5 2 5 5
1686 5 2 6 -6
1687 5 2 6 -5
1688 5 2 6 -4
1689 5 2 6 -3
1690 5 2 6 -2
1691 5 2 6 -1
1692 5 2 6 0
1693 5 2 6 1
1694 5 2 6 2
1695 5 2 6 3
1696 5 2 6 4
1697 5 2 6 5
1698 5 2 6 6
1699 5 2 7 -7
1700 5 2 7 -6
1701 5 2 7 -5
1702 5 2 7 -4
1703 5 2 7 -3
1704 5 2 7 -2
1705 5 2 7 -1
1706 5 2 7 0
1707 5 2 7 1
1708 5 2 7 2
1709 5 2 7 3
1710 5 2 7 4
1711 5 2 7 5
1712 5 2 7 6
1713 5 2 7 7
1714 5 3 2 -2
1715 5 3 2 -1
1716 5 3 2 0
1717 5 3 2 1
1718 5 3 2 2
1719 5 3 3 -3
1720 5 3 3 -2
1721 5 3 3 -1
1722 5 3 3 0
1723 5 3 3 1
1724 5 3 3 2
1725 5 3 3 3
1726 5 3 4 -4
1727 5 3 4 -3
1728 5 3 4 -2
1729 5 3 4 -1
1730 5 3 4 0
1731 5 3 4 1
1732 5 3 4 2
1733 5 3 4 3
1734 5 3 4 4
1735 5 3 5 -5
1736 5 3 5 -4
1737 5 3 5 -3
1738 5 3 5 -2
1739 5 3 5 -1
1740 5 3 5 0
1741 5 3 5 1
1742 5 3 5 2
1743 5 3 5 3
1744 5 3 5 4
1745 5 3 5 5
1746 5 3 6 -6
1747 5 3 6 -5
1748 5 3 6 -4
1749 5 3 6 -3
1750 5 3 6 -2
1751 5 3 6 -1
1752 5 3 6 0
1753 5 3 6 1
1754 5 3 6 2
1755 5 3 6 3
1756 5 3 6 4
1757 5 3 6 5
1758 5 3 6 6
1759 5 3 7 -7
1760 5 3 7 -6
1761 5 3 7 -5
1762 5 3 7 -4
1763 5 3 7 -3
1764 5 3 7 -2
1765 5 3 7 -1
1766 5 3 7 0
1767 5 3 7 1
1768 5 3 7 2
1769 5 3 7 3
1770 5 3 7 4
1771 5 3 7 5
1772 5 3 7 6
1773 5 3 7 7
1774 5 3 8 -8
1775 5 3 8 -7
1776 5 3 8 -6
1777 5 3 8 -5
1778 5 3 8 -4
1779 5 3 8 -3
1780 5 3 8 -2
1781 5 3 8 -1
1782 5 3 8 0
1783 5 3 8 1
1784 5 3 8 2
1785 5 3 8 3
1786 5 3 8 4
1787 5 3 8 5
1788 5 3 8 6
1789 5 3 8 7
1790 5 3 8 8
1791 5 4 1 -1
1792 5 4 1 0
1793 5 4 1 1
1794 5 4 2 -2
1795 5 4 2 -1
1796 5 4 2 0
1797 5 4 2 1
1798 5 4 2 2
1799 5 4 3 -3
1800 5 4 3 -2
1801 5 4 3 -1
1802 5 4 3 0
1803 5 4 3 1
1804 5 4 3 2
1805 5 4 3 3
1806 5 4 4 -4
1807 5 4 4 -3
1808 5 4 4 -2
1809 5 4 4 -1
1810 5 4 4 0
1811 5 4 4 1
1812 5 4 4 2
1813 5 4 4 3
1814 5 4 4 4
1815 5 4 5 -5
1816 5 4 5 -4
1817 5 4 5 -3
1818 5 4 5 -2
1819 5 4 5 -1
1820 5 4 5 0
1821 5 4 5 1
1822 5 4 5 2
1823 5 4 5 3
1824 5 4 5 4
1825 5 4 5 5
1826 5 4 6 -6
1827 5 4 6 -5
1828 5 4 6 -4
1829 5 4 6 -3
1830 5 4 6 -2
1831 5 4 6 -1
1832 5 4 6 0
1833 5 4 6 1
1834 5 4 6 2
1835 5 4 6 3
1836 5 4 6 4
1837 5 4 6 5
1838 5 4 6 6
1839 5 4 7 -7
1840 5 4 7 -6
1841 5 4 7 -5
1842 5 4 7 -4
1843 5 4 7 -3
1844 5 4 7 -2
1845 5 4 7 -1
1846 5 4 7 0
1847 5 4 7 1
1848 5 4 7 2
1849 5 4 7 3
1850 5 4 7 4
1851 5 4 7 5
1852 5 4 7 6
1853 5 4 7 7
1854 5 4 8 -8
1855 5 4 8 -7
1856 5 4 8 -6
1857 5 4 8 -5
1858 5 4 8 -4
1859 5 4 8 -3
1860 5 4 8 -2
1861 5 4 8 -1
1862 5 4 8 0
1863 5 4 8 1
1864 5 4 8 2
1865 5 4 8 3
1866 5 4 8 4
1867 5 4 8 5
1868 5 4 8 6
1869 5 4 8 7
1870 5 4 8 8
1871 5 5 0 0
1872 5 5 1 -1
1873 5 5 1 0
1874 5 5 1 1
1875 5 5 2 -2
1876 5 5 2 -1
1877 5 5 2 0
1878 5 5 2 1
1879 5 5 2 2
1880 5 5 3 -3
1881 5 5 3 -2
1882 5 5 3 -1
1883 5 5 3 0
1884 5 5 3 1
1885 5 5 3 2
1886 5 5 3 3
1887 5 5 4 -4
1888 5 5 4 -3
1889 5 5 4 -2
1890 5 5 4 -1
1891 5 5 4 0
1892 5 5 4 1
1893 5 5 4 2
1894 5 5 4 3
1895 5 5 4 4
1896 5 5 5 -5
1897 5 5 5 -4
1898 5 5 5 -3
1899 5 5 5 -2
1900 5 5 5 -1
1901 5 5 5 0
1902 5 5 5 1
1903 5 5 5 2
1904 5 5 5 3
1905 5 5 5 4
1906 5 5 5 5
1907 5 5 6 -6
1908 5 5 6 -5
1909 5 5 6 -4
1910 5 5 6 -3
1911 5 5 6 -2
1912 5 5 6 -1
1913 5 5 6 0
1914 5 5 6 1
1915 5 5 6 2
1916 5 5 6 3
1917 5 5 6 4
1918 5 5 6 5
1919 5 5 6 6
1920 5 5 7 -7
1921 5 5 7 -6
1922 5 5 7 -5
1923 5 5 7 -4
1924 5 5 7 -3
1925 5 5 7 -2
1926 5 5 7 -1
1927 5 5 7 0
1928 5 5 7 1
1929 5 5 7 2
1930 5 5 7 3
1931 5 5 7 4
1932 5 5 7 5
1933 5 5 7 6
1934 5 5 7 7
1935 5 5 8 -8
1936 5 5 8 -7
1937 5 5 8 -6
1938 5 5 8 -5
1939 5 5 8 -4
1940 5 5 8 -3
1941 5 5 8 -2
1942 5 5 8 -1
1943 5 5 8 0
1944 5 5 8 1
1945 5 5 8 2
1946 5 5 8 3
1947 5 5 8 4
1948 5 5 8 5
1949 5 5 8 6
1950 5 5 8 7
1951 5 5 8 8
1952 5 6 1 -1
1953 5 6 1 0
1954 5 6 1 1
1955 5 6 2 -2
1956 5 6 2 -1
1957 5 6 2 0
1958 5 6 2 1
1959 5 6 2 2
1960 5 6 3 -3
1961 5 6 3 -2
1962 5 6 3 -1
1963 5 6 3 0
1964 5 6 3 1
1965 5 6 3 2
1966 5 6 3 3
1967 5 6 4 -4
1968 5 6 4 -3
1969 5 6 4 -2
1970 5 6 4 -1
1971 5 6 4 0
1972 5 6 4 1
1973 5 6 4 2
1974 5 6 4 3
1975 5 6 4 4
1976 5 6 5 -5
1977 5 6 5 -4
1978 5 6 5 -3
1979 5 6 5 -2
1980 5 6 5 -1
1981 5 6 5 0
1982 5 6 5 1
1983 5 6 5 2
1984 5 6 5 3
1985 5 6 5 4
1986 5 6 5 5
1987 5 6 6 -6
1988 5 6 6 -5
1989 5 6 6 -4
1990 5 6 6 -3
1991 5 6 6 -2
1992 5 6 6 -1
1993 5 6 6 0
1994 5 6 6 1
1995 5 6 6 2
1996 5 6 6 3
1997 5 6 6 4
1998 5 6 6 5
1999 5 6 6 6
2000 5 6 7 -7
2001 5 6 7 -6
2002 5 6 7 -5
2003 5 6 7 -4
2004 5 6 7 -3
2005 5 6 7 -2
2006 5 6 7 -1
2007 5 6 7 0
2008 5 6 7 1
2009 5 6 7 2
2010 5 6 7 3
2011 5 6 7 4
2012 5 6 7 5
2013 5 6 7 6
2014 5 6 7 7
2015 5 6 8 -8
2016 5 6 8 -7
2017 5 6 8 -6
2018 5 6 8 -5
2019 5 6 8 -4
2020 5 6 8 -3
2021 5 6 8 -2
2022 5 6 8 -1
2023 5 6 8 0
2024 5 6 8 1
2025 5 6 8 2
2026 5 6 8 3
2027 5 6 8 4
2028 5 6 8 5
2029 5 6 8 6
2030 5 6 8 7
2031 5 6 8 8
2032 5 7 2 -2
2033 5 7 2 -1
2034 5 7 2 0
2035 5 7 2 1
2036 5 7 2 2
2037 5 7 3 -3
2038 5 7 3 -2
2039 5 7 3 -1
2040 5 7 3 0
2041 5 7 3 1
2042 5 7 3 2
2043 5 7 3 3
2044 5 7 4 -4
2045 5 7 4 -3
2046 5 7 4 -2
2047 5 7 4 -1
2048 5 7 4 0
2049 5 7 4 1
2050 5 7 4 2
2051 5 7 4 3
2052 5 7 4 4
2053 5 7 5 -5
2054 5 7 5 -4
2055 5 7 5 -3
2056 5 7 5 -2
2057 5 7 5 -1
2058 5 7 5 0
2059 5 7 5 1
2060 5 7 5 2
2061 5 7 5 3
2062 5 7 5 4
2063 5 7 5 5
2064 5 7 6 -6
2065 5 7 6 -5
2066 5 7 6 -4
2067 5 7 6 -3
2068 5 7 6 -2
2069 5 7 6 -1
2070 5 7 6 0
2071 5 7 6 1
2072 5 7 6 2
2073 5 7 6 3
2074 5 7 6 4
2075 5 7 6 5
2076 5 7 6 6
2077 5 7 7 -7
2078 5 7 7 -6
2079 5 7 7 -5
2080 5 7 7 -4
2081 5 7 7 -3
2082 5 7 7 -2
2083 5 7 7 -1
2084 5 7 7 0
2085 5 7 7 1
2086 5 7 7 2
2087 5 7 7 3
2088 5 7 7 4
2089 5 7 7 5
2090 5 7 7 6
2091 5 7 7 7
2092 5 7 8 -8
2093 5 7 8 -7
2094 5 7 8 -6
2095 5 7 8 -5
2096 5 7 8 -4
2097 5 7 8 -3
2098 5 7 8 -2
2099 5 7 8 -1
2100 5 7 8 0
2101 5 7 8 1
2102 5 7 8 2
2103 5 7 8 3
2104 5 7 8 4
2105 5 7 8 5
2106 5 7 8 6
2107 5 7 8 7
2108 5 7 8 8
2109 5 8 3 -3
2110 5 8 3 -2
2111 5 8 3 -1
2112 5 8 3 0
2113 5 8 3 1
2114 5 8 3 2
2115 5 8 3 3
2116 5 8 4 -4
2117 5 8 4 -3
2118 5 8 4 -2
2119 5 8 4 -1
2120 5 8 4 0
2121 5 8 4 1
2122 5 8 4 2
2123 5 8 4 3
2124 5 8 4 4
2125 5 8 5 -5
2126 5 8 5 -4
2127 5 8 5 -3
2128 5 8 5 -2
2129 5 8 5 -1
2130 5 8 5 0
2131 5 8 5 1
2132 5 8 5 2
2133 5 8 5 3
2134 5 8 5 4
2135 5 8 5 5
2136 5 8 6 -6
2137 5 8 6 -5
2138 5 8 6 -4
2139 5 8 6 -3
2140 5 8 6 -2
2141 5 8 6 -1
2142 5 8 6 0
2143 5 8 6 1
2144 5 8 6 2
2145 5 8 6 3
2146 5 8 6 4
2147 5 8 6 5
2148 5 8 6 6
2149 5 8 7 -7
2150 5 8 7 -6
2151 5 8 7 -5
2152 5 8 7 -4
2153 5 8 7 -3
2154 5 8 7 -2
2155 5 8 7 -1
2156 5 8 7 0
2157 5 8 7 1
2158 5 8 7 2
2159 5 8 7 3
2160 5 8 7 4
2161 5 8 7 5
2162 5 8 7 6
2163 5 8 7 7
2164 5 8 8 -8
2165 5 8 8 -7
2166 5 8 8 -6
2167 5 8 8 -5
2168 5 8 8 -4
2169 5 8 8 -3
2170 5 8 8 -2
2171 5 8 8 -1
2172 5 8 8 0
2173 5 8 8 1
2174 5 8 8 2
2175 5 8 8 3
2176 5 8 8 4
2177 5 8 8 5
2178 5 8 8 6
2179 5 8 8 7
2180 5 8 8 8
2181 6 0 6 -6
2182 6 0 6 -5
2183 6 0 6 -4
2184 6 0 6 -3
2185 6 0 6 -2
2186 6 0 6 -1
2187 6 0 6 0
2188 6 0 6 1
2189 6 0 6 2
2190 6 0 6 3
2191 6 0 6 4
2192 6 0 6 5
2193 6 0 6 6
2194 6 1 5 -5
2195 6 1 5 -4
2196 6 1 5 -3
2197 6 1 5 -2
2198 6 1 5 -1
2199 6 1 5 0
2200 6 1 5 1
2201 6 1 5 2
2202 6 1 5 3
2203 6 1 5 4
2204 6 1 5 5
2205 6 1 6 -6
2206 6 1 6 -5
2207 6 1 6 -4
2208 6 1 6 -3
2209 6 1 6 -2
2210 6 1 6 -1
2211 6 1 6 0
2212 6 1 6 1
2213 6 1 6 2
2214 6 1 6 3
2215 6 1 6 4
2216 6 1 6 5
2217 6 1 6 6
2218 6 1 7 -7
2219 6 1 7 -6
2220 6 1 7 -5
2221 6 1 7 -4
2222 6 1 7 -3
2223 6 1 7 -2
2224 6 1 7 -1
2225 6 1 7 0
2226 6 1 7 1
2227 6 1 7 2
2228 6 1 7 3
2229 6 1 7 4
2230 6 1 7 5
2231 6 1 7 6
2232 6 1 7 7
2233 6 2 4 -4
2234 6 2 4 -3
2235 6 2 4 -2
2236 6 2 4 -1
2237 6 2 4 0
2238 6 2 4 1
2239 6 2 4 2
2240 6 2 4 3
2241 6 2 4 4
2242 6 2 5 -5
2243 6 2 5 -4
2244 6 2 5 -3
2245 6 2 5 -2
2246 6 2 5 -1
2247 6 2 5 0
2248 6 2 5 1
2249 6 2 5 2
2250 6 2 5 3
2251 6 2 5 4
2252 6 2 5 5
2253 6 2 6 -6
2254 6 2 6 -5
2255 6 2 6 -4
2256 6 2 6 -3
2257 6 2 6 -2
2258 6 2 6 -1
2259 6 2 6 0
2260 6 2 6 1
2261 6 2 6 2
2262 6 2 6 3
2263 6 2 6 4
2264 6 2 6 5
2265 6 2 6 6
2266 6 2 7 -7
2267 6 2 7 -6
2268 6 2 7 -5
2269 6 2 7 -4
2270 6 2 7 -3
2271 6 2 7 -2
2272 6 2 7 -1
2273 6 2 7 0
2274 6 2 7 1
2275 6 2 7 2
2276 6 2 7 3
2277 6 2 7 4
2278 6 2 7 5
2279 6 2 7 6
2280 6 2 7 7
2281 6 2 8 -8
2282 6 2 8 -7
2283 6 2 8 -6
2284 6 2 8 -5
2285 6 2 8 -4
2286 6 2 8 -3
2287 6 2 8 -2
2288 6 2 8 -1
2289 6 2 8 0
2290 6 2 8 1
2291 6 2 8 2
2292 6 2 8 3
2293 6 2 8 4
2294 6 2 8 5
2295 6 2 8 6
2296 6 2 8 7
2297 6 2 8 8
2298 6 3 3 -3
2299 6 3 3 -2
2300 6 3 3 -1
2301 6 3 3 0
2302 6 3 3 1
2303 6 3 3 2
2304 6 3 3 3
2305 6 3 4 -4
2306 6 3 4 -3
2307 6 3 4 -2
2308 6 3 4 -1
2309 6 3 4 0
2310 6 3 4 1
2311 6 3 4 2
2312 6 3 4 3
2313 6 3 4 4
2314 6 3 5 -5
2315 6 3 5 -4
2316 6 3 5 -3
2317 6 3 5 -2
2318 6 3 5 -1
2319 6 3 5 0
2320 6 3 5 1
2321 6 3 5 2
2322 6 3 5 3
2323 6 3 5 4
2324 6 3 5 5
2325 6 3 6 -6
2326 6 3 6 -5
2327 6 3 6 -4
2328 6 3 6 -3
2329 6 3 6 -2
2330 6 3 6 -1
2331 6 3 6 0
2332 6 3 6 1
2333 6 3 6 2
2334 6 3 6 3
2335 6 3 6 4
2336 6 3 6 5
2337 6 3 6 6
2338 6 3 7 -7
2339 6 3 7 -6
2340 6 3 7 -5
2341 6 3 7 -4
2342 6 3 7 -3
2343 6 3 7 -2
2344 6 3 7 -1
2345 6 3 7 0
2346 6 3 7 1
2347 6 3 7 2
2348 6 3 7 3
2349 6 3 7 4
2350 6 3 7 5
2351 6 3 7 6
2352 6 3 7 7
2353 6 3 8 -8
2354 6 3 8 -7
2355 6 3 8 -6
2356 6 3 8 -5
2357 6 3 8 -4
2358 6 3 8 -3
2359 6 3 8 -2
2360 6 3 8 -1
2361 6 3 8 0
2362 6 3 8 1
2363 6 3 8 2
2364 6 3 8 3
2365 6 3 8 4
2366 6 3 8 5
2367 6 3 8 6
2368 6 3 8 7
2369 6 3 8 8
2370 6 4 2 -2
2371 6 4 2 -1
2372 6 4 2 0
2373 6 4 2 1
2374 6 4 2 2
2375 6 4 3 -3
2376 6 4 3 -2
2377 6 4 3 -1
2378 6 4 3 0
2379 6 4 3 1
2380 6 4 3 2
2381 6 4 3 3
2382 6 4 4 -4
2383 6 4 4 -3
2384 6 4 4 -2
2385 6 4 4 -1
2386 6 4 4 0
2387 6 4 4 1
2388 6 4 4 2
2389 6 4 4 3
2390 6 4 4 4
2391 6 4 5 -5
2392 6 4 5 -4
2393 6 4 5 -3
2394 6 4 5 -2
2395 6 4 5 -1
2396 6 4 5 0
2397 6 4 5 1
2398 6 4 5 2
2399 6 4 5 3
2400 6 4 5 4
2401 6 4 5 5
2402 6 4 6 -6
2403 6 4 6 -5
2404 6 4 6 -4
2405 6 4 6 -3
2406 6 4 6 -2
2407 6 4 6 -1
2408 6 4 6 0
2409 6 4 6 1
2410 6 4 6 2
2411 6 4 6 3
2412 6 4 6 4
2413 6 4 6 5
2414 6 4 6 6
2415 6 4 7 -7
2416 6 4 7 -6
2417 6 4 7 -5
2418 6 4 7 -4
2419 6 4 7 -3
2420 6 4 7 -2
2421 6 4 7 -1
2422 6 4 7 0
2423 6 4 7 1
2424 6 4 7 2
2425 6 4 7 3
2426 6 4 7 4
2427 6 4 7 5
2428 6 4 7 6
2429 6 4 7 7
2430 6 4 8 -8
2431 6 4 8 -7
2432 6 4 8 -6
2433 6 4 8 -5
2434 6 4 8 -4
2435 6 4 8 -3
2436 6 4 8 -2
2437 6 4 8 -1
2438 6 4 8 0
2439 6 4 8 1
2440 6 4 8 2
2441 6 4 8 3
2442 6 4 8 4
2443 6 4 8 5
2444 6 4 8 6
2445 6 4 8 7
2446 6 4 8 8
2447 6 5 1 -1
2448 6 5 1 0
2449 6 5 1 1
2450 6 5 2 -2
2451 6 5 2 -1
2452 6 5 2 0
2453 6 5 2 1
2454 6 5 2 2
2455 6 5 3 -3
2456 6 5 3 -2
2457 6 5 3 -1
2458 6 5 3 0
2459 6 5 3 1
2460 6 5 3 2
2461 6 5 3 3
2462 6 5 4 -4
2463 6 5 4 -3
2464 6 5 4 -2
2465 6 5 4 -1
2466 6 5 4 0
2467 6 5 4 1
2468 6 5 4 2
2469 6 5 4 3
2470 6 5 4 4
2471 6 5 5 -5
2472 6 5 5 -4
2473 6 5 5 -3
2474 6 5 5 -2
2475 6 5 5 -1
2476 6 5 5 0
2477 6 5 5 1
2478 6 5 5 2
2479 6 5 5 3
2480 6 5 5 4
2481 6 5 5 5
2482 6 5 6 -6
2483 6 5 6 -5
2484 6 5 6 -4
2485 6 5 6 -3
2486 6 5 6 -2
2487 6 5 6 -1
2488 6 5 6 0
2489 6 5 6 1
2490 6 5 6 2
2491 6 5 6 3
2492 6 5 6 4
2493 6 5 6 5
2494 6 5 6 6
2495 6 5 7 -7
2496 6 5 7 -6
2497 6 5 7 -5
2498 6 5 7 -4
2499 6 5 7 -3
2500 6 5 7 -2
2501 6 5 7 -1
2502 6 5 7 0
2503 6 5 7 1
2504 6 5 7 2
2505 6 5 7 3
2506 6 5 7 4
2507 6 5 7 5
2508 6 5 7 6
2509 6 5 7 7
2510 6 5 8 -8
2511 6 5 8 -7
2512 6 5 8 -6
2513 6 5 8 -5
2514 6 5 8 -4
2515 6 5 8 -3
2516 6 5 8 -2
2517 6 5 8 -1
2518 6 5 8 0
2519 6 5 8 1
2520 6 5 8 2
2521 6 5 8 3
2522 6 5 8 4
2523 6 5 8 5
2524 6 5 8 6
2525 6 5 8 7
2526 6 5 8 8
2527 6 6 0 0
2528 6 6 1 -1
2529 6 6 1 0
2530 6 6 1 1
2531 6 6 2 -2
2532 6 6 2 -1
2533 6 6 2 0
2534 6 6 2 1
2535 6 6 2 2
2536 6 6 3 -3
2537 6 6 3 -2
2538 6 6 3 -1
2539 6 6 3 0
2540 6 6 3 1
2541 6 6 3 2
2542 6 6 3 3
2543 6 6 4 -4
2544 6 6 4 -3
2545 6 6 4 -2
2546 6 6 4 -1
2547 6 6 4 0
2548 6 6 4 1
2549 6 6 4 2
2550 6 6 4 3
2551 6 6 4 4
2552 6 6 5 -5
2553 6 6 5 -4
2554 6 6 5 -3
2555 6 6 5 -2
2556 6 6 5 -1
2557 6 6 5 0
2558 6 6 5 1
2559 6 6 5 2
2560 6 6 5 3
2561 6 6 5 4
2562 6 6 5 5
2563 6 6 6 -6
2564 6 6 6 -5
2565 6 6 6 -4
2566 6 6 6 -3
2567 6 6 6 -2
2568 6 6 6 -1
2569 6 6 6 0
2570 6 6 6 1
2571 6 6 6 2
2572 6 6 6 3
2573 6 6 6 4
2574 6 6 6 5
2575 6 6 6 6
2576 6 6 7 -7
2577 6 6 7 -6
2578 6 6 7 -5
2579 6 6 7 -4
2580 6 6 7 -3
2581 6 6 7 -2
2582 6 6 7 -1
2583 6 6 7 0
2584 6 6 7 1
2585 6 6 7 2
2586 6 6 7 3
2587 6 6 7 4
2588 6 6 7 5
2589 6 6 7 6
2590 6 6 7 7
2591 6 6 8 -8
2592 6 6 8 -7
2593 6 6 8 -6
2594 6 6 8 -5
2595 6 6 8 -4
2596 6 6 8 -3
2597 6 6 8 -2
2598 6 6 8 -1
2599 6 6 8 0
2600 6 6 8 1
2601 6 6 8 2
2602 6 6 8 3
2603 6 6 8 4
2604 6 6 8 5
2605 6 6 8 6
2606 6 6 8 7
2607 6 6 8 8
2608 6 7 1 -1
2609 6 7 1 0
2610 6 7 1 1
2611 6 7 2 -2
2612 6 7 2 -1
2613 6 7 2 0
2614 6 7 2 1
2615 6 7 2 2
2616 6 7 3 -3
2617 6 7 3 -2
2618 6 7 3 -1
2619 6 7 3 0
2620 6 7 3 1
2621 6 7 3 2
2622 6 7 3 3
2623 6 7 4 -4
2624 6 7 4 -3
2625 6 7 4 -2
2626 6 7 4 -1
2627 6 7 4 0
2628 6 7 4 1
2629 6 7 4 2
2630 6 7 4 3
2631 6 7 4 4
2632 6 7 5 -5
2633 6 7 5 -4
2634 6 7 5 -3
2635 6 7 5 -2
2636 6 7 5 -1
2637 6 7 5 0
2638 6 7 5 1
2639 6 7 5 2
2640 6 7 5 3
2641 6 7 5 4
2642 6 7 5 5
2643 6 7 6 -6
2644 6 7 6 -5
2645 6 7 6 -4
2646 6 7 6 -3
2647 6 7 6 -2
2648 6 7 6 -1
2649 6 7 6 0
2650 6 7 6 1
2651 6 7 6 2
2652 6 7 6 3
2653 6 7 6 4
2654 6 7 6 5
2655 6 7 6 6
2656 6 7 7 -7
2657 6 7 7 -6
2658 6 7 7 -5
2659 6 7 7 -4
2660 6 7 7 -3
2661 6 7 7 -2
2662 6 7 7 -1
2663 6 7 7 0
2664 6 7 7 1
2665 6 7 7 2
2666 6 7 7 3
2667 6 7 7 4
2668 6 7 7 5
2669 6 7 7 6
2670 6 7 7 7
2671 6 7 8 -8
2672 6 7 8 -7
2673 6 7 8 -6
2674 6 7 8 -5
2675 6 7 8 -4
2676 6 7 8 -3
2677 6 7 8 -2
2678 6 7 8 -1
2679 6 7 8 0
2680 6 7 8 1
2681 6 7 8 2
2682 6 7 8 3
2683 6 7 8 4
2684 6 7 8 5
2685 6 7 8 6
2686 6 7 8 7
2687 6 7 8 8
2688 6 8 2 -2
2689 6 8 2 -1
2690 6 8 2 0
2691 6 8 2 1
2692 6 8 2 2
2693 6 8 3 -3
2694 6 8 3 -2
2695 6 8 3 -1
2696 6 8 3 0
2697 6 8 3 1
2698 6 8 3 2
2699 6 8 3 3
2700 6 8 4 -4
2701 6 8 4 -3
2702 6 8 4 -2
2703 6 8 4 -1
2704 6 8 4 0
2705 6 8 4 1
2706 6 8 4 2
2707 6 8 4 3
2708 6 8 4 4
2709 6 8 5 -5
2710 6 8 5 -4
2711 6 8 5 -3
2712 6 8 5 -2
2713 6 8 5 -1
2714 6 8 5 0
2715 6 8 5 1
2716 6 8 5 2
2717 6 8 5 3
2718 6 8 5 4
2719 6 8 5 5
2720 6 8 6 -6
2721 6 8 6 -5
2722 6 8 6 -4
2723 6 8 6 -3
2724 6 8 6 -2
2725 6 8 6 -1
2726 6 8 6 0
2727 6 8 6 1
2728 6 8 6 2
2729 6 8 6 3
2730 6 8 6 4
2731 6 8 6 5
2732 6 8 6 6
2733 6 8 7 -7
2734 6 8 7 -6
2735 6 8 7 -5
2736 6 8 7 -4
2737 6 8 7 -3
2738 6 8 7 -2
2739 6 8 7 -1
2740 6 8 7 0
2741 6 8 7 1
2742 6 8 7 2
2743 6 8 7 3
2744 6 8 7 4
2745 6 8 7 5
2746 6 8 7 6
2747 6 8 7 7
2748 6 8 8 -8
2749 6 8 8 -7
2750 6 8 8 -6
2751 6 8 8 -5
2752 6 8 8 -4
2753 6 8 8 -3
2754 6 8 8 -2
2755 6 8 8 -1
2756 6 8 8 0
2757 6 8 8 1
2758 6 8 8 2
2759 6 8 8 3
2760 6 8 8 4
2761 6 8 8 5
2762 6 8 8 6
2763 6 8 8 7
2764 6 8 8 8
2765 7 0 7 -7
2766 7 0 7 -6
2767 7 0 7 -5
2768 7 0 7 -4
2769 7 0 7 -3
2770 7 0 7 -2
2771 7 0 7 -1
2772 7 0 7 0
2773 7 0 7 1
2774 7 0 7 2
2775 7 0 7 3
2776 7 0 7 4
2777 7 0 7 5
2778 7 0 7 6
2779 7 0 7 7
2780 7 1 6 -6
2781 7 1 6 -5
2782 7 1 6 -4
2783 7 1 6 -3
2784 7 1 6 -2
2785 7 1 6 -1
2786 7 1 6 0
2787 7 1 6 1
2788 7 1 6 2
2789 7 1 6 3
2790 7 1 6 4
2791 7 1 6 5
2792 7 1 6 6
2793 7 1 7 -7
2794 7 1 7 -6
2795 7 1 7 -5
2796 7 1 7 -4
2797 7 1 7 -3
2798 7 1 7 -2
2799 7 1 7 -1
2800 7 1 7 0
2801 7 1 7 1
2802 7 1 7 2
2803 7 1 7 3
2804 7 1 7 4
2805 7 1 7 5
2806 7 1 7 6
2807 7 1 7 7
2808 7 1 8 -8
2809 7 1 8 -7
2810 7 1 8 -6
2811 7 1 8 -5
2812 7 1 8 -4
2813 7 1 8 -3
2814 7 1 8 -2
2815 7 1 8 -1
2816 7 1 8 0
2817 7 1 8 1
2818 7 1 8 2
2819 7 1 8 3
2820 7 1 8 4
2821 7 1 8 5
2822 7 1 8 6
2823 7 1 8 7
2824 7 1 8 8
2825 7 2 5 -5
2826 7 2 5 -4
2827 7 2 5 -3
2828 7 2 5 -2
2829 7 2 5 -1
2830 7 2 5 0
2831 7 2 5 1
2832 7 2 5 2
2833 7 2 5 3
2834 7 2 5 4
2835 7 2 5 5
2836 7 2 6 -6
2837 7 2 6 -5
2838 7 2 6 -4
2839 7 2 6 -3
2840 7 2 6 -2
2841 7 2 6 -1
2842 7 2 6 0
2843 7 2 6 1
2844 7 2 6 2
2845 7 2 6 3
2846 7 2 6 4
2847 7 2 6 5
2848 7 2 6 6
2849 7 2 7 -7
2850 7 2 7 -6
2851 7 2 7 -5
2852 7 2 7 -4
2853 7 2 7 -3
2854 7 2 7 -2
2855 7 2 7 -1
2856 7 2 7 0
2857 7 2 7 1
2858 7 2 7 2
2859 7 2 7 3
2860 7 2 7 4
2861 7 2 7 5
2862 7 2 7 6
2863 7 2 7 7
2864 7 2 8 -8
2865 7 2 8 -7
2866 7 2 8 -6
2867 7 2 8 -5
2868 7 2 8 -4
2869 7 2 8 -3
2870 7 2 8 -2
2871 7 2 8 -1
2872 7 2 8 0
2873 7 2 8 1
2874 7 2 8 2
2875 7 2 8 3
2876 7 2 8 4
2877 7 2 8 5
2878 7 2 8 6
2879 7 2 8 7
2880 7 2 8 8
2881 7 3 4 -4
2882 7 3 4 -3
2883 7 3 4 -2
2884 7 3 4 -1
2885 7 3 4 0
2886 7 3 4 1
2887 7 3 4 2
2888 7 3 4 3
2889 7 3 4 4
2890 7 3 5 -5
2891 7 3 5 -4
2892 7 3 5 -3
2893 7 3 5 -2
2894 7 3 5 -1
2895 7 3 5 0
2896 7 3 5 1
2897 7 3 5 2
2898 7 3 5 3
2899 7 3 5 4
2900 7 3 5 5
2901 7 3 6 -6
2902 7 3 6 -5
2903 7 3 6 -4
2904 7 3 6 -3
2905 7 3 6 -2
2906 7 3 6 -1
2907 7 3 6 0
2908 7 3 6 1
2909 7 3 6 2
2910 7 3 6 3
2911 7 3 6 4
2912 7 3 6 5
2913 7 3 6 6
2914 7 3 7 -7
2915 7 3 7 -6
2916 7 3 7 -5
2917 7 3 7 -4
2918 7 3 7 -3
2919 7 3 7 -2
2920 7 3 7 -1
2921 7 3 7 0
2922 7 3 7 1
2923 7 3 7 2
2924 7 3 7 3
2925 7 3 7 4
2926 7 3 7 5
2927 7 3 7 6
2928 7 3 7 7
2929 7 3 8 -8
2930 7 3 8 -7
2931 7 3 8 -6
2932 7 3 8 -5
2933 7 3 8 -4
2934 7 3 8 -3
2935 7 3 8 -2
2936 7 3 8 -1
2937 7 3 8 0
2938 7 3 8 1
2939 7 3 8 2
2940 7 3 8 3
2941 7 3 8 4
2942 7 3 8 5
2943 7 3 8 6
2944 7 3 8 7
2945 7 3 8 8
2946 7 4 3 -3
2947 7 4 3 -2
2948 7 4 3 -1
2949 7 4 3 0
2950 7 4 3 1
2951 7 4 3 2
2952 7 4 3 3
2953 7 4 4 -4
2954 7 4 4 -3
2955 7 4 4 -2
2956 7 4 4 -1
2957 7 4 4 0
2958 7 4 4 1
2959 7 4 4 2
2960 7 4 4 3
2961 7 4 4 4
2962 7 4 5 -5
2963 7 4 5 -4
2964 7 4 5 -3
2965 7 4 5 -2
2966 7 4 5 -1
2967 7 4 5 0
2968 7 4 5 1
2969 7 4 5 2
2970 7 4 5 3
2971 7 4 5 4
2972 7 4 5 5
2973 7 4 6 -6
2974 7 4 6 -5
2975 7 4 6 -4
2976 7 4 6 -3
2977 7 4 6 -2
2978 7 4 6 -1
2979 7 4 6 0
2980 7 4 6 1
2981 7 4 6 2
2982 7 4 6 3
2983 7 4 6 4
2984 7 4 6 5
2985 7 4 6 6
2986 7 4 7 -7
2987 7 4 7 -6
2988 7 4 7 -5
2989 7 4 7 -4
2990 7 4 7 -3
2991 7 4 7 -2
2992 7 4 7 -1
2993 7 4 7 0
2994 7 4 7 1
2995 7 4 7 2
2996 7 4 7 3
2997 7 4 7 4
2998 7 4 7 5
2999 7 4 7 6
3000 7 4 7 7
3001 7 4 8 -8
3002 7 4 8 -7
3003 7 4 8 -6
3004 7 4 8 -5
3005 7 4 8 -4
3006 7 4 8 -3
3007 7 4 8 -2
3008 7 4 8 -1
3009 7 4 8 0
3010 7 4 8 1
3011 7 4 8 2
3012 7 4 8 3
3013 7 4 8 4
3014 7 4 8 5
3015 7 4 8 6
3016 7 4 8 7
3017 7 4 8 8
3018 7 5 2 -2
3019 7 5 2 -1
3020 7 5 2 0
3021 7 5 2 1
3022 7 5 2 2
3023 7 5 3 -3
3024 7 5 3 -2
3025 7 5 3 -1
3026 7 5 3 0
3027 7 5 3 1
3028 7 5 3 2
3029 7 5 3 3
3030 7 5 4 -4
3031 7 5 4 -3
3032 7 5 4 -2
3033 7 5 4 -1
3034 7 5 4 0
3035 7 5 4 1
3036 7 5 4 2
3037 7 5 4 3
3038 7 5 4 4
3039 7 5 5 -5
3040 7 5 5 -4
3041 7 5 5 -3
3042 7 5 5 -2
3043 7 5 5 -1
3044 7 5 5 0
3045 7 5 5 1
3046 7 5 5 2
3047 7 5 5 3
3048 7 5 5 4
3049 7 5 5 5
3050 7 5 6 -6
3051 7 5 6 -5
3052 7 5 6 -4
3053 7 5 6 -3
3054 7 5 6 -2
3055 7 5 6 -1
3056 7 5 6 0
3057 7 5 6 1
3058 7 5 6 2
3059 7 5 6 3
3060 7 5 6 4
3061 7 5 6 5
3062 7 5 6 6
3063 7 5 7 -7
3064 7 5 7 -6
3065 7 5 7 -5
3066 7 5 7 -4
3067 7 5 7 -3
3068 7 5 7 -2
3069 7 5 7 -1
3070 7 5 7 0
3071 7 5 7 1
3072 7 5 7 2
3073 7 5 7 3
3074 7 5 7 4
3075 7 5 7 5
3076 7 5 7 6
3077 7 5 7 7
3078 7 5 8 -8
3079 7 5 8 -7
3080 7 5 8 -6
3081 7 5 8 -5
3082 7 5 8 -4
3083 7 5 8 -3
3084 7 5 8 -2
3085 7 5 8 -1
3086 7 5 8 0
3087 7 5 8 1
3088 7 5 8 2
3089 7 5 8 3
3090 7 5 8 4
3091 7 5 8 5
3092 7 5 8 6
3093 7 5 8 7
3094 7 5 8 8
3095 7 6 1 -1
3096 7 6 1 0
3097 7 6 1 1
3098 7 6 2 -2
3099 7 6 2 -1
3100 7 6 2 0
3101 7 6 2 1
3102 7 6 2 2
3103 7 6 3 -3
3104 7 6 3 -2
3105 7 6 3 -1
3106 7 6 3 0
3107 7 6 3 1
3108 7 6 3 2
3109 7 6 3 3
3110 7 6 4 -4
3111 7 6 4 -3
3112 7 6 4 -2
3113 7 6 4 -1
3114 7 6 4 0
3115 7 6 4 1
3116 7 6 4 2
3117 7 6 4 3
3118 7 6 4 4
3119 7 6 5 -5
3120 7 6 5 -4
3121 7 6 5 -3
3122 7 6 5 -2
3123 7 6 5 -1
3124 7 6 5 0
3125 7 6 5 1
3126 7 6 5 2
3127 7 6 5 3
3128 7 6 5 4
3129 7 6 5 5
3130 7 6 6 -6
3131 7 6 6 -5
3132 7 6 6 -4
3133 7 6 6 -3
3134 7 6 6 -2
3135 7 6 6 -1
3136 7 6 6 0
3137 7 6 6 1
3138 7 6 6 2
3139 7 6 6 3
3140 7 6 6 4
3141 7 6 6 5
3142 7 6 6 6
3143 7 6 7 -7
3144 7 6 7 -6
3145 7 6 7 -5
3146 7 6 7 -4
3147 7 6 7 -3
3148 7 6 7 -2
3149 7 6 7 -1
3150 7 6 7 0
3151 7 6 7 1
3152 7 6 7 2
3153 7 6 7 3
3154 7 6 7 4
3155 7 6 7 5
3156 7 6 7 6
3157 7 6 7 7
3158 7 6 8 -8
3159 7 6 8 -7
3160 7 6 8 -6
3161 7 6 8 -5
3162 7 6 8 -4
3163 7 6 8 -3
3164 7 6 8 -2
3165 7 6 8 -1
3166 7 6 8 0
3167 7 6 8 1
3168 7 6 8 2
3169 7 6 8 3
3170 7 6 8 4
3171 7 6 8 5
3172 7 6 8 6
3173 7 6 8 7
3174 7 6 8 8
3175 7 7 0 0
3176 7 7 1 -1
3177 7 7 1 0
3178 7 7 1 1
3179 7 7 2 -2
3180 7 7 2 -1
3181 7 7 2 0
3182 7 7 2 1
3183 7 7 2 2
3184 7 7 3 -3
3185 7 7 3 -2
3186 7 7 3 -1
3187 7 7 3 0
3188 7 7 3 1
3189 7 7 3 2
3190 7 7 3 3
3191 7 7 4 -4
3192 7 7 4 -3
3193 7 7 4 -2
3194 7 7 4 -1
3195 7 7 4 0
3196 7 7 4 1
3197 7 7 4 2
3198 7 7 4 3
3199 7 7 4 4
3200 7 7 5 -5
3201 7 7 5 -4
3202 7 7 5 -3
3203 7 7 5 -2
3204 7 7 5 -1
3205 7 7 5 0
3206 7 7 5 1
3207 7 7 5 2
3208 7 7 5 3
3209 7 7 5 4
3210 7 7 5 5
3211 7 7 6 -6
3212 7 7 6 -5
3213 7 7 6 -4
3214 7 7 6 -3
3215 7 7 6 -2
3216 7 7 6 -1
3217 7 7 6 0
3218 7 7 6 1
3219 7 7 6 2
3220 7 7 6 3
3221 7 7 6 4
3222 7 7 6 5
3223 7 7 6 6
3224 7 7 7 -7
3225 7 7 7 -6
3226 7 7 7 -5
3227 7 7 7 -4
3228 7 7 7 -3
3229 7 7 7 -2
3230 7 7 7 -1
3231 7 7 7 0
3232 7 7 7 1
3233 7 7 7 2
3234 7 7 7 3
3235 7 7 7 4
3236 7 7 7 5
3237 7 7 7 6
3238 7 7 7 7
3239 7 7 8 -8
3240 7 7 8 -7
3241 7 7 8 -6
3242 7 7 8 -5
3243 7 7 8 -4
3244 7 7 8 -3
3245 7 7 8 -2
3246 7 7 8 -1
3247 7 7 8 0
3248 7 7 8 1
3249 7 7 8 2
3250 7 7 8 3
3251 7 7 8 4
3252 7 7 8 5
3253 7 7 8 6
3254 7 7 8 7
3255 7 7 8 8
3256 7 8 1 -1
3257 7 8 1 0
3258 7 8 1 1
3259 7 8 2 -2
3260 7 8 2 -1
3261 7 8 2 0
3262 7 8 2 1
3263 7 8 2 2
3264 7 8 3 -3
3265 7 8 3 -2
3266 7 8 3 -1
3267 7 8 3 0
3268 7 8 3 1
3269 7 8 3 2
3270 7 8 3 3
3271 7 8 4 -4
3272 7 8 4 -3
3273 7 8 4 -2
3274 7 8 4 -1
3275 7 8 4 0
3276 7 8 4 1
3277 7 8 4 2
3278 7 8 4 3
3279 7 8 4 4
3280 7 8 5 -5
3281 7 8 5 -4
3282 7 8 5 -3
3283 7 8 5 -2
3284 7 8 5 -1
3285 7 8 5 0
3286 7 8 5 1
3287 7 8 5 2
3288 7 8 5 3
3289 7 8 5 4
3290 7 8 5 5
3291 7 8 6 -6
3292 7 8 6 -5
3293 7 8 6 -4
3294 7 8 6 -3
3295 7 8 6 -2
3296 7 8 6 -1
3297 7 8 6 0
3298 7 8 6 1
3299 7 8 6 2
3300 7 8 6 3
3301 7 8 6 4
3302 7 8 6 5
3303 7 8 6 6
3304 7 8 7 -7
3305 7 8 7 -6
3306 7 8 7 -5
3307 7 8 7 -4
3308 7 8 7 -3
3309 7 8 7 -2
3310 7 8 7 -1
3311 7 8 7 0
3312 7 8 7 1
3313 7 8 7 2
3314 7 8 7 3
3315 7 8 7 4
3316 7 8 7 5
3317 7 8 7 6
3318 7 8 7 7
3319 7 8 8 -8
3320 7 8 8 -7
3321 7 8 8 -6
3322 7 8 8 -5
3323 7 8 8 -4
3324 7 8 8 -3
3325 7 8 8 -2
3326 7 8 8 -1
3327 7 8 8 0
3328 7 8 8 1
3329 7 8 8 2
3330 7 8 8 3
3331 7 8 8 4
3332 7 8 8 5
3333 7 8 8 6
3334 7 8 8 7
3335 7 8 8 8
3336 8 0 8 -8
3337 8 0 8 -7
3338 8 0 8 -6
3339 8 0 8 -5
3340 8 0 8 -4
3341 8 0 8 -3
3342 8 0 8 -2
3343 8 0 8 -1
3344 8 0 8 0
3345 8 0 8 1
3346 8 0 8 2
3347 8 0 8 3
3348 8 0 8 4
3349 8 0 8 5
3350 8 0 8 6
3351 8 0 8 7
3352 8 0 8 8
3353 8 1 7 -7
3354 8 1 7 -6
3355 8 1 7 -5
3356 8 1 7 -4
3357 8 1 7 -3
3358 8 1 7 -2
3359 8 1 7 -1
3360 8 1 7 0
3361 8 1 7 1
3362 8 1 7 2
3363 8 1 7 3
3364 8 1 7 4
3365 8 1 7 5
3366 8 1 7 6
3367 8 1 7 7
3368 8 1 8 -8
3369 8 1 8 -7
3370 8 1 8 -6
3371 8 1 8 -5
3372 8 1 8 -4
3373 8 1 8 -3
3374 8 1 8 -2
3375 8 1 8 -1
3376 8 1 8 0
3377 8 1 8 1
3378 8 1 8 2
3379 8 1 8 3
3380 8 1 8 4
3381 8 1 8 5
3382 8 1 8 6
3383 8 1 8 7
3384 8 1 8 8
3385 8 2 6 -6
3386 8 2 6 -5
3387 8 2 6 -4
3388 8 2 6 -3
3389 8 2 6 -2
3390 8 2 6 -1
3391 8 2 6 0
3392 8 2 6 1
3393 8 2 6 2
3394 8 2 6 3
3395 8 2 6 4
3396 8 2 6 5
3397 8 2 6 6
3398 8 2 7 -7
3399 8 2 7 -6
3400 8 2 7 -5
3401 8 2 7 -4
3402 8 2 7 -3
3403 8 2 7 -2
3404 8 2 7 -1
3405 8 2 7 0
3406 8 2 7 1
3407 8 2 7 2
3408 8 2 7 3
3409 8 2 7 4
3410 8 2 7 5
3411 8 2 7 6
3412 8 2 7 7
3413 8 2 8 -8
3414 8 2 8 -7
3415 8 2 8 -6
3416 8 2 8 -5
3417 8 2 8 -4
3418 8 2 8 -3
3419 8 2 8 -2
3420 8 2 8 -1
3421 8 2 8 0
3422 8 2 8 1
3423 8 2 8 2
3424 8 2 8 3
3425 8 2 8 4
3426 8 2 8 5
3427 8 2 8 6
3428 8 2 8 7
3429 8 2 8 8
3430 8 3 5 -5
3431 8 3 5 -4
3432 8 3 5 -3
3433 8 3 5 -2
3434 8 3 5 -1
3435 8 3 5 0
3436 8 3 5 1
3437 8 3 5 2
3438 8 3 5 3
3439 8 3 5 4
3440 8 3 5 5
3441 8 3 6 -6
3442 8 3 6 -5
3443 8 3 6 -4
3444 8 3 6 -3
3445 8 3 6 -2
3446 8 3 6 -1
3447 8 3 6 0
3448 8 3 6 1
3449 8 3 6 2
3450 8 3 6 3
3451 8 3 6 4
3452 8 3 6 5
3453 8 3 6 6
3454 8 3 7 -7
3455 8 3 7 -6
3456 8 3 7 -5
3457 8 3 7 -4
3458 8 3 7 -3
3459 8 3 7 -2
3460 8 3 7 -1
3461 8 3 7 0
3462 8 3 7 1
3463 8 3 7 2
3464 8 3 7 3
3465 8 3 7 4
3466 8 3 7 5
3467 8 3 7 6
3468 8 3 7 7
3469 8 3 8 -8
3470 8 3 8 -7
3471 8 3 8 -6
3472 8 3 8 -5
3473 8 3 8 -4
3474 8 3 8 -3
3475 8 3 8 -2
3476 8 3 8 -1
3477 8 3 8 0
3478 8 3 8 1
3479 8 3 8 2
3480 8 3 8 3
3481 8 3 8 4
3482 8 3 8 5
3483 8 3 8 6
3484 8 3 8 7
3485 8 3 8 8
3486 8 4 4 -4
3487 8 4 4 -3
3488 8 4 4 -2
3489 8 4 4 -1
3490 8 4 4 0
3491 8 4 4 1
3492 8 4 4 2
3493 8 4 4 3
3494 8 4 4 4
3495 8 4 5 -5
3496 8 4 5 -4
3497 8 4 5 -3
3498 8 4 5 -2
3499 8 4 5 -1
3500 8 4 5 0
3501 8 4 5 1
3502 8 4 5 2
3503 8 4 5 3
3504 8 4 5 4
3505 8 4 5 5
3506 8 4 6 -6
3507 8 4 6 -5
3508 8 4 6 -4
3509 8 4 6 -3
3510 8 4 6 -2
3511 8 4 6 -1
3512 8 4 6 0
3513 8 4 6 1
3514 8 4 6 2
3515 8 4 6 3
3516 8 4 6 4
3517 8 4 6 5
3518 8 4 6 6
3519 8 4 7 -7
3520 8 4 7 -6
3521 8 4 7 -5
3522 8 4 7 -4
3523 8 4 7 -3
3524 8 4 7 -2
3525 8 4 7 -1
3526 8 4 7 0
3527 8 4 7 1
3528 8 4 7 2
3529 8 4 7 3
3530 8 4 7 4
3531 8 4 7 5
3532 8 4 7 6
3533 8 4 7 7
3534 8 4 8 -8
3535 8 4 8 -7
3536 8 4 8 -6
3537 8 4 8 -5
3538 8 4 8 -4
3539 8 4 8 -3
3540 8 4 8 -2
3541 8 4 8 -1
3542 8 4 8 0
3543 8 4 8 1
3544 8 4 8 2
3545 8 4 8 3
3546 8 4 8 4
3547 8 4 8 5
3548 8 4 8 6
3549 8 4 8 7
3550 8 4 8 8
3551 8 5 3 -3
3552 8 5 3 -2
3553 8 5 3 -1
3554 8 5 3 0
3555 8 5 3 1
3556 8 5 3 2
3557 8 5 3 3
3558 8 5 4 -4
3559 8 5 4 -3
3560 8 5 4 -2
3561 8 5 4 -1
3562 8 5 4 0
3563 8 5 4 1
3564 8 5 4 2
3565 8 5 4 3
3566 8 5 4 4
3567 8 5 5 -5
3568 8 5 5 -4
3569 8 5 5 -3
3570 8 5 5 -2
3571 8 5 5 -1
3572 8 5 5 0
3573 8 5 5 1
3574 8 5 5 2
3575 8 5 5 3
3576 8 5 5 4
3577 8 5 5 5
3578 8 5 6 -6
3579 8 5 6 -5
3580 8 5 6 -4
3581 8 5 6 -3
3582 8 5 6 -2
3583 8 5 6 -1
3584 8 5 6 0
3585 8 5 6 1
3586 8 5 6 2
3587 8 5 6 3
3588 8 5 6 4
3589 8 5 6 5
3590 8 5 6 6
3591 8 5 7 -7
3592 8 5 7 -6
3593 8 5 7 -5
3594 8 5 7 -4
3595 8 5 7 -3
3596 8 5 7 -2
3597 8 5 7 -1
3598 8 5 7 0
3599 8 5 7 1
3600 8 5 7 2
3601 8 5 7 3
3602 8 5 7 4
3603 8 5 7 5
3604 8 5 7 6
3605 8 5 7 7
3606 8 5 8 -8
3607 8 5 8 -7
3608 8 5 8 -6
3609 8 5 8 -5
3610 8 5 8 -4
3611 8 5 8 -3
3612 8 5 8 -2
3613 8 5 8 -1
3614 8 5 8 0
3615 8 5 8 1
3616 8 5 8 2
3617 8 5 8 3
3618 8 5 8 4
3619 8 5 8 5
3620 8 5 8 6
3621 8 5 8 7
3622 8 5 8 8
3623 8 6 2 -2
3624 8 6 2 -1
3625 8 6 2 0
3626 8 6 2 1
3627 8 6 2 2
3628 8 6 3 -3
3629 8 6 3 -2
3630 8 6 3 -1
3631 8 6 3 0
3632 8 6 3 1
3633 8 6 3 2
3634 8 6 3 3
3635 8 6 4 -4
3636 8 6 4 -3
3637 8 6 4 -2
3638 8 6 4 -1
3639 8 6 4 0
3640 8 6 4 1
3641 8 6 4 2
3642 8 6 4 3
3643 8 6 4 4
3644 8 6 5 -5
3645 8 6 5 -4
3646 8 6 5 -3
3647 8 6 5 -2
3648 8 6 5 -1
3649 8 6 5 0
3650 8 6 5 1
3651 8 6 5 2
3652 8 6 5 3
3653 8 6 5 4
3654 8 6 5 5
3655 8 6 6 -6
3656 8 6 6 -5
3657 8 6 6 -4
3658 8 6 6 -3
3659 8 6 6 -2
3660 8 6 6 -1
3661 8 6 6 0
3662 8 6 6 1
3663 8 6 6 2
3664 8 6 6 3
3665 8 6 6 4
3666 8 6 6 5
3667 8 6 6 6
3668 8 6 7 -7
3669 8 6 7 -6
3670 8 6 7 -5
3671 8 6 7 -4
3672 8 6 7 -3
3673 8 6 7 -2
3674 8 6 7 -1
3675 8 6 7 0
3676 8 6 7 1
3677 8 6 7 2
3678 8 6 7 3
3679 8 6 7 4
3680 8 6 7 5
3681 8 6 7 6
3682 8 6 7 7
3683 8 6 8 -8
3684 8 6 8 -7
3685 8 6 8 -6
3686 8 6 8 -5
3687 8 6 8 -4
3688 8 6 8 -3
3689 8 6 8 -2
3690 8 6 8 -1
3691 8 6 8 0
3692 8 6 8 1
3693 8 6 8 2
3694 8 6 8 3
3695 8 6 8 4
3696 8 6 8 5
3697 8 6 8 6
3698 8 6 8 7
3699 8 6 8 8
3700 8 7 1 -1
3701 8 7 1 0
3702 8 7 1 1
3703 8 7 2 -2
3704 8 7 2 -1
3705 8 7 2 0
3706 8 7 2 1
3707 8 7 2 2
3708 8 7 3 -3
3709 8 7 3 -2
3710 8 7 3 -1
3711 8 7 3 0
3712 8 7 3 1
3713 8 7 3 2
3714 8 7 3 3
3715 8 7 4 -4
3716 8 7 4 -3
3717 8 7 4 -2
3718 8 7 4 -1
3719 8 7 4 0
3720 8 7 4 1
3721 8 7 4 2
3722 8 7 4 3
3723 8 7 4 4
3724 8 7 5 -5
3725 8 7 5 -4
3726 8 7 5 -3
3727 8 7 5 -2
3728 8 7 5 -1
3729 8 7 5 0
3730 8 7 5 1
3731 8 7 5 2
3732 8 7 5 3
3733 8 7 5 4
3734 8 7 5 5
3735 8 7 6 -6
3736 8 7 6 -5
3737 8 7 6 -4
3738 8 7 6 -3
3739 8 7 6 -2
3740 8 7 6 -1
3741 8 7 6 0
3742 8 7 6 1
3743 8 7 6 2
3744 8 7 6 3
3745 8 7 6 4
3746 8 7 6 5
3747 8 7 6 6
3748 8 7 7 -7
3749 8 7 7 -6
3750 8 7 7 -5
3751 8 7 7 -4
3752 8 7 7 -3
3753 8 7 7 -2
3754 8 7 7 -1
3755 8 7 7 0
3756 8 7 7 1
3757 8 7 7 2
3758 8 7 7 3
3759 8 7 7 4
3760 8 7 7 5
3761 8 7 7 6
3762 8 7 7 7
3763 8 7 8 -8
3764 8 7 8 -7
3765 8 7 8 -6
3766 8 7 8 -5
3767 8 7 8 -4
3768 8 7 8 -3
3769 8 7 8 -2
3770 8 7 8 -1
3771 8 7 8 0
3772 8 7 8 1
3773 8 7 8 2
3774 8 7 8 3
3775 8 7 8 4
3776 8 7 8 5
3777 8 7 8 6
3778 8 7 8 7
3779 8 7 8 8
3780 8 8 0 0
3781 8 8 1 -1
3782 8 8 1 0
3783 8 8 1 1
3784 8 8 2 -2
3785 8 8 2 -1
3786 8 8 2 0
3787 8 8 2 1
3788 8 8 2 2
3789 8 8 3 -3
3790 8 8 3 -2
3791 8 8 3 -1
3792 8 8 3 0
3793 8 8 3 1
3794 8 8 3 2
3795 8 8 3 3
3796 8 8 4 -4
3797 8 8 4 -3
3798 8 8 4 -2
3799 8 8 4 -1
3800 8 8 4 0
3801 8 8 4 1
3802 8 8 4 2
3803 8 8 4 3
3804 8 8 4 4
3805 8 8 5 -5
3806 8 8 5 -4
3807 8 8 5 -3
3808 8 8 5 -2
3809 8 8 5 -1
3810 8 8 5 0
3811 8 8 5 1
3812 8 8 5 2
3813 8 8 5 3
3814 8 8 5 4
3815 8 8 5 5
3816 8 8 6 -6
3817 8 8 6 -5
3818 8 8 6 -4
3819 8 8 6 -3
3820 8 8 6 -2
3821 8 8 6 -1
3822 8 8 6 0
3823 8 8 6 1
3824 8 8 6 2
3825 8 8 6 3
3826 8 8 6 4
3827 8 8 6 5
3828 8 8 6 6
3829 8 8 7 -7
3830 8 8 7 -6
3831 8 8 7 -5
3832 8 8 7 -4
3833 8 8 7 -3
3834 8 8 7 -2
3835 8 8 7 -1
3836 8 8 7 0
3837 8 8 7 1
3838 8 8 7 2
3839 8 8 7 3
3840 8 8 7 4
3841 8 8 7 5
3842 8 8 7 6
3843 8 8 7 7
3844 8 8 8 -8
3845 8 8 8 -7
3846 8 8 8 -6
3847 8 8 8 -5
3848 8 8 8 -4
3849 8 8 8 -3
3850 8 8 8 -2
3851 8 8 8 -1
3852 8 8 8 0
3853 8 8 8 1
3854 8 8 8 2
3855 8 8 8 3
3856 8 8 8 4
3857 8 8 8 5
3858 8 8 8 6
3859 8 8 8 7
3860 8 8 8 8
