1 0 1 1 -1
2 0 1 1 0
3 0 1 1 1
4 0 2 2 -2
5 0 2 2 -1
6 0 2 2 0
7 0 2 2 1
8 0 2 2 2
9 0 3 3 -3
10 0 3 3 -2
11 0 3 3 -1
12 0 3 3 0
13 0 3 3 1
14 0 3 3 2
15 0 3 3 3
16 1 0 1 -1
17 1 0 1 0
18 1 0 1 1
19 1 1 0 0
20 1 1 1 -1
21 1 1 1 0
22 1 1 1 1
23 1 1 2 -2
24 1 1 2 -1
25 1 1 2 0
26 1 1 2 1
27 1 1 2 2
28 1 2 1 -1
29 1 2 1 0
30 1 2 1 1
31 1 2 2 -2
32 1 2 2 -1
33 1 2 2 0
34 1 2 2 1
35 1 2 2 2
36 1 2 3 -3
37 1 2 3 -2
38 1 2 3 -1
39 1 2 3 0
40 1 2 3 1
41 1 2 3 2
42 1 2 3 3
43 1 3 2 -2
44 1 3 2 -1
45 1 3 2 0
46 1 3 2 1
47 1 3 2 2
48 1 3 3 -3
49 1 3 3 -2
50 1 3 3 -1
51 1 3 3 0
52 1 3 3 1
53 1 3 3 2
54 1 3 3 3
55 2 0 2 -2
56 2 0 2 -1
57 2 0 2 0
58 2 0 2 1
59 2 0 2 2
60 2 1 1 -1
61 2 1 1 0
62 2 1 1 1
63 2 1 2 -2
64 2 1 2 -1
65 2 1 2 0
66 2 1 2 1
67 2 1 2 2
68 2 1 3 -3
69 2 1 3 -2
70 2 1 3 -1
71 2 1 3 0
72 2 1 3 1
73 2 1 3 2
74 2 1 3 3
75 2 2 0 0
76 2 2 1 -1
77 2 2 1 0
78 2 2 1 1
79 2 2 2 -2
80 2 2 2 -1
81 2 2 2 0
82 2 2 2 1
83 2 2 2 2
84 2 2 3 -3
85 2 2 3 -2
86 2 2 3 -1
87 2 2 3 0
88 2 2 3 1
89 2 2 3 2
90 2 2 3 3
91 2 3 1 -1
92 2 3 1 0
93 2 3 1 1
94 2 3 2 -2
95 2 3 2 -1
96 2 3 2 0
97 2 3 2 1
98 2 3 2 2
99 2 3 3 -3
100 2 3 3 -2
101 2 3 3 -1
102 2 3 3 0
103 2 3 3 1
104 2 3 3 2
105 2 3 3 3
106 3 0 3 -3
107 3 0 3 -2
108 3 0 3 -1
109 3 0 3 0
110 3 0 3 1
111 3 0 3 2
112 3 0 3 3
113 3 1 2 -2
114 3 1 2 -1
115 3 1 2 0
116 3 1 2 1
117 3 1 2 2
118 3 1 3 -3
119 3 1 3 -2
120 3 1 3 -1
121 3 1 3 0
122 3 1 3 1
123 3 1 3 2
124 3 1 3 3
125 3 2 1 -1
126 3 2 1 0
127 3 2 1 1
128 3 2 2 -2
129 3 2 2 -1
130 3 2 2 0
131 3 2 2 1
132 3 2 2 2
133 3 2 3 -3
134 3 2 3 -2
135 3 2 3 -1
136 3 2 3 0
137 3 2 3 1
138 3 2 3 2
139 3 2 3 3
140 3 3 0 0
141 3 3 1 -1
142 3 3 1 0
143 3 3 1 1
144 3 3 2 -2
145 3 3 2 -1
146 3 3 2 0
147 3 3 2 1
148 3 3 2 2
149 3 3 3 -3
150 3 3 3 -2
151 3 3 3 -1
152 3 3 3 0
153 3 3 3 1
154 3 3 3 2
155 3 3 3 3
