1 1 1.00000000000000000000000000000000000000000000000e+00
2 2 1.00000000000000000000000000000000000000000000000e+00
3 3 1.00000000000000000000000000000000000000000000000e+00
4 4 3.00000000000000000000000000000000000000000000000e+00
5 5 3.00000000000000000000000000000000000000000000000e+00
6 6 3.00000000000000000000000000000000000000000000000e+00
7 7 3.00000000000000000000000000000000000000000000000e+00
8 8 3.00000000000000000000000000000000000000000000000e+00
9 9 6.00000000000000000000000000000000000000000000000e+00
10 10 6.00000000000000000000000000000000000000000000000e+00
11 11 6.00000000000000000000000000000000000000000000000e+00
12 12 6.00000000000000000000000000000000000000000000000e+00
13 13 6.00000000000000000000000000000000000000000000000e+00
14 14 6.00000000000000000000000000000000000000000000000e+00
15 15 6.00000000000000000000000000000000000000000000000e+00
16 16 1.00000000000000000000000000000000000000000000000e+00
17 17 1.00000000000000000000000000000000000000000000000e+00
18 18 1.00000000000000000000000000000000000000000000000e+00
20 20 1.00000000000000000000000000000000000000000000000e+00
21 21 1.00000000000000000000000000000000000000000000000e+00
22 22 1.00000000000000000000000000000000000000000000000e+00
23 23 3.00000000000000000000000000000000000000000000000e+00
24 24 3.00000000000000000000000000000000000000000000000e+00
25 25 3.00000000000000000000000000000000000000000000000e+00
26 26 3.00000000000000000000000000000000000000000000000e+00
27 27 3.00000000000000000000000000000000000000000000000e+00
28 28 1.00000000000000000000000000000000000000000000000e+00
29 29 1.00000000000000000000000000000000000000000000000e+00
30 30 1.00000000000000000000000000000000000000000000000e+00
31 31 3.00000000000000000000000000000000000000000000000e+00
32 32 3.00000000000000000000000000000000000000000000000e+00
33 33 3.00000000000000000000000000000000000000000000000e+00
34 34 3.00000000000000000000000000000000000000000000000e+00
35 35 3.00000000000000000000000000000000000000000000000e+00
36 36 6.00000000000000000000000000000000000000000000000e+00
37 37 6.00000000000000000000000000000000000000000000000e+00
38 38 6.00000000000000000000000000000000000000000000000e+00
39 39 6.00000000000000000000000000000000000000000000000e+00
40 40 6.00000000000000000000000000000000000000000000000e+00
41 41 6.00000000000000000000000000000000000000000000000e+00
42 42 6.00000000000000000000000000000000000000000000000e+00
43 43 3.00000000000000000000000000000000000000000000000e+00
44 44 3.00000000000000000000000000000000000000000000000e+00
45 45 3.00000000000000000000000000000000000000000000000e+00
46 46 3.00000000000000000000000000000000000000000000000e+00
47 47 3.00000000000000000000000000000000000000000000000e+00
48 48 6.00000000000000000000000000000000000000000000000e+00
49 49 6.00000000000000000000000000000000000000000000000e+00
50 50 6.00000000000000000000000000000000000000000000000e+00
51 51 6.00000000000000000000000000000000000000000000000e+00
52 52 6.00000000000000000000000000000000000000000000000e+00
53 53 6.00000000000000000000000000000000000000000000000e+00
54 54 6.00000000000000000000000000000000000000000000000e+00
55 55 3.00000000000000000000000000000000000000000000000e+00
56 56 3.00000000000000000000000000000000000000000000000e+00
57 57 3.00000000000000000000000000000000000000000000000e+00
58 58 3.00000000000000000000000000000000000000000000000e+00
59 59 3.00000000000000000000000000000000000000000000000e+00
60 60 1.00000000000000000000000000000000000000000000000e+00
61 61 1.00000000000000000000000000000000000000000000000e+00
62 62 1.00000000000000000000000000000000000000000000000e+00
63 63 3.00000000000000000000000000000000000000000000000e+00
64 64 3.00000000000000000000000000000000000000000000000e+00
65 65 3.00000000000000000000000000000000000000000000000e+00
66 66 3.00000000000000000000000000000000000000000000000e+00
67 67 3.00000000000000000000000000000000000000000000000e+00
68 68 6.00000000000000000000000000000000000000000000000e+00
69 69 6.00000000000000000000000000000000000000000000000e+00
70 70 6.00000000000000000000000000000000000000000000000e+00
71 71 6.00000000000000000000000000000000000000000000000e+00
72 72 6.00000000000000000000000000000000000000000000000e+00
73 73 6.00000000000000000000000000000000000000000000000e+00
74 74 6.00000000000000000000000000000000000000000000000e+00
76 76 1.00000000000000000000000000000000000000000000000e+00
77 77 1.00000000000000000000000000000000000000000000000e+00
78 78 1.00000000000000000000000000000000000000000000000e+00
79 79 3.00000000000000000000000000000000000000000000000e+00
80 80 3.00000000000000000000000000000000000000000000000e+00
81 81 3.00000000000000000000000000000000000000000000000e+00
82 82 3.00000000000000000000000000000000000000000000000e+00
83 83 3.00000000000000000000000000000000000000000000000e+00
84 84 6.00000000000000000000000000000000000000000000000e+00
85 85 6.00000000000000000000000000000000000000000000000e+00
86 86 6.00000000000000000000000000000000000000000000000e+00
87 87 6.00000000000000000000000000000000000000000000000e+00
88 88 6.00000000000000000000000000000000000000000000000e+00
89 89 6.00000000000000000000000000000000000000000000000e+00
90 90 6.00000000000000000000000000000000000000000000000e+00
91 91 1.00000000000000000000000000000000000000000000000e+00
92 92 1.00000000000000000000000000000000000000000000000e+00
93 93 1.00000000000000000000000000000000000000000000000e+00
94 94 3.00000000000000000000000000000000000000000000000e+00
95 95 3.00000000000000000000000000000000000000000000000e+00
96 96 3.00000000000000000000000000000000000000000000000e+00
97 97 3.00000000000000000000000000000000000000000000000e+00
98 98 3.00000000000000000000000000000000000000000000000e+00
99 99 6.00000000000000000000000000000000000000000000000e+00
100 100 6.00000000000000000000000000000000000000000000000e+00
101 101 6.00000000000000000000000000000000000000000000000e+00
102 102 6.00000000000000000000000000000000000000000000000e+00
103 103 6.00000000000000000000000000000000000000000000000e+00
104 104 6.00000000000000000000000000000000000000000000000e+00
105 105 6.00000000000000000000000000000000000000000000000e+00
106 106 6.00000000000000000000000000000000000000000000000e+00
107 107 6.00000000000000000000000000000000000000000000000e+00
108 108 6.00000000000000000000000000000000000000000000000e+00
109 109 6.00000000000000000000000000000000000000000000000e+00
110 110 6.00000000000000000000000000000000000000000000000e+00
111 111 6.00000000000000000000000000000000000000000000000e+00
112 112 6.00000000000000000000000000000000000000000000000e+00
113 113 3.00000000000000000000000000000000000000000000000e+00
114 114 3.00000000000000000000000000000000000000000000000e+00
115 115 3.00000000000000000000000000000000000000000000000e+00
116 116 3.00000000000000000000000000000000000000000000000e+00
117 117 3.00000000000000000000000000000000000000000000000e+00
118 118 6.00000000000000000000000000000000000000000000000e+00
119 119 6.00000000000000000000000000000000000000000000000e+00
120 120 6.00000000000000000000000000000000000000000000000e+00
121 121 6.00000000000000000000000000000000000000000000000e+00
122 122 6.00000000000000000000000000000000000000000000000e+00
123 123 6.00000000000000000000000000000000000000000000000e+00
124 124 6.00000000000000000000000000000000000000000000000e+00
125 125 1.00000000000000000000000000000000000000000000000e+00
126 126 1.00000000000000000000000000000000000000000000000e+00
127 127 1.00000000000000000000000000000000000000000000000e+00
128 128 3.00000000000000000000000000000000000000000000000e+00
129 129 3.00000000000000000000000000000000000000000000000e+00
130 130 3.00000000000000000000000000000000000000000000000e+00
131 131 3.00000000000000000000000000000000000000000000000e+00
132 132 3.00000000000000000000000000000000000000000000000e+00
133 133 6.00000000000000000000000000000000000000000000000e+00
134 134 6.00000000000000000000000000000000000000000000000e+00
135 135 6.00000000000000000000000000000000000000000000000e+00
136 136 6.00000000000000000000000000000000000000000000000e+00
137 137 6.00000000000000000000000000000000000000000000000e+00
138 138 6.00000000000000000000000000000000000000000000000e+00
139 139 6.00000000000000000000000000000000000000000000000e+00
141 141 1.00000000000000000000000000000000000000000000000e+00
142 142 1.00000000000000000000000000000000000000000000000e+00
143 143 1.00000000000000000000000000000000000000000000000e+00
144 144 3.00000000000000000000000000000000000000000000000e+00
145 145 3.00000000000000000000000000000000000000000000000e+00
146 146 3.00000000000000000000000000000000000000000000000e+00
147 147 3.00000000000000000000000000000000000000000000000e+00
148 148 3.00000000000000000000000000000000000000000000000e+00
149 149 6.00000000000000000000000000000000000000000000000e+00
150 150 6.00000000000000000000000000000000000000000000000e+00
151 151 6.00000000000000000000000000000000000000000000000e+00
152 152 6.00000000000000000000000000000000000000000000000e+00
153 153 6.00000000000000000000000000000000000000000000000e+00
154 154 6.00000000000000000000000000000000000000000000000e+00
155 155 6.00000000000000000000000000000000000000000000000e+00
