1 1 1.00000000000000000000000000000000000000000000000e+00
2 2 1.00000000000000000000000000000000000000000000000e+00
3 3 1.00000000000000000000000000000000000000000000000e+00
4 4 3.00000000000000000000000000000000000000000000000e+00
5 5 3.00000000000000000000000000000000000000000000000e+00
6 6 3.00000000000000000000000000000000000000000000000e+00
7 7 3.00000000000000000000000000000000000000000000000e+00
8 8 3.00000000000000000000000000000000000000000000000e+00
9 9 6.00000000000000000000000000000000000000000000000e+00
10 10 6.00000000000000000000000000000000000000000000000e+00
11 11 6.00000000000000000000000000000000000000000000000e+00
12 12 6.00000000000000000000000000000000000000000000000e+00
13 13 6.00000000000000000000000000000000000000000000000e+00
14 14 6.00000000000000000000000000000000000000000000000e+00
15 15 6.00000000000000000000000000000000000000000000000e+00
19 19 1.00000000000000000000000000000000000000000000000e+00
20 20 1.00000000000000000000000000000000000000000000000e+00
21 21 1.00000000000000000000000000000000000000000000000e+00
22 22 1.00000000000000000000000000000000000000000000000e+00
23 23 1.00000000000000000000000000000000000000000000000e+00
24 24 1.00000000000000000000000000000000000000000000000e+00
25 25 1.00000000000000000000000000000000000000000000000e+00
26 26 1.00000000000000000000000000000000000000000000000e+00
27 27 1.00000000000000000000000000000000000000000000000e+00
28 28 3.00000000000000000000000000000000000000000000000e+00
29 29 3.00000000000000000000000000000000000000000000000e+00
30 30 3.00000000000000000000000000000000000000000000000e+00
31 31 3.00000000000000000000000000000000000000000000000e+00
32 32 3.00000000000000000000000000000000000000000000000e+00
33 33 3.00000000000000000000000000000000000000000000000e+00
34 34 3.00000000000000000000000000000000000000000000000e+00
35 35 3.00000000000000000000000000000000000000000000000e+00
36 36 3.00000000000000000000000000000000000000000000000e+00
37 37 3.00000000000000000000000000000000000000000000000e+00
38 38 3.00000000000000000000000000000000000000000000000e+00
39 39 3.00000000000000000000000000000000000000000000000e+00
40 40 3.00000000000000000000000000000000000000000000000e+00
41 41 3.00000000000000000000000000000000000000000000000e+00
42 42 3.00000000000000000000000000000000000000000000000e+00
43 43 6.00000000000000000000000000000000000000000000000e+00
44 44 6.00000000000000000000000000000000000000000000000e+00
45 45 6.00000000000000000000000000000000000000000000000e+00
46 46 6.00000000000000000000000000000000000000000000000e+00
47 47 6.00000000000000000000000000000000000000000000000e+00
48 48 6.00000000000000000000000000000000000000000000000e+00
49 49 6.00000000000000000000000000000000000000000000000e+00
50 50 6.00000000000000000000000000000000000000000000000e+00
51 51 6.00000000000000000000000000000000000000000000000e+00
52 52 6.00000000000000000000000000000000000000000000000e+00
53 53 6.00000000000000000000000000000000000000000000000e+00
54 54 6.00000000000000000000000000000000000000000000000e+00
60 60 1.00000000000000000000000000000000000000000000000e+00
61 61 1.00000000000000000000000000000000000000000000000e+00
62 62 1.00000000000000000000000000000000000000000000000e+00
63 63 1.00000000000000000000000000000000000000000000000e+00
64 64 1.00000000000000000000000000000000000000000000000e+00
65 65 1.00000000000000000000000000000000000000000000000e+00
66 66 1.00000000000000000000000000000000000000000000000e+00
67 67 1.00000000000000000000000000000000000000000000000e+00
68 68 1.00000000000000000000000000000000000000000000000e+00
69 69 1.00000000000000000000000000000000000000000000000e+00
70 70 1.00000000000000000000000000000000000000000000000e+00
71 71 1.00000000000000000000000000000000000000000000000e+00
72 72 1.00000000000000000000000000000000000000000000000e+00
73 73 1.00000000000000000000000000000000000000000000000e+00
74 74 1.00000000000000000000000000000000000000000000000e+00
75 75 3.00000000000000000000000000000000000000000000000e+00
76 76 3.00000000000000000000000000000000000000000000000e+00
77 77 3.00000000000000000000000000000000000000000000000e+00
78 78 3.00000000000000000000000000000000000000000000000e+00
79 79 3.00000000000000000000000000000000000000000000000e+00
80 80 3.00000000000000000000000000000000000000000000000e+00
81 81 3.00000000000000000000000000000000000000000000000e+00
82 82 3.00000000000000000000000000000000000000000000000e+00
83 83 3.00000000000000000000000000000000000000000000000e+00
84 84 3.00000000000000000000000000000000000000000000000e+00
85 85 3.00000000000000000000000000000000000000000000000e+00
86 86 3.00000000000000000000000000000000000000000000000e+00
87 87 3.00000000000000000000000000000000000000000000000e+00
88 88 3.00000000000000000000000000000000000000000000000e+00
89 89 3.00000000000000000000000000000000000000000000000e+00
90 90 3.00000000000000000000000000000000000000000000000e+00
91 91 6.00000000000000000000000000000000000000000000000e+00
92 92 6.00000000000000000000000000000000000000000000000e+00
93 93 6.00000000000000000000000000000000000000000000000e+00
94 94 6.00000000000000000000000000000000000000000000000e+00
95 95 6.00000000000000000000000000000000000000000000000e+00
96 96 6.00000000000000000000000000000000000000000000000e+00
97 97 6.00000000000000000000000000000000000000000000000e+00
98 98 6.00000000000000000000000000000000000000000000000e+00
99 99 6.00000000000000000000000000000000000000000000000e+00
100 100 6.00000000000000000000000000000000000000000000000e+00
101 101 6.00000000000000000000000000000000000000000000000e+00
102 102 6.00000000000000000000000000000000000000000000000e+00
103 103 6.00000000000000000000000000000000000000000000000e+00
104 104 6.00000000000000000000000000000000000000000000000e+00
105 105 6.00000000000000000000000000000000000000000000000e+00
113 113 1.00000000000000000000000000000000000000000000000e+00
114 114 1.00000000000000000000000000000000000000000000000e+00
115 115 1.00000000000000000000000000000000000000000000000e+00
116 116 1.00000000000000000000000000000000000000000000000e+00
117 117 1.00000000000000000000000000000000000000000000000e+00
118 118 1.00000000000000000000000000000000000000000000000e+00
119 119 1.00000000000000000000000000000000000000000000000e+00
120 120 1.00000000000000000000000000000000000000000000000e+00
121 121 1.00000000000000000000000000000000000000000000000e+00
122 122 1.00000000000000000000000000000000000000000000000e+00
123 123 1.00000000000000000000000000000000000000000000000e+00
124 124 1.00000000000000000000000000000000000000000000000e+00
125 125 3.00000000000000000000000000000000000000000000000e+00
126 126 3.00000000000000000000000000000000000000000000000e+00
127 127 3.00000000000000000000000000000000000000000000000e+00
128 128 3.00000000000000000000000000000000000000000000000e+00
129 129 3.00000000000000000000000000000000000000000000000e+00
130 130 3.00000000000000000000000000000000000000000000000e+00
131 131 3.00000000000000000000000000000000000000000000000e+00
132 132 3.00000000000000000000000000000000000000000000000e+00
133 133 3.00000000000000000000000000000000000000000000000e+00
134 134 3.00000000000000000000000000000000000000000000000e+00
135 135 3.00000000000000000000000000000000000000000000000e+00
136 136 3.00000000000000000000000000000000000000000000000e+00
137 137 3.00000000000000000000000000000000000000000000000e+00
138 138 3.00000000000000000000000000000000000000000000000e+00
139 139 3.00000000000000000000000000000000000000000000000e+00
140 140 6.00000000000000000000000000000000000000000000000e+00
141 141 6.00000000000000000000000000000000000000000000000e+00
142 142 6.00000000000000000000000000000000000000000000000e+00
143 143 6.00000000000000000000000000000000000000000000000e+00
144 144 6.00000000000000000000000000000000000000000000000e+00
145 145 6.00000000000000000000000000000000000000000000000e+00
146 146 6.00000000000000000000000000000000000000000000000e+00
147 147 6.00000000000000000000000000000000000000000000000e+00
148 148 6.00000000000000000000000000000000000000000000000e+00
149 149 6.00000000000000000000000000000000000000000000000e+00
150 150 6.00000000000000000000000000000000000000000000000e+00
151 151 6.00000000000000000000000000000000000000000000000e+00
152 152 6.00000000000000000000000000000000000000000000000e+00
153 153 6.00000000000000000000000000000000000000000000000e+00
154 154 6.00000000000000000000000000000000000000000000000e+00
155 155 6.00000000000000000000000000000000000000000000000e+00
