20 1 2.81348848799095642425616148329936549998819828033e-02
24 1 8.44046546397286961971317964525951538234949111938e-02
25 2 9.74621001542095299896573123987764120101928710938e-02
22 3 -2.81348848799095642425616148329936549998819828033e-02
26 3 8.44046546397286961971317964525951538234949111938e-02
31 4 3.24873667180698433298857707995921373367309570313e-02
37 4 9.18881492369653662954931405693059787154197692871e-02
28 5 2.17931881174705209536224259636583155952394008636e-02
32 5 1.62436833590349216649428853997960686683654785156e-02
38 5 1.16230336626509445085986271806177683174610137939e-01
29 6 2.51646060522435210948799522157059982419013977051e-02
39 6 1.23280888812299968537722349992691306397318840027e-01
30 7 2.17931881174705209536224259636583155952394008636e-02
34 7 -1.62436833590349216649428853997960686683654785156e-02
40 7 1.16230336626509445085986271806177683174610137939e-01
35 8 -3.24873667180698433298857707995921373367309570313e-02
41 8 9.18881492369653662954931405693059787154197692871e-02
48 9 3.44580559638620054219160238062613643705844879150e-02
43 10 3.88298301433750783773213299809867748990654945374e-02
49 10 2.29720373092413415738732851423264946788549423218e-02
44 11 4.91162817642111018678896527944743866100907325745e-02
50 11 1.14860186546206707869366425711632473394274711609e-02
45 12 5.20956838532142460507223802324006101116538047791e-02
46 13 4.91162817642111018678896527944743866100907325745e-02
52 13 -1.14860186546206707869366425711632473394274711609e-02
47 14 3.88298301433750783773213299809867748990654945374e-02
53 14 -2.29720373092413415738732851423264946788549423218e-02
54 15 -3.44580559638620054219160238062613643705844879150e-02
56 16 9.24606666092249729338448105409042909741401672363e-02
57 17 1.06764381512576556065852173560415394604206085205e-01
58 18 9.24606666092249729338448105409042909741401672363e-02
2 19 -4.59440746184826831477465702846529893577098846436e-02
61 19 6.49747334361396866597715415991842746734619140625e-02
1 20 2.81348848799095642425616148329936549998819828033e-02
60 20 1.98943678864869182010277626204697298817336559296e-02
64 20 8.00732861344324309271769379847683012485504150391e-02
65 21 9.24606666092249729338448105409042909741401672363e-02
3 22 -2.81348848799095642425616148329936549998819828033e-02
62 22 -1.98943678864869182010277626204697298817336559296e-02
66 22 8.00732861344324309271769379847683012485504150391e-02
63 23 1.77940635854294260109753622600692324340343475342e-02
69 23 1.00658424208974084379519808862823992967605590820e-01
1 24 -2.81348848799095642425616148329936549998819828033e-02
60 24 3.97887357729738346673320492641323653515428304672e-03
64 24 8.89703179271471300548768113003461621701717376709e-03
70 24 1.27323954473516270935462557645223569124937057495e-01
2 25 -3.24873667180698433298857707995921373367309570313e-02
61 25 4.59440746184826796782996183310388005338609218597e-03
71 25 1.35047447423565891710950381821021437644958496094e-01
3 26 -2.81348848799095642425616148329936549998819828033e-02
62 26 3.97887357729738346673320492641323653515428304672e-03
66 26 -8.89703179271471300548768113003461621701717376709e-03
72 26 1.27323954473516270935462557645223569124937057495e-01
67 27 -1.77940635854294260109753622600692324340343475342e-02
73 27 1.00658424208974084379519808862823992967605590820e-01
5 28 -6.53795643524115593914203259373607579618692398071e-02
76 28 2.66910953781441424859099953437180374749004840851e-02
80 28 5.47004680458749587002031944393820594996213912964e-02
6 29 -7.54938181567305632846398566471179947257041931152e-02
81 29 6.31626599021688633905924348255211953073740005493e-02
7 30 -6.53795643524115593914203259373607579618692398071e-02
78 30 -2.66910953781441424859099953437180374749004840851e-02
82 30 5.47004680458749587002031944393820594996213912964e-02
4 31 3.24873667180698433298857707995921373367309570313e-02
79 31 2.71808811003625520885673694237993913702666759491e-02
85 31 8.21872592081999697732896947854897007346153259277e-02
5 32 1.62436833590349216649428853997960686683654785156e-02
76 32 1.19366207318921530022848287444503512233495712280e-02
80 32 1.35904405501812760442836847118996956851333379745e-02
86 32 1.03959573497823490328961781870020786300301551819e-01
77 33 1.37832223855448021687664095225045457482337951660e-02
87 33 1.10265779084358417350131276180036365985870361328e-01
7 34 -1.62436833590349216649428853997960686683654785156e-02
78 34 1.19366207318921530022848287444503512233495712280e-02
82 34 -1.35904405501812760442836847118996956851333379745e-02
88 34 1.03959573497823490328961781870020786300301551819e-01
8 35 -3.24873667180698433298857707995921373367309570313e-02
83 35 -2.71808811003625520885673694237993913702666759491e-02
89 35 8.21872592081999697732896947854897007346153259277e-02
84 36 2.17931881174705209536224259636583155952394008636e-02
4 37 -4.59440746184826831477465702846529893577098846436e-02
79 37 1.09827344826809308875326109955494757741689682007e-02
85 37 1.45287920783136806357482839757722103968262672424e-02
5 38 -5.81151683132547225429931359030888415873050689697e-02
80 38 1.38921823608571352870466597551057930104434490204e-02
86 38 7.26439603915684031787414198788610519841313362122e-03
6 39 -6.16404444061499842688611749963456531986594200134e-02
81 39 1.47348845292633295195328102522580593358725309372e-02
7 40 -5.81151683132547225429931359030888415873050689697e-02
82 40 1.38921823608571352870466597551057930104434490204e-02
88 40 -7.26439603915684031787414198788610519841313362122e-03
8 41 -4.59440746184826831477465702846529893577098846436e-02
83 41 1.09827344826809308875326109955494757741689682007e-02
89 41 -1.45287920783136806357482839757722103968262672424e-02
90 42 -2.17931881174705209536224259636583155952394008636e-02
10 43 -7.76596602867501567546426599619735497981309890747e-02
94 43 2.90575841566273612714965679515444207936525344849e-02
100 43 5.38041909260761133659833888032153481617569923401e-02
11 44 -9.82325635284222037357793055889487732201814651489e-02
91 44 2.38732414637842990656757535816723247990012168884e-02
95 44 1.45287920783136806357482839757722103968262672424e-02
101 44 6.80575163955858819520017277682200074195861816406e-02
12 45 -1.04191367706428492101444760464801220223307609558e-01
92 45 2.75664447710896008680858670913949026726186275482e-02
102 45 7.21858970310501335543307277475832961499691009521e-02
13 46 -9.82325635284222037357793055889487732201814651489e-02
93 46 2.38732414637842990656757535816723247990012168884e-02
97 46 -1.45287920783136806357482839757722103968262672424e-02
103 46 6.80575163955858819520017277682200074195861816406e-02
14 47 -7.76596602867501567546426599619735497981309890747e-02
98 47 -2.90575841566273612714965679515444207936525344849e-02
104 47 5.38041909260761133659833888032153481617569923401e-02
9 48 3.44580559638620054219160238062613643705844879150e-02
99 48 2.98415518297303651584773120930549339391291141510e-02
10 49 2.29720373092413415738732851423264946788549423218e-02
94 49 2.45581408821055474644978744436230044811964035034e-02
100 49 1.98943678864869112621338587132413522340357303619e-02
11 50 1.14860186546206707869366425711632473394274711609e-02
95 50 3.10638641147000585385207216404523933306336402893e-02
101 50 9.94718394324345563106692935662067611701786518097e-03
96 51 3.29482034480427926625978329866484273225069046021e-02
13 52 -1.14860186546206707869366425711632473394274711609e-02
97 52 3.10638641147000585385207216404523933306336402893e-02
103 52 -9.94718394324345563106692935662067611701786518097e-03
14 53 -2.29720373092413415738732851423264946788549423218e-02
98 53 2.45581408821055474644978744436230044811964035034e-02
104 53 -1.98943678864869112621338587132413522340357303619e-02
15 54 -3.44580559638620054219160238062613643705844879150e-02
105 54 -2.98415518297303651584773120930549339391291141510e-02
107 55 1.04191367706428492101444760464801220223307609558e-01
16 56 -3.08202222030749921344305874981728265993297100067e-02
108 56 1.31792813792171170650391331946593709290027618408e-01
17 57 -3.55881271708588520219507245201384648680686950684e-02
109 57 1.39787388516150301587259718871791847050189971924e-01
18 58 -3.08202222030749921344305874981728265993297100067e-02
110 58 1.31792813792171170650391331946593709290027618408e-01
111 59 1.04191367706428492101444760464801220223307609558e-01
20 60 1.98943678864869182010277626204697298817336559296e-02
24 60 -1.19366207318921495328378767908361623995006084442e-02
114 60 8.77158901387885547862310886557679623365402221680e-02
25 61 -1.37832223855448039034898854993116401601582765579e-02
115 61 1.01285585567674418783212786365766078233718872070e-01
22 62 -1.98943678864869182010277626204697298817336559296e-02
26 62 -1.19366207318921495328378767908361623995006084442e-02
116 62 8.77158901387885547862310886557679623365402221680e-02
23 63 1.77940635854294260109753622600692324340343475342e-02
113 63 1.45287920783136806357482839757722103968262672424e-02
119 63 9.82325635284222037357793055889487732201814651489e-02
20 64 -2.66910953781441424859099953437180374749004840851e-02
24 64 8.89703179271471300548768113003461621701717376709e-03
114 64 7.26439603915684031787414198788610519841313362122e-03
120 64 1.24255456458800261909658502190723083913326263428e-01
21 65 -3.08202222030749921344305874981728265993297100067e-02
121 65 1.31792813792171170650391331946593709290027618408e-01
22 66 -2.66910953781441424859099953437180374749004840851e-02
26 66 -8.89703179271471300548768113003461621701717376709e-03
116 66 -7.26439603915684031787414198788610519841313362122e-03
122 66 1.24255456458800261909658502190723083913326263428e-01
27 67 -1.77940635854294260109753622600692324340343475342e-02
117 67 -1.45287920783136806357482839757722103968262672424e-02
123 67 9.82325635284222037357793055889487732201814651489e-02
118 68 1.30239209633035615126805950581001525279134511948e-02
23 69 -5.03292121044870421897599044314119964838027954102e-02
113 69 2.93525925743571333009773738353942462708801031113e-03
119 69 8.68261397553570825336155536433579982258379459381e-03
24 70 -6.36619772367581354677312788226117845624685287476e-02
114 70 3.71284191063655372166962820301705505698919296265e-03
120 70 4.34130698776785412668077768216789991129189729691e-03
25 71 -6.75237237117829458554751909105107188224792480469e-02
115 71 3.93806353872708583829798101305641466751694679260e-03
26 72 -6.36619772367581354677312788226117845624685287476e-02
116 72 3.71284191063655372166962820301705505698919296265e-03
122 72 -4.34130698776785412668077768216789991129189729691e-03
27 73 -5.03292121044870421897599044314119964838027954102e-02
117 73 2.93525925743571333009773738353942462708801031113e-03
123 73 -8.68261397553570825336155536433579982258379459381e-03
124 74 -1.30239209633035615126805950581001525279134511948e-02
29 75 -5.03292121044870421897599044314119964838027954102e-02
126 75 6.16404444061499842688611749963456531986594200134e-02
28 76 2.66910953781441424859099953437180374749004840851e-02
32 76 -3.58098621956764659457483901405794313177466392517e-02
125 76 2.17931881174705209536224259636583155952394008636e-02
129 76 7.16197243913529041359211646522453520447015762329e-02
33 77 -4.13496671566344203840870363819703925400972366333e-02
130 77 8.26993343132688130125984571350272744894027709961e-02
30 78 -2.66910953781441424859099953437180374749004840851e-02
34 78 -3.58098621956764659457483901405794313177466392517e-02
127 78 -2.17931881174705209536224259636583155952394008636e-02
131 78 7.16197243913529041359211646522453520447015762329e-02
31 79 2.71808811003625520885673694237993913702666759491e-02
37 79 -2.19654689653618617750652219910989515483379364014e-02
128 79 2.32978980860250456386140172071463894098997116089e-02
134 79 8.62786493219777766983114020149514544755220413208e-02
28 80 -1.82334893486249850769187474952559568919241428375e-02
32 80 1.35904405501812760442836847118996956851333379745e-02
38 80 -2.77843647217142671046463675565973971970379352570e-02
125 80 6.38039216208617643300016197827062569558620452881e-03
129 80 1.16489490430125228193070086035731947049498558044e-02
135 80 1.09134818120156809606591252759244525805115699768e-01
29 81 -2.10542199673896222866797955930451280437409877777e-02
39 81 -2.94697690585266590390656205045161186717450618744e-02
126 81 7.36744226463166475976640512612902966793626546860e-03
136 81 1.15754954934485052020498585534369340166449546814e-01
30 82 -1.82334893486249850769187474952559568919241428375e-02
34 82 -1.35904405501812760442836847118996956851333379745e-02
40 82 -2.77843647217142671046463675565973971970379352570e-02
127 82 6.38039216208617643300016197827062569558620452881e-03
131 82 -1.16489490430125228193070086035731947049498558044e-02
137 82 1.09134818120156809606591252759244525805115699768e-01
35 83 -2.71808811003625520885673694237993913702666759491e-02
41 83 -2.19654689653618617750652219910989515483379364014e-02
132 83 -2.32978980860250456386140172071463894098997116089e-02
138 83 8.62786493219777766983114020149514544755220413208e-02
36 84 2.17931881174705209536224259636583155952394008636e-02
133 84 2.14004858962973214253633358339357073418796062469e-02
31 85 -4.10936296040999848866448473927448503673076629639e-02
37 85 1.45287920783136806357482839757722103968262672424e-02
128 85 8.80577777230714085765495013902182108722627162933e-03
134 85 1.42669905975315487733912078738285345025360584259e-02
32 86 -5.19797867489117451644808909350103931501507759094e-02
38 86 7.26439603915684031787414198788610519841313362122e-03
129 86 1.11385257319096594302854086322440707590430974960e-02
135 86 7.13349529876577438669560393691426725126802921295e-03
33 87 -5.51328895421792086750656380900181829929351806641e-02
130 87 1.18141906161812575148939430391692440025508403778e-02
34 88 -5.19797867489117451644808909350103931501507759094e-02
40 88 -7.26439603915684031787414198788610519841313362122e-03
131 88 1.11385257319096594302854086322440707590430974960e-02
137 88 -7.13349529876577438669560393691426725126802921295e-03
35 89 -4.10936296040999848866448473927448503673076629639e-02
41 89 -1.45287920783136806357482839757722103968262672424e-02
132 89 8.80577777230714085765495013902182108722627162933e-03
138 89 -1.42669905975315487733912078738285345025360584259e-02
42 90 -2.17931881174705209536224259636583155952394008636e-02
139 90 -2.14004858962973214253633358339357073418796062469e-02
44 91 -7.16197243913529041359211646522453520447015762329e-02
141 91 2.60478419266071195559142381625861162319779396057e-02
145 91 4.68861154678928138128668479112093336880207061768e-02
45 92 -8.26993343132688130125984571350272744894027709961e-02
146 92 5.41394227732875932268541419034590944647789001465e-02
46 93 -7.16197243913529041359211646522453520447015762329e-02
143 93 -2.60478419266071195559142381625861162319779396057e-02
147 93 4.68861154678928138128668479112093336880207061768e-02
43 94 2.90575841566273612714965679515444207936525344849e-02
49 94 -4.91162817642111018678896527944743866100907325745e-02
144 94 2.85339811950630975467824157476570690050721168518e-02
150 94 6.82092613250980112082899609049491118639707565308e-02
44 95 1.45287920783136806357482839757722103968262672424e-02
50 95 -6.21277282294001309548292510953615419566631317139e-02
141 95 1.42669905975315470386677318970214400906115770340e-02
145 95 1.42669905975315487733912078738285345025360584259e-02
151 95 8.62786493219777766983114020149514544755220413208e-02
51 96 -6.58964068960855853251956659732968546450138092041e-02
142 96 1.64741017240213963312989164933242136612534523010e-02
152 96 9.15123270107799091643840938559151254594326019287e-02
46 97 -1.45287920783136806357482839757722103968262672424e-02
52 97 -6.21277282294001309548292510953615419566631317139e-02
143 97 1.42669905975315470386677318970214400906115770340e-02
147 97 -1.42669905975315487733912078738285345025360584259e-02
153 97 8.62786493219777766983114020149514544755220413208e-02
47 98 -2.90575841566273612714965679515444207936525344849e-02
53 98 -4.91162817642111018678896527944743866100907325745e-02
148 98 -2.85339811950630975467824157476570690050721168518e-02
154 98 6.82092613250980112082899609049491118639707565308e-02
48 99 2.98415518297303790362651199075116892345249652863e-02
149 99 2.76279084923687426322835847258829744532704353333e-02
43 100 -2.69020954630380532135447424479934852570295333862e-02
49 100 1.98943678864869182010277626204697298817336559296e-02
144 100 1.76115555446142817153099002780436421744525432587e-02
150 100 1.84186056615791605983734058327172533608973026276e-02
44 101 -3.40287581977929409760008638841100037097930908203e-02
50 101 9.94718394324345910051388131023486494086682796478e-03
145 101 2.22770514638193188605708172644881415180861949921e-02
151 101 9.20930283078958029918670291635862668044865131378e-03
45 102 -3.60929485155250598382714599665632704272866249084e-02
146 102 2.36283812323625150297878860783384880051016807556e-02
46 103 -3.40287581977929409760008638841100037097930908203e-02
52 103 -9.94718394324345910051388131023486494086682796478e-03
147 103 2.22770514638193188605708172644881415180861949921e-02
153 103 -9.20930283078958029918670291635862668044865131378e-03
47 104 -2.69020954630380532135447424479934852570295333862e-02
53 104 -1.98943678864869182010277626204697298817336559296e-02
148 104 1.76115555446142817153099002780436421744525432587e-02
154 104 -1.84186056615791605983734058327172533608973026276e-02
54 105 -2.98415518297303790362651199075116892345249652863e-02
155 105 -2.76279084923687426322835847258829744532704353333e-02
55 107 -5.20956838532142460507223802324006101116538047791e-02
56 108 -6.58964068960855853251956659732968546450138092041e-02
57 109 -6.98936942580751507936298594358959235250949859619e-02
58 110 -6.58964068960855853251956659732968546450138092041e-02
59 111 -5.20956838532142460507223802324006101116538047791e-02
63 113 1.45287920783136806357482839757722103968262672424e-02
69 113 -5.87051851487142666019547476707884925417602062225e-03
60 114 -2.92386300462628527518926802031273837201297283173e-02
64 114 7.26439603915684031787414198788610519841313362122e-03
70 114 -7.42568382127310744333925640603411011397838592529e-03
61 115 -3.37618618558914729277375954552553594112396240234e-02
71 115 -7.87612707745417167659596202611282933503389358521e-03
62 116 -2.92386300462628527518926802031273837201297283173e-02
66 116 -7.26439603915684031787414198788610519841313362122e-03
72 116 -7.42568382127310744333925640603411011397838592529e-03
67 117 -1.45287920783136806357482839757722103968262672424e-02
73 117 -5.87051851487142666019547476707884925417602062225e-03
68 118 1.30239209633035615126805950581001525279134511948e-02
63 119 -4.91162817642111018678896527944743866100907325745e-02
69 119 8.68261397553570825336155536433579982258379459381e-03
64 120 -6.21277282294001309548292510953615419566631317139e-02
70 120 4.34130698776785412668077768216789991129189729691e-03
65 121 -6.58964068960855853251956659732968546450138092041e-02
66 122 -6.21277282294001309548292510953615419566631317139e-02
72 122 -4.34130698776785412668077768216789991129189729691e-03
67 123 -4.91162817642111018678896527944743866100907325745e-02
73 123 -8.68261397553570825336155536433579982258379459381e-03
74 124 -1.30239209633035615126805950581001525279134511948e-02
76 125 2.17931881174705209536224259636583155952394008636e-02
80 125 -1.91411764862585327684474378884260659106075763702e-02
81 126 -2.21023267938949934119374773899835417978465557098e-02
78 127 -2.17931881174705209536224259636583155952394008636e-02
82 127 -1.91411764862585327684474378884260659106075763702e-02
79 128 2.32978980860250421691670652535322005860507488251e-02
85 128 -1.76115555446142817153099002780436421744525432587e-02
76 129 -2.38732414637843025351227055352865136228501796722e-02
80 129 1.16489490430125210845835326267661002930253744125e-02
86 129 -2.22770514638193188605708172644881415180861949921e-02
77 130 -2.75664447710896043375328190450090914964675903320e-02
87 130 -2.36283812323625150297878860783384880051016807556e-02
78 131 -2.38732414637843025351227055352865136228501796722e-02
82 131 -1.16489490430125210845835326267661002930253744125e-02
88 131 -2.22770514638193188605708172644881415180861949921e-02
83 132 -2.32978980860250421691670652535322005860507488251e-02
89 132 -1.76115555446142817153099002780436421744525432587e-02
84 133 2.14004858962973214253633358339357073418796062469e-02
79 134 -4.31393246609888883491557010074757272377610206604e-02
85 134 1.42669905975315487733912078738285345025360584259e-02
80 135 -5.45674090600784048032956263796222629025578498840e-02
86 135 7.13349529876577438669560393691426725126802921295e-03
81 136 -5.78774774672425260102492927671846700832247734070e-02
82 137 -5.45674090600784048032956263796222629025578498840e-02
88 137 -7.13349529876577438669560393691426725126802921295e-03
83 138 -4.31393246609888883491557010074757272377610206604e-02
89 138 -1.42669905975315487733912078738285345025360584259e-02
90 139 -2.14004858962973214253633358339357073418796062469e-02
92 140 -5.20956838532142460507223802324006101116538047791e-02
91 141 2.60478419266071230253611901162003050558269023895e-02
95 141 -4.28009717925946497896205755750997923314571380615e-02
96 142 -4.94223051720641889938967494799726409837603569031e-02
93 143 -2.60478419266071230253611901162003050558269023895e-02
97 143 -4.28009717925946497896205755750997923314571380615e-02
94 144 2.85339811950630975467824157476570690050721168518e-02
100 144 -3.52231110892285564917258966488589067012071609497e-02
91 145 -1.56287051559642758968848852418886963278055191040e-02
95 145 1.42669905975315487733912078738285345025360584259e-02
101 145 -4.45541029276386307822477306217479053884744644165e-02
92 146 -1.80464742577625333885826819368958240374922752380e-02
102 146 -4.72567624647250300595757721566769760102033615112e-02
93 147 -1.56287051559642758968848852418886963278055191040e-02
97 147 -1.42669905975315487733912078738285345025360584259e-02
103 147 -4.45541029276386307822477306217479053884744644165e-02
98 148 -2.85339811950630975467824157476570690050721168518e-02
104 148 -3.52231110892285564917258966488589067012071609497e-02
99 149 2.76279084923687426322835847258829744532704353333e-02
94 150 -3.41046306625490056041449804524745559319853782654e-02
100 150 1.84186056615791605983734058327172533608973026276e-02
95 151 -4.31393246609888883491557010074757272377610206604e-02
101 151 9.20930283078958029918670291635862668044865131378e-03
96 152 -4.57561635053899545821920469279575627297163009644e-02
97 153 -4.31393246609888883491557010074757272377610206604e-02
103 153 -9.20930283078958029918670291635862668044865131378e-03
98 154 -3.41046306625490056041449804524745559319853782654e-02
104 154 -1.84186056615791605983734058327172533608973026276e-02
105 155 -2.76279084923687426322835847258829744532704353333e-02
