60 1 -7.54938181567305632846398566471179947257041931152e-02
91 1 2.46561777624599937075444699985382612794637680054e-01
61 2 -7.54938181567305632846398566471179947257041931152e-02
92 2 2.46561777624599937075444699985382612794637680054e-01
62 3 -7.54938181567305632846398566471179947257041931152e-02
93 3 2.46561777624599937075444699985382612794637680054e-01
79 4 -6.38039216208617782077894275971630122512578964233e-02
80 5 -6.38039216208617782077894275971630122512578964233e-02
81 6 -6.38039216208617782077894275971630122512578964233e-02
82 7 -6.38039216208617782077894275971630122512578964233e-02
83 8 -6.38039216208617782077894275971630122512578964233e-02
68 9 -4.03531431945570867592110175792186055332422256470e-02
99 9 -6.16404444061499773299672710891172755509614944458e-02
69 10 -4.03531431945570867592110175792186055332422256470e-02
100 10 -6.16404444061499773299672710891172755509614944458e-02
70 11 -4.03531431945570867592110175792186055332422256470e-02
101 11 -6.16404444061499773299672710891172755509614944458e-02
71 12 -4.03531431945570867592110175792186055332422256470e-02
102 12 -6.16404444061499773299672710891172755509614944458e-02
72 13 -4.03531431945570867592110175792186055332422256470e-02
103 13 -6.16404444061499773299672710891172755509614944458e-02
73 14 -4.03531431945570867592110175792186055332422256470e-02
104 14 -6.16404444061499773299672710891172755509614944458e-02
74 15 -4.03531431945570867592110175792186055332422256470e-02
105 15 -6.16404444061499773299672710891172755509614944458e-02
28 16 -1.50987636313461126569279713294235989451408386230e-01
125 16 1.84921333218449945867689621081808581948280334473e-01
29 17 -1.50987636313461126569279713294235989451408386230e-01
126 17 1.84921333218449945867689621081808581948280334473e-01
30 18 -1.50987636313461126569279713294235989451408386230e-01
127 18 1.84921333218449945867689621081808581948280334473e-01
19 19 1.06764381512576556065852173560415394604206085205e-01
140 19 2.79574777032300603174519437743583694100379943848e-01
20 20 -5.33821907562882780329260867802076973021030426025e-02
141 20 2.28271849560504780374259325981256552040576934814e-01
21 21 -5.33821907562882780329260867802076973021030426025e-02
142 21 2.28271849560504780374259325981256552040576934814e-01
22 22 -5.33821907562882780329260867802076973021030426025e-02
143 22 2.28271849560504780374259325981256552040576934814e-01
23 23 1.06764381512576573413086933328486338723450899124e-02
43 23 -2.09214605927716984501429919873771723359823226929e-01
113 23 -7.84554772228938657185892679990502074360847473145e-02
144 23 1.36963109736302851571210226211405824869871139526e-01
24 24 1.06764381512576573413086933328486338723450899124e-02
44 24 -2.09214605927716984501429919873771723359823226929e-01
114 24 -7.84554772228938657185892679990502074360847473145e-02
145 24 1.36963109736302851571210226211405824869871139526e-01
25 25 1.06764381512576573413086933328486338723450899124e-02
45 25 -2.09214605927716984501429919873771723359823226929e-01
115 25 -7.84554772228938657185892679990502074360847473145e-02
146 25 1.36963109736302851571210226211405824869871139526e-01
26 26 1.06764381512576573413086933328486338723450899124e-02
46 26 -2.09214605927716984501429919873771723359823226929e-01
116 26 -7.84554772228938657185892679990502074360847473145e-02
147 26 1.36963109736302851571210226211405824869871139526e-01
27 27 1.06764381512576573413086933328486338723450899124e-02
47 27 -2.09214605927716984501429919873771723359823226929e-01
117 27 -7.84554772228938657185892679990502074360847473145e-02
148 27 1.36963109736302851571210226211405824869871139526e-01
28 28 5.33821907562882780329260867802076973021030426025e-02
125 28 -1.86798755292604430622294131580929388292133808136e-02
29 29 5.33821907562882780329260867802076973021030426025e-02
126 29 -1.86798755292604430622294131580929388292133808136e-02
30 30 5.33821907562882780329260867802076973021030426025e-02
127 30 -1.86798755292604430622294131580929388292133808136e-02
31 31 -5.33821907562882780329260867802076973021030426025e-02
128 31 -4.57561635053899545821920469279575627297163009644e-02
32 32 -5.33821907562882780329260867802076973021030426025e-02
129 32 -4.57561635053899545821920469279575627297163009644e-02
33 33 -5.33821907562882780329260867802076973021030426025e-02
130 33 -4.57561635053899545821920469279575627297163009644e-02
34 34 -5.33821907562882780329260867802076973021030426025e-02
131 34 -4.57561635053899545821920469279575627297163009644e-02
35 35 -5.33821907562882780329260867802076973021030426025e-02
132 35 -4.57561635053899545821920469279575627297163009644e-02
36 36 1.52520545017966503709150316581144579686224460602e-02
133 36 -5.99088807926358435373970223736250773072242736816e-02
37 37 1.52520545017966503709150316581144579686224460602e-02
134 37 -5.99088807926358435373970223736250773072242736816e-02
38 38 1.52520545017966503709150316581144579686224460602e-02
135 38 -5.99088807926358435373970223736250773072242736816e-02
39 39 1.52520545017966503709150316581144579686224460602e-02
136 39 -5.99088807926358435373970223736250773072242736816e-02
40 40 1.52520545017966503709150316581144579686224460602e-02
137 40 -5.99088807926358435373970223736250773072242736816e-02
41 41 1.52520545017966503709150316581144579686224460602e-02
138 41 -5.99088807926358435373970223736250773072242736816e-02
42 42 1.52520545017966503709150316581144579686224460602e-02
139 42 -5.99088807926358435373970223736250773072242736816e-02
23 43 5.23036514819292461253574799684429308399558067322e-02
43 43 4.27057526050306293652347733313945354893803596497e-02
113 43 -3.05041090035933042112770152698431047610938549042e-03
144 43 -2.79574777032300589296731629929126938804984092712e-02
24 44 5.23036514819292461253574799684429308399558067322e-02
44 44 4.27057526050306293652347733313945354893803596497e-02
114 44 -3.05041090035933042112770152698431047610938549042e-03
145 44 -2.79574777032300589296731629929126938804984092712e-02
25 45 5.23036514819292461253574799684429308399558067322e-02
45 45 4.27057526050306293652347733313945354893803596497e-02
115 45 -3.05041090035933042112770152698431047610938549042e-03
146 45 -2.79574777032300589296731629929126938804984092712e-02
26 46 5.23036514819292461253574799684429308399558067322e-02
46 46 4.27057526050306293652347733313945354893803596497e-02
116 46 -3.05041090035933042112770152698431047610938549042e-03
147 46 -2.79574777032300589296731629929126938804984092712e-02
27 47 5.23036514819292461253574799684429308399558067322e-02
47 47 4.27057526050306293652347733313945354893803596497e-02
117 47 -3.05041090035933042112770152698431047610938549042e-03
148 47 -2.79574777032300589296731629929126938804984092712e-02
48 48 -5.33821907562882780329260867802076973021030426025e-02
118 48 -1.52520545017966503709150316581144579686224460602e-02
149 48 -4.94223051720641889938967494799726409837603569031e-02
49 49 -5.33821907562882780329260867802076973021030426025e-02
119 49 -1.52520545017966503709150316581144579686224460602e-02
150 49 -4.94223051720641889938967494799726409837603569031e-02
50 50 -5.33821907562882780329260867802076973021030426025e-02
120 50 -1.52520545017966503709150316581144579686224460602e-02
151 50 -4.94223051720641889938967494799726409837603569031e-02
51 51 -5.33821907562882780329260867802076973021030426025e-02
121 51 -1.52520545017966503709150316581144579686224460602e-02
152 51 -4.94223051720641889938967494799726409837603569031e-02
52 52 -5.33821907562882780329260867802076973021030426025e-02
122 52 -1.52520545017966503709150316581144579686224460602e-02
153 52 -4.94223051720641889938967494799726409837603569031e-02
53 53 -5.33821907562882780329260867802076973021030426025e-02
123 53 -1.52520545017966503709150316581144579686224460602e-02
154 53 -4.94223051720641889938967494799726409837603569031e-02
54 54 -5.33821907562882780329260867802076973021030426025e-02
124 54 -1.52520545017966503709150316581144579686224460602e-02
155 54 -4.94223051720641889938967494799726409837603569031e-02
4 55 1.06764381512576556065852173560415394604206085205e-01
79 55 -1.27607843241723556415578855194326024502515792847e-01
5 56 1.06764381512576556065852173560415394604206085205e-01
80 56 -1.27607843241723556415578855194326024502515792847e-01
6 57 1.06764381512576556065852173560415394604206085205e-01
81 57 -1.27607843241723556415578855194326024502515792847e-01
7 58 1.06764381512576556065852173560415394604206085205e-01
82 58 -1.27607843241723556415578855194326024502515792847e-01
8 59 1.06764381512576556065852173560415394604206085205e-01
83 59 -1.27607843241723556415578855194326024502515792847e-01
1 60 -7.54938181567305632846398566471179947257041931152e-02
60 60 5.33821907562882780329260867802076973021030426025e-02
91 60 -4.98130014113611838122430697239906294271349906921e-02
2 61 -7.54938181567305632846398566471179947257041931152e-02
61 61 5.33821907562882780329260867802076973021030426025e-02
92 61 -4.98130014113611838122430697239906294271349906921e-02
3 62 -7.54938181567305632846398566471179947257041931152e-02
62 62 5.33821907562882780329260867802076973021030426025e-02
93 62 -4.98130014113611838122430697239906294271349906921e-02
63 63 -5.33821907562882780329260867802076973021030426025e-02
94 63 -1.22016436014373202967320253264915663748979568481e-01
64 64 -5.33821907562882780329260867802076973021030426025e-02
95 64 -1.22016436014373202967320253264915663748979568481e-01
65 65 -5.33821907562882780329260867802076973021030426025e-02
96 65 -1.22016436014373202967320253264915663748979568481e-01
66 66 -5.33821907562882780329260867802076973021030426025e-02
97 66 -1.22016436014373202967320253264915663748979568481e-01
67 67 -5.33821907562882780329260867802076973021030426025e-02
98 67 -1.22016436014373202967320253264915663748979568481e-01
9 68 1.61412572778228347036844070316874422132968902588e-01
68 68 1.52520545017966503709150316581144579686224460602e-02
99 68 -1.59757015447028916099725392996333539485931396484e-01
10 69 1.61412572778228347036844070316874422132968902588e-01
69 69 1.52520545017966503709150316581144579686224460602e-02
100 69 -1.59757015447028916099725392996333539485931396484e-01
11 70 1.61412572778228347036844070316874422132968902588e-01
70 70 1.52520545017966503709150316581144579686224460602e-02
101 70 -1.59757015447028916099725392996333539485931396484e-01
12 71 1.61412572778228347036844070316874422132968902588e-01
71 71 1.52520545017966503709150316581144579686224460602e-02
102 71 -1.59757015447028916099725392996333539485931396484e-01
13 72 1.61412572778228347036844070316874422132968902588e-01
72 72 1.52520545017966503709150316581144579686224460602e-02
103 72 -1.59757015447028916099725392996333539485931396484e-01
14 73 1.61412572778228347036844070316874422132968902588e-01
73 73 1.52520545017966503709150316581144579686224460602e-02
104 73 -1.59757015447028916099725392996333539485931396484e-01
15 74 1.61412572778228347036844070316874422132968902588e-01
74 74 1.52520545017966503709150316581144579686224460602e-02
105 74 -1.59757015447028916099725392996333539485931396484e-01
75 75 7.62602725089832622629160141514148563146591186523e-02
76 76 3.81301362544916311314580070757074281573295593262e-02
77 77 3.81301362544916311314580070757074281573295593262e-02
78 78 3.81301362544916311314580070757074281573295593262e-02
4 79 -6.38039216208617782077894275971630122512578964233e-02
79 79 -1.63414869662106970737980304875236470252275466919e-02
5 80 -6.38039216208617782077894275971630122512578964233e-02
80 80 -1.63414869662106970737980304875236470252275466919e-02
6 81 -6.38039216208617782077894275971630122512578964233e-02
81 81 -1.63414869662106970737980304875236470252275466919e-02
7 82 -6.38039216208617782077894275971630122512578964233e-02
82 82 -1.63414869662106970737980304875236470252275466919e-02
8 83 -6.38039216208617782077894275971630122512578964233e-02
83 83 -1.63414869662106970737980304875236470252275466919e-02
84 84 -4.35772985765618611764260492691391846165060997009e-02
85 85 -4.35772985765618611764260492691391846165060997009e-02
86 86 -4.35772985765618611764260492691391846165060997009e-02
87 87 -4.35772985765618611764260492691391846165060997009e-02
88 88 -4.35772985765618611764260492691391846165060997009e-02
89 89 -4.35772985765618611764260492691391846165060997009e-02
90 90 -4.35772985765618611764260492691391846165060997009e-02
1 91 -6.16404444061499842688611749963456531986594200134e-02
60 91 1.24532503528402959530607674309976573567837476730e-02
91 91 6.10082180071866014836601266324578318744897842407e-02
2 92 -6.16404444061499842688611749963456531986594200134e-02
61 92 1.24532503528402959530607674309976573567837476730e-02
92 92 6.10082180071866014836601266324578318744897842407e-02
3 93 -6.16404444061499842688611749963456531986594200134e-02
62 93 1.24532503528402959530607674309976573567837476730e-02
93 93 6.10082180071866014836601266324578318744897842407e-02
63 94 3.05041090035933007418300633162289159372448921204e-02
94 94 1.52520545017966503709150316581144579686224460602e-02
64 95 3.05041090035933007418300633162289159372448921204e-02
95 95 1.52520545017966503709150316581144579686224460602e-02
65 96 3.05041090035933007418300633162289159372448921204e-02
96 96 1.52520545017966503709150316581144579686224460602e-02
66 97 3.05041090035933007418300633162289159372448921204e-02
97 97 1.52520545017966503709150316581144579686224460602e-02
67 98 3.05041090035933007418300633162289159372448921204e-02
98 98 1.52520545017966503709150316581144579686224460602e-02
9 99 -6.16404444061499773299672710891172755509614944458e-02
68 99 3.99392538617572290249313482490833848714828491211e-02
99 99 -2.79620999199605285712166846678883302956819534302e-02
10 100 -6.16404444061499773299672710891172755509614944458e-02
69 100 3.99392538617572290249313482490833848714828491211e-02
100 100 -2.79620999199605285712166846678883302956819534302e-02
11 101 -6.16404444061499773299672710891172755509614944458e-02
70 101 3.99392538617572290249313482490833848714828491211e-02
101 101 -2.79620999199605285712166846678883302956819534302e-02
12 102 -6.16404444061499773299672710891172755509614944458e-02
71 102 3.99392538617572290249313482490833848714828491211e-02
102 102 -2.79620999199605285712166846678883302956819534302e-02
13 103 -6.16404444061499773299672710891172755509614944458e-02
72 103 3.99392538617572290249313482490833848714828491211e-02
103 103 -2.79620999199605285712166846678883302956819534302e-02
14 104 -6.16404444061499773299672710891172755509614944458e-02
73 104 3.99392538617572290249313482490833848714828491211e-02
104 104 -2.79620999199605285712166846678883302956819534302e-02
15 105 -6.16404444061499773299672710891172755509614944458e-02
74 105 3.99392538617572290249313482490833848714828491211e-02
105 105 -2.79620999199605285712166846678883302956819534302e-02
36 106 1.21059429583671260277633052737655816599726676941e-01
133 106 -1.23280888812299954659934542178234551101922988892e-01
37 107 1.21059429583671260277633052737655816599726676941e-01
134 107 -1.23280888812299954659934542178234551101922988892e-01
38 108 1.21059429583671260277633052737655816599726676941e-01
135 108 -1.23280888812299954659934542178234551101922988892e-01
39 109 1.21059429583671260277633052737655816599726676941e-01
136 109 -1.23280888812299954659934542178234551101922988892e-01
40 110 1.21059429583671260277633052737655816599726676941e-01
137 110 -1.23280888812299954659934542178234551101922988892e-01
41 111 1.21059429583671260277633052737655816599726676941e-01
138 111 -1.23280888812299954659934542178234551101922988892e-01
42 112 1.21059429583671260277633052737655816599726676941e-01
139 112 -1.23280888812299954659934542178234551101922988892e-01
23 113 -7.84554772228938657185892679990502074360847473145e-02
43 113 1.22016436014373216845108061079372419044375419617e-02
113 113 4.27057526050306293652347733313945354893803596497e-02
144 113 -7.45532738752801571457951013144338503479957580566e-02
24 114 -7.84554772228938657185892679990502074360847473145e-02
44 114 1.22016436014373216845108061079372419044375419617e-02
114 114 4.27057526050306293652347733313945354893803596497e-02
145 114 -7.45532738752801571457951013144338503479957580566e-02
25 115 -7.84554772228938657185892679990502074360847473145e-02
45 115 1.22016436014373216845108061079372419044375419617e-02
115 115 4.27057526050306293652347733313945354893803596497e-02
146 115 -7.45532738752801571457951013144338503479957580566e-02
26 116 -7.84554772228938657185892679990502074360847473145e-02
46 116 1.22016436014373216845108061079372419044375419617e-02
116 116 4.27057526050306293652347733313945354893803596497e-02
147 116 -7.45532738752801571457951013144338503479957580566e-02
27 117 -7.84554772228938657185892679990502074360847473145e-02
47 117 1.22016436014373216845108061079372419044375419617e-02
117 117 4.27057526050306293652347733313945354893803596497e-02
148 117 -7.45532738752801571457951013144338503479957580566e-02
48 118 6.10082180071866014836601266324578318744897842407e-02
118 118 -5.33821907562882780329260867802076973021030426025e-02
149 118 -1.31792813792171170650391331946593709290027618408e-01
49 119 6.10082180071866014836601266324578318744897842407e-02
119 119 -5.33821907562882780329260867802076973021030426025e-02
150 119 -1.31792813792171170650391331946593709290027618408e-01
50 120 6.10082180071866014836601266324578318744897842407e-02
120 120 -5.33821907562882780329260867802076973021030426025e-02
151 120 -1.31792813792171170650391331946593709290027618408e-01
51 121 6.10082180071866014836601266324578318744897842407e-02
121 121 -5.33821907562882780329260867802076973021030426025e-02
152 121 -1.31792813792171170650391331946593709290027618408e-01
52 122 6.10082180071866014836601266324578318744897842407e-02
122 122 -5.33821907562882780329260867802076973021030426025e-02
153 122 -1.31792813792171170650391331946593709290027618408e-01
53 123 6.10082180071866014836601266324578318744897842407e-02
123 123 -5.33821907562882780329260867802076973021030426025e-02
154 123 -1.31792813792171170650391331946593709290027618408e-01
54 124 6.10082180071866014836601266324578318744897842407e-02
124 124 -5.33821907562882780329260867802076973021030426025e-02
155 124 -1.31792813792171170650391331946593709290027618408e-01
28 125 -1.86798755292604430622294131580929388292133808136e-02
125 125 6.10082180071866014836601266324578318744897842407e-02
29 126 -1.86798755292604430622294131580929388292133808136e-02
126 126 6.10082180071866014836601266324578318744897842407e-02
30 127 -1.86798755292604430622294131580929388292133808136e-02
127 127 6.10082180071866014836601266324578318744897842407e-02
31 128 -4.57561635053899545821920469279575627297163009644e-02
128 128 1.52520545017966503709150316581144579686224460602e-02
32 129 -4.57561635053899545821920469279575627297163009644e-02
129 129 1.52520545017966503709150316581144579686224460602e-02
33 130 -4.57561635053899545821920469279575627297163009644e-02
130 130 1.52520545017966503709150316581144579686224460602e-02
34 131 -4.57561635053899545821920469279575627297163009644e-02
131 131 1.52520545017966503709150316581144579686224460602e-02
35 132 -4.57561635053899545821920469279575627297163009644e-02
132 132 1.52520545017966503709150316581144579686224460602e-02
36 133 -5.99088807926358435373970223736250773072242736816e-02
133 133 -2.79620999199605285712166846678883302956819534302e-02
37 134 -5.99088807926358435373970223736250773072242736816e-02
134 134 -2.79620999199605285712166846678883302956819534302e-02
38 135 -5.99088807926358435373970223736250773072242736816e-02
135 135 -2.79620999199605285712166846678883302956819534302e-02
39 136 -5.99088807926358435373970223736250773072242736816e-02
136 136 -2.79620999199605285712166846678883302956819534302e-02
40 137 -5.99088807926358435373970223736250773072242736816e-02
137 137 -2.79620999199605285712166846678883302956819534302e-02
41 138 -5.99088807926358435373970223736250773072242736816e-02
138 138 -2.79620999199605285712166846678883302956819534302e-02
42 139 -5.99088807926358435373970223736250773072242736816e-02
139 139 -2.79620999199605285712166846678883302956819534302e-02
19 140 -6.98936942580751507936298594358959235250949859619e-02
140 140 7.11762543417177040439014490402769297361373901367e-02
20 141 -5.70679623901261950935648314953141380101442337036e-02
141 141 5.33821907562882780329260867802076973021030426025e-02
21 142 -5.70679623901261950935648314953141380101442337036e-02
142 142 5.33821907562882780329260867802076973021030426025e-02
22 143 -5.70679623901261950935648314953141380101442337036e-02
143 143 5.33821907562882780329260867802076973021030426025e-02
23 144 -3.42407774340757128928025565528514562174677848816e-02
43 144 -2.79574777032300589296731629929126938804984092712e-02
113 144 1.86383184688200392864487753286084625869989395142e-02
144 144 2.25391472082106074370511095139590906910598278046e-02
24 145 -3.42407774340757128928025565528514562174677848816e-02
44 145 -2.79574777032300589296731629929126938804984092712e-02
114 145 1.86383184688200392864487753286084625869989395142e-02
145 145 2.25391472082106074370511095139590906910598278046e-02
25 146 -3.42407774340757128928025565528514562174677848816e-02
45 146 -2.79574777032300589296731629929126938804984092712e-02
115 146 1.86383184688200392864487753286084625869989395142e-02
146 146 2.25391472082106074370511095139590906910598278046e-02
26 147 -3.42407774340757128928025565528514562174677848816e-02
46 147 -2.79574777032300589296731629929126938804984092712e-02
116 147 1.86383184688200392864487753286084625869989395142e-02
147 147 2.25391472082106074370511095139590906910598278046e-02
27 148 -3.42407774340757128928025565528514562174677848816e-02
47 148 -2.79574777032300589296731629929126938804984092712e-02
117 148 1.86383184688200392864487753286084625869989395142e-02
148 148 2.25391472082106074370511095139590906910598278046e-02
48 149 -4.94223051720641889938967494799726409837603569031e-02
118 149 3.29482034480427926625978329866484273225069046021e-02
149 149 -1.18627090569529483610189402043033624067902565002e-02
49 150 -4.94223051720641889938967494799726409837603569031e-02
119 150 3.29482034480427926625978329866484273225069046021e-02
150 150 -1.18627090569529483610189402043033624067902565002e-02
50 151 -4.94223051720641889938967494799726409837603569031e-02
120 151 3.29482034480427926625978329866484273225069046021e-02
151 151 -1.18627090569529483610189402043033624067902565002e-02
51 152 -4.94223051720641889938967494799726409837603569031e-02
121 152 3.29482034480427926625978329866484273225069046021e-02
152 152 -1.18627090569529483610189402043033624067902565002e-02
52 153 -4.94223051720641889938967494799726409837603569031e-02
122 153 3.29482034480427926625978329866484273225069046021e-02
153 153 -1.18627090569529483610189402043033624067902565002e-02
53 154 -4.94223051720641889938967494799726409837603569031e-02
123 154 3.29482034480427926625978329866484273225069046021e-02
154 154 -1.18627090569529483610189402043033624067902565002e-02
54 155 -4.94223051720641889938967494799726409837603569031e-02
124 155 3.29482034480427926625978329866484273225069046021e-02
155 155 -1.18627090569529483610189402043033624067902565002e-02
