20 1 5.62697697598191284851232296659873099997639656067e-02
24 1 5.62697697598191284851232296659873099997639656067e-02
19 2 -4.59440746184826831477465702846529893577098846436e-02
25 2 6.49747334361396866597715415991842746734619140625e-02
22 3 -5.62697697598191284851232296659873099997639656067e-02
26 3 5.62697697598191284851232296659873099997639656067e-02
31 4 6.49747334361396866597715415991842746734619140625e-02
37 4 4.59440746184826831477465702846529893577098846436e-02
28 5 -4.35863762349410419072448519273166311904788017273e-02
32 5 3.24873667180698433298857707995921373367309570313e-02
38 5 5.81151683132547225429931359030888415873050689697e-02
29 6 -5.03292121044870421897599044314119964838027954102e-02
39 6 6.16404444061499842688611749963456531986594200134e-02
30 7 -4.35863762349410419072448519273166311904788017273e-02
34 7 -3.24873667180698433298857707995921373367309570313e-02
40 7 5.81151683132547225429931359030888415873050689697e-02
35 8 -6.49747334361396866597715415991842746734619140625e-02
41 8 4.59440746184826831477465702846529893577098846436e-02
48 9 6.89161119277240108438320476125227287411689758301e-02
43 10 -3.88298301433750783773213299809867748990654945374e-02
49 10 4.59440746184826831477465702846529893577098846436e-02
44 11 -4.91162817642111018678896527944743866100907325745e-02
50 11 2.29720373092413415738732851423264946788549423218e-02
45 12 -5.20956838532142460507223802324006101116538047791e-02
46 13 -4.91162817642111018678896527944743866100907325745e-02
52 13 -2.29720373092413415738732851423264946788549423218e-02
47 14 -3.88298301433750783773213299809867748990654945374e-02
53 14 -4.59440746184826831477465702846529893577098846436e-02
54 15 -6.89161119277240108438320476125227287411689758301e-02
56 16 9.24606666092249729338448105409042909741401672363e-02
57 17 1.06764381512576556065852173560415394604206085205e-01
58 18 9.24606666092249729338448105409042909741401672363e-02
61 19 9.74621001542095299896573123987764120101928710938e-02
60 20 5.96831036594607511336363359077950008213520050049e-02
64 20 8.00732861344324309271769379847683012485504150391e-02
65 21 9.24606666092249729338448105409042909741401672363e-02
62 22 -5.96831036594607511336363359077950008213520050049e-02
66 22 8.00732861344324309271769379847683012485504150391e-02
63 23 5.33821907562882780329260867802076973021030426025e-02
69 23 7.54938181567305632846398566471179947257041931152e-02
60 24 -1.19366207318921495328378767908361623995006084442e-02
64 24 2.66910953781441390164630433901038486510515213013e-02
70 24 9.54929658551371962627030143266892991960048675537e-02
61 25 -1.37832223855448039034898854993116401601582765579e-02
71 25 1.01285585567674418783212786365766078233718872070e-01
62 26 -1.19366207318921495328378767908361623995006084442e-02
66 26 -2.66910953781441390164630433901038486510515213013e-02
72 26 9.54929658551371962627030143266892991960048675537e-02
67 27 -5.33821907562882780329260867802076973021030426025e-02
73 27 7.54938181567305632846398566471179947257041931152e-02
76 28 8.00732861344324309271769379847683012485504150391e-02
80 28 5.47004680458749587002031944393820594996213912964e-02
75 29 -7.54938181567305632846398566471179947257041931152e-02
81 29 6.31626599021688633905924348255211953073740005493e-02
78 30 -8.00732861344324309271769379847683012485504150391e-02
82 30 5.47004680458749587002031944393820594996213912964e-02
79 31 8.15426433010876527962551563177839852869510650635e-02
85 31 6.16404444061499773299672710891172755509614944458e-02
76 32 -3.58098621956764590068544862333510536700487136841e-02
80 32 4.07713216505438263981275781588919926434755325317e-02
86 32 7.79696801233676212161682883561297785490751266479e-02
77 33 -4.13496671566344065062992285675136372447013854980e-02
87 33 8.26993343132688130125984571350272744894027709961e-02
78 34 -3.58098621956764590068544862333510536700487136841e-02
82 34 -4.07713216505438263981275781588919926434755325317e-02
88 34 7.79696801233676212161682883561297785490751266479e-02
83 35 -8.15426433010876527962551563177839852869510650635e-02
89 35 6.16404444061499773299672710891172755509614944458e-02
84 36 6.53795643524115593914203259373607579618692398071e-02
79 37 -1.64741017240213963312989164933242136612534523010e-02
85 37 4.35863762349410419072448519273166311904788017273e-02
80 38 -2.08382735412857011958465136558515951037406921387e-02
86 38 2.17931881174705209536224259636583155952394008636e-02
81 39 -2.21023267938949934119374773899835417978465557098e-02
82 40 -2.08382735412857011958465136558515951037406921387e-02
88 40 -2.17931881174705209536224259636583155952394008636e-02
83 41 -1.64741017240213963312989164933242136612534523010e-02
89 41 -4.35863762349410419072448519273166311904788017273e-02
90 42 -6.53795643524115593914203259373607579618692398071e-02
94 43 8.71727524698820838144897038546332623809576034546e-02
100 43 4.03531431945570867592110175792186055332422256470e-02
91 44 -7.16197243913528902581333568377885967493057250977e-02
95 44 4.35863762349410419072448519273166311904788017273e-02
101 44 5.10431372966894114640012958261650055646896362305e-02
92 45 -8.26993343132687991348106493205705191940069198608e-02
102 45 5.41394227732876001657480458106874721124768257141e-02
93 46 -7.16197243913528902581333568377885967493057250977e-02
97 46 -4.35863762349410419072448519273166311904788017273e-02
103 46 5.10431372966894114640012958261650055646896362305e-02
98 47 -8.71727524698820838144897038546332623809576034546e-02
104 47 4.03531431945570867592110175792186055332422256470e-02
99 48 8.95246554891910989448788882327789906412363052368e-02
94 49 -3.68372113231583211967468116654345067217946052551e-02
100 49 5.96831036594607372558485280933382455259561538696e-02
95 50 -4.65957961720500912772280344142927788197994232178e-02
101 50 2.98415518297303686279242640466691227629780769348e-02
96 51 -4.94223051720641889938967494799726409837603569031e-02
97 52 -4.65957961720500912772280344142927788197994232178e-02
103 52 -2.98415518297303686279242640466691227629780769348e-02
98 53 -3.68372113231583211967468116654345067217946052551e-02
104 53 -5.96831036594607372558485280933382455259561538696e-02
105 54 -8.95246554891910989448788882327789906412363052368e-02
107 55 1.04191367706428492101444760464801220223307609558e-01
16 56 -3.08202222030749921344305874981728265993297100067e-02
108 56 1.31792813792171170650391331946593709290027618408e-01
17 57 -3.55881271708588520219507245201384648680686950684e-02
109 57 1.39787388516150301587259718871791847050189971924e-01
18 58 -3.08202222030749921344305874981728265993297100067e-02
110 58 1.31792813792171170650391331946593709290027618408e-01
111 59 1.04191367706428492101444760464801220223307609558e-01
20 60 -1.98943678864869182010277626204697298817336559296e-02
24 60 3.97887357729738346673320492641323653515428304672e-03
114 60 1.16954520185051411007570720812509534880518913269e-01
19 61 -3.24873667180698433298857707995921373367309570313e-02
25 61 4.59440746184826796782996183310388005338609218597e-03
115 61 1.35047447423565891710950381821021437644958496094e-01
22 62 1.98943678864869182010277626204697298817336559296e-02
26 62 3.97887357729738346673320492641323653515428304672e-03
116 62 1.16954520185051411007570720812509534880518913269e-01
23 63 -1.77940635854294260109753622600692324340343475342e-02
113 63 5.81151683132547225429931359030888415873050689697e-02
119 63 9.82325635284222037357793055889487732201814651489e-02
20 64 -2.66910953781441424859099953437180374749004840851e-02
24 64 -8.89703179271471300548768113003461621701717376709e-03
114 64 2.90575841566273612714965679515444207936525344849e-02
120 64 1.24255456458800261909658502190723083913326263428e-01
21 65 -3.08202222030749921344305874981728265993297100067e-02
121 65 1.31792813792171170650391331946593709290027618408e-01
22 66 -2.66910953781441424859099953437180374749004840851e-02
26 66 8.89703179271471300548768113003461621701717376709e-03
116 66 -2.90575841566273612714965679515444207936525344849e-02
122 66 1.24255456458800261909658502190723083913326263428e-01
27 67 1.77940635854294260109753622600692324340343475342e-02
117 67 -5.81151683132547225429931359030888415873050689697e-02
123 67 9.82325635284222037357793055889487732201814651489e-02
118 68 5.20956838532142460507223802324006101116538047791e-02
23 69 -2.51646060522435210948799522157059982419013977051e-02
113 69 -5.87051851487142666019547476707884925417602062225e-03
119 69 3.47304559021428330134462214573431992903351783752e-02
24 70 -3.18309886183790677338656394113058922812342643738e-02
114 70 -7.42568382127310744333925640603411011397838592529e-03
120 70 1.73652279510714165067231107286715996451675891876e-02
25 71 -3.37618618558914729277375954552553594112396240234e-02
115 71 -7.87612707745417167659596202611282933503389358521e-03
26 72 -3.18309886183790677338656394113058922812342643738e-02
116 72 -7.42568382127310744333925640603411011397838592529e-03
122 72 -1.73652279510714165067231107286715996451675891876e-02
27 73 -2.51646060522435210948799522157059982419013977051e-02
117 73 -5.87051851487142666019547476707884925417602062225e-03
123 73 -3.47304559021428330134462214573431992903351783752e-02
124 74 -5.20956838532142460507223802324006101116538047791e-02
29 75 2.51646060522435210948799522157059982419013977051e-02
126 75 1.23280888812299968537722349992691306397318840027e-01
28 76 -2.66910953781441424859099953437180374749004840851e-02
32 76 1.19366207318921547370083047212574456352740526199e-02
125 76 8.71727524698820838144897038546332623809576034546e-02
129 76 9.54929658551372101404908221411460544914007186890e-02
33 77 1.37832223855448056382133614761187345720827579498e-02
130 77 1.10265779084358417350131276180036365985870361328e-01
30 78 2.66910953781441424859099953437180374749004840851e-02
34 78 1.19366207318921547370083047212574456352740526199e-02
127 78 -8.71727524698820838144897038546332623809576034546e-02
131 78 9.54929658551372101404908221411460544914007186890e-02
31 79 -2.71808811003625520885673694237993913702666759491e-02
37 79 5.49136724134046544376630549777473788708448410034e-03
128 79 9.31915923441001825544560688285855576395988464355e-02
134 79 8.62786493219777766983114020149514544755220413208e-02
28 80 -1.82334893486249850769187474952559568919241428375e-02
32 80 -1.35904405501812760442836847118996956851333379745e-02
38 80 6.94609118042856677616159188914934929925948381424e-03
125 80 -2.55215686483447057320006479130825027823448181152e-02
129 80 4.65957961720500912772280344142927788197994232178e-02
135 80 1.09134818120156809606591252759244525805115699768e-01
29 81 -2.10542199673896222866797955930451280437409877777e-02
39 81 7.36744226463166475976640512612902966793626546860e-03
126 81 -2.94697690585266590390656205045161186717450618744e-02
136 81 1.15754954934485052020498585534369340166449546814e-01
30 82 -1.82334893486249850769187474952559568919241428375e-02
34 82 1.35904405501812760442836847118996956851333379745e-02
40 82 6.94609118042856677616159188914934929925948381424e-03
127 82 -2.55215686483447057320006479130825027823448181152e-02
131 82 -4.65957961720500912772280344142927788197994232178e-02
137 82 1.09134818120156809606591252759244525805115699768e-01
35 83 2.71808811003625520885673694237993913702666759491e-02
41 83 5.49136724134046544376630549777473788708448410034e-03
132 83 -9.31915923441001825544560688285855576395988464355e-02
138 83 8.62786493219777766983114020149514544755220413208e-02
36 84 -2.17931881174705209536224259636583155952394008636e-02
133 84 8.56019435851892857014533433357428293675184249878e-02
31 85 -2.05468148020499924433224236963724251836538314819e-02
37 85 -1.45287920783136806357482839757722103968262672424e-02
128 85 -1.76115555446142817153099002780436421744525432587e-02
134 85 5.70679623901261950935648314953141380101442337036e-02
32 86 -2.59898933744558725822404454675051965750753879547e-02
38 86 -7.26439603915684031787414198788610519841313362122e-03
129 86 -2.22770514638193188605708172644881415180861949921e-02
135 86 2.85339811950630975467824157476570690050721168518e-02
33 87 -2.75664447710896043375328190450090914964675903320e-02
130 87 -2.36283812323625150297878860783384880051016807556e-02
34 88 -2.59898933744558725822404454675051965750753879547e-02
40 88 7.26439603915684031787414198788610519841313362122e-03
131 88 -2.22770514638193188605708172644881415180861949921e-02
137 88 -2.85339811950630975467824157476570690050721168518e-02
35 89 -2.05468148020499924433224236963724251836538314819e-02
41 89 1.45287920783136806357482839757722103968262672424e-02
132 89 -1.76115555446142817153099002780436421744525432587e-02
138 89 -5.70679623901261950935648314953141380101442337036e-02
42 90 2.17931881174705209536224259636583155952394008636e-02
139 90 -8.56019435851892857014533433357428293675184249878e-02
44 91 2.38732414637843025351227055352865136228501796722e-02
141 91 1.04191367706428478223656952650344464927911758423e-01
145 91 6.25148206238570897097517331530980300158262252808e-02
45 92 2.75664447710896043375328190450090914964675903320e-02
140 92 -1.04191367706428492101444760464801220223307609558e-01
146 92 7.21858970310501196765429199331265408545732498169e-02
46 93 2.38732414637843025351227055352865136228501796722e-02
143 93 -1.04191367706428478223656952650344464927911758423e-01
147 93 6.25148206238570897097517331530980300158262252808e-02
43 94 -2.90575841566273612714965679515444207936525344849e-02
49 94 1.22790704410527754669724131986185966525226831436e-02
144 94 1.14135924780252390187129662990628276020288467407e-01
150 94 6.82092613250980112082899609049491118639707565308e-02
44 95 -1.45287920783136806357482839757722103968262672424e-02
50 95 1.55319320573500327387073127738403854891657829285e-02
141 95 -5.70679623901261881546709275880857603624463081360e-02
145 95 5.70679623901261950935648314953141380101442337036e-02
151 95 8.62786493219777766983114020149514544755220413208e-02
51 96 1.64741017240213963312989164933242136612534523010e-02
142 96 -6.58964068960855853251956659732968546450138092041e-02
152 96 9.15123270107799091643840938559151254594326019287e-02
46 97 1.45287920783136806357482839757722103968262672424e-02
52 97 1.55319320573500327387073127738403854891657829285e-02
143 97 -5.70679623901261881546709275880857603624463081360e-02
147 97 -5.70679623901261950935648314953141380101442337036e-02
153 97 8.62786493219777766983114020149514544755220413208e-02
47 98 2.90575841566273612714965679515444207936525344849e-02
53 98 1.22790704410527754669724131986185966525226831436e-02
148 98 -1.14135924780252390187129662990628276020288467407e-01
154 98 6.82092613250980112082899609049491118639707565308e-02
48 99 -2.98415518297303790362651199075116892345249652863e-02
149 99 1.10511633969474970529134338903531897813081741333e-01
43 100 -1.34510477315190266067723712239967426285147666931e-02
49 100 -1.98943678864869182010277626204697298817336559296e-02
144 100 -3.52231110892285634306198005560872843489050865173e-02
150 100 7.36744226463166423934936233308690134435892105103e-02
44 101 -1.70143790988964704880004319420550018548965454102e-02
50 101 -9.94718394324345910051388131023486494086682796478e-03
145 101 -4.45541029276386377211416345289762830361723899841e-02
151 101 3.68372113231583211967468116654345067217946052551e-02
45 102 -1.80464742577625299191357299832816352136433124542e-02
146 102 -4.72567624647250300595757721566769760102033615112e-02
46 103 -1.70143790988964704880004319420550018548965454102e-02
52 103 9.94718394324345910051388131023486494086682796478e-03
147 103 -4.45541029276386377211416345289762830361723899841e-02
153 103 -3.68372113231583211967468116654345067217946052551e-02
47 104 -1.34510477315190266067723712239967426285147666931e-02
53 104 1.98943678864869182010277626204697298817336559296e-02
148 104 -3.52231110892285634306198005560872843489050865173e-02
154 104 -7.36744226463166423934936233308690134435892105103e-02
54 105 2.98415518297303790362651199075116892345249652863e-02
155 105 -1.10511633969474970529134338903531897813081741333e-01
55 107 -5.20956838532142460507223802324006101116538047791e-02
56 108 -6.58964068960855853251956659732968546450138092041e-02
57 109 -6.98936942580751507936298594358959235250949859619e-02
58 110 -6.58964068960855853251956659732968546450138092041e-02
59 111 -5.20956838532142460507223802324006101116538047791e-02
63 113 -2.90575841566273612714965679515444207936525344849e-02
69 113 2.93525925743571333009773738353942462708801031113e-03
60 114 -5.84772600925257055037853604062547674402594566345e-02
64 114 -1.45287920783136806357482839757722103968262672424e-02
70 114 3.71284191063655372166962820301705505698919296265e-03
61 115 -6.75237237117829458554751909105107188224792480469e-02
71 115 3.93806353872708583829798101305641466751694679260e-03
62 116 -5.84772600925257055037853604062547674402594566345e-02
66 116 1.45287920783136806357482839757722103968262672424e-02
72 116 3.71284191063655372166962820301705505698919296265e-03
67 117 2.90575841566273612714965679515444207936525344849e-02
73 117 2.93525925743571333009773738353942462708801031113e-03
68 118 -2.60478419266071230253611901162003050558269023895e-02
63 119 -4.91162817642111018678896527944743866100907325745e-02
69 119 -1.73652279510714165067231107286715996451675891876e-02
64 120 -6.21277282294001309548292510953615419566631317139e-02
70 120 -8.68261397553570825336155536433579982258379459381e-03
65 121 -6.58964068960855853251956659732968546450138092041e-02
66 122 -6.21277282294001309548292510953615419566631317139e-02
72 122 8.68261397553570825336155536433579982258379459381e-03
67 123 -4.91162817642111018678896527944743866100907325745e-02
73 123 1.73652279510714165067231107286715996451675891876e-02
74 124 2.60478419266071230253611901162003050558269023895e-02
76 125 -4.35863762349410419072448519273166311904788017273e-02
80 125 1.27607843241723546007237999333483458030968904495e-02
75 126 -6.16404444061499842688611749963456531986594200134e-02
81 126 1.47348845292633295195328102522580593358725309372e-02
78 127 4.35863762349410419072448519273166311904788017273e-02
82 127 1.27607843241723546007237999333483458030968904495e-02
79 128 -4.65957961720500843383341305070644011721014976501e-02
85 128 8.80577777230714085765495013902182108722627162933e-03
76 129 -4.77464829275686050702454110705730272457003593445e-02
80 129 -2.32978980860250421691670652535322005860507488251e-02
86 129 1.11385257319096594302854086322440707590430974960e-02
77 130 -5.51328895421792086750656380900181829929351806641e-02
87 130 1.18141906161812575148939430391692440025508403778e-02
78 131 -4.77464829275686050702454110705730272457003593445e-02
82 131 2.32978980860250421691670652535322005860507488251e-02
88 131 1.11385257319096594302854086322440707590430974960e-02
83 132 4.65957961720500843383341305070644011721014976501e-02
89 132 8.80577777230714085765495013902182108722627162933e-03
84 133 -4.28009717925946428507266716678714146837592124939e-02
79 134 -4.31393246609888883491557010074757272377610206604e-02
85 134 -2.85339811950630975467824157476570690050721168518e-02
80 135 -5.45674090600784048032956263796222629025578498840e-02
86 135 -1.42669905975315487733912078738285345025360584259e-02
81 136 -5.78774774672425260102492927671846700832247734070e-02
82 137 -5.45674090600784048032956263796222629025578498840e-02
88 137 1.42669905975315487733912078738285345025360584259e-02
83 138 -4.31393246609888883491557010074757272377610206604e-02
89 138 2.85339811950630975467824157476570690050721168518e-02
90 139 4.28009717925946428507266716678714146837592124939e-02
92 140 5.20956838532142460507223802324006101116538047791e-02
91 141 -5.20956838532142460507223802324006101116538047791e-02
95 141 2.85339811950630975467824157476570690050721168518e-02
96 142 3.29482034480427926625978329866484273225069046021e-02
93 143 5.20956838532142460507223802324006101116538047791e-02
97 143 2.85339811950630975467824157476570690050721168518e-02
94 144 -5.70679623901261950935648314953141380101442337036e-02
100 144 1.76115555446142782458629483244294533506035804749e-02
91 145 -3.12574103119285517937697704837773926556110382080e-02
95 145 -2.85339811950630975467824157476570690050721168518e-02
101 145 2.22770514638193153911238653108739526942372322083e-02
92 146 -3.60929485155250667771653638737916480749845504761e-02
102 146 2.36283812323625150297878860783384880051016807556e-02
93 147 -3.12574103119285517937697704837773926556110382080e-02
97 147 2.85339811950630975467824157476570690050721168518e-02
103 147 2.22770514638193153911238653108739526942372322083e-02
98 148 5.70679623901261950935648314953141380101442337036e-02
104 148 1.76115555446142782458629483244294533506035804749e-02
99 149 -5.52558169847374852645671694517659489065408706665e-02
94 150 -3.41046306625490056041449804524745559319853782654e-02
100 150 -3.68372113231583211967468116654345067217946052551e-02
95 151 -4.31393246609888883491557010074757272377610206604e-02
101 151 -1.84186056615791605983734058327172533608973026276e-02
96 152 -4.57561635053899545821920469279575627297163009644e-02
97 153 -4.31393246609888883491557010074757272377610206604e-02
103 153 1.84186056615791605983734058327172533608973026276e-02
98 154 -3.41046306625490056041449804524745559319853782654e-02
104 154 3.68372113231583211967468116654345067217946052551e-02
105 155 5.52558169847374852645671694517659489065408706665e-02
