60 1 -1.50987636313461126569279713294235989451408386230e-01
91 1 1.84921333218449945867689621081808581948280334473e-01
61 2 -1.50987636313461126569279713294235989451408386230e-01
92 2 1.84921333218449945867689621081808581948280334473e-01
62 3 -1.50987636313461126569279713294235989451408386230e-01
93 3 1.84921333218449945867689621081808581948280334473e-01
55 4 1.06764381512576556065852173560415394604206085205e-01
79 4 -1.27607843241723556415578855194326024502515792847e-01
56 5 1.06764381512576556065852173560415394604206085205e-01
80 5 -1.27607843241723556415578855194326024502515792847e-01
57 6 1.06764381512576556065852173560415394604206085205e-01
81 6 -1.27607843241723556415578855194326024502515792847e-01
58 7 1.06764381512576556065852173560415394604206085205e-01
82 7 -1.27607843241723556415578855194326024502515792847e-01
59 8 1.06764381512576556065852173560415394604206085205e-01
83 8 -1.27607843241723556415578855194326024502515792847e-01
68 9 1.21059429583671260277633052737655816599726676941e-01
99 9 -1.23280888812299954659934542178234551101922988892e-01
69 10 1.21059429583671260277633052737655816599726676941e-01
100 10 -1.23280888812299954659934542178234551101922988892e-01
70 11 1.21059429583671260277633052737655816599726676941e-01
101 11 -1.23280888812299954659934542178234551101922988892e-01
71 12 1.21059429583671260277633052737655816599726676941e-01
102 12 -1.23280888812299954659934542178234551101922988892e-01
72 13 1.21059429583671260277633052737655816599726676941e-01
103 13 -1.23280888812299954659934542178234551101922988892e-01
73 14 1.21059429583671260277633052737655816599726676941e-01
104 14 -1.23280888812299954659934542178234551101922988892e-01
74 15 1.21059429583671260277633052737655816599726676941e-01
105 15 -1.23280888812299954659934542178234551101922988892e-01
28 16 -7.54938181567305632846398566471179947257041931152e-02
125 16 2.46561777624599937075444699985382612794637680054e-01
29 17 -7.54938181567305632846398566471179947257041931152e-02
126 17 2.46561777624599937075444699985382612794637680054e-01
30 18 -7.54938181567305632846398566471179947257041931152e-02
127 18 2.46561777624599937075444699985382612794637680054e-01
19 19 1.06764381512576556065852173560415394604206085205e-01
140 19 2.79574777032300603174519437743583694100379943848e-01
20 20 -5.33821907562882780329260867802076973021030426025e-02
141 20 2.28271849560504780374259325981256552040576934814e-01
21 21 -5.33821907562882780329260867802076973021030426025e-02
142 21 2.28271849560504780374259325981256552040576934814e-01
22 22 -5.33821907562882780329260867802076973021030426025e-02
143 22 2.28271849560504780374259325981256552040576934814e-01
23 23 1.06764381512576573413086933328486338723450899124e-02
43 23 -7.84554772228938657185892679990502074360847473145e-02
113 23 -2.09214605927716984501429919873771723359823226929e-01
144 23 1.36963109736302851571210226211405824869871139526e-01
24 24 1.06764381512576573413086933328486338723450899124e-02
44 24 -7.84554772228938657185892679990502074360847473145e-02
114 24 -2.09214605927716984501429919873771723359823226929e-01
145 24 1.36963109736302851571210226211405824869871139526e-01
25 25 1.06764381512576573413086933328486338723450899124e-02
45 25 -7.84554772228938657185892679990502074360847473145e-02
115 25 -2.09214605927716984501429919873771723359823226929e-01
146 25 1.36963109736302851571210226211405824869871139526e-01
26 26 1.06764381512576573413086933328486338723450899124e-02
46 26 -7.84554772228938657185892679990502074360847473145e-02
116 26 -2.09214605927716984501429919873771723359823226929e-01
147 26 1.36963109736302851571210226211405824869871139526e-01
27 27 1.06764381512576573413086933328486338723450899124e-02
47 27 -7.84554772228938657185892679990502074360847473145e-02
117 27 -2.09214605927716984501429919873771723359823226929e-01
148 27 1.36963109736302851571210226211405824869871139526e-01
16 28 -7.54938181567305632846398566471179947257041931152e-02
28 28 5.33821907562882780329260867802076973021030426025e-02
125 28 -4.98130014113611838122430697239906294271349906921e-02
17 29 -7.54938181567305632846398566471179947257041931152e-02
29 29 5.33821907562882780329260867802076973021030426025e-02
126 29 -4.98130014113611838122430697239906294271349906921e-02
18 30 -7.54938181567305632846398566471179947257041931152e-02
30 30 5.33821907562882780329260867802076973021030426025e-02
127 30 -4.98130014113611838122430697239906294271349906921e-02
31 31 -5.33821907562882780329260867802076973021030426025e-02
128 31 -1.22016436014373202967320253264915663748979568481e-01
32 32 -5.33821907562882780329260867802076973021030426025e-02
129 32 -1.22016436014373202967320253264915663748979568481e-01
33 33 -5.33821907562882780329260867802076973021030426025e-02
130 33 -1.22016436014373202967320253264915663748979568481e-01
34 34 -5.33821907562882780329260867802076973021030426025e-02
131 34 -1.22016436014373202967320253264915663748979568481e-01
35 35 -5.33821907562882780329260867802076973021030426025e-02
132 35 -1.22016436014373202967320253264915663748979568481e-01
36 36 1.52520545017966503709150316581144579686224460602e-02
106 36 1.61412572778228347036844070316874422132968902588e-01
133 36 -1.59757015447028916099725392996333539485931396484e-01
37 37 1.52520545017966503709150316581144579686224460602e-02
107 37 1.61412572778228347036844070316874422132968902588e-01
134 37 -1.59757015447028916099725392996333539485931396484e-01
38 38 1.52520545017966503709150316581144579686224460602e-02
108 38 1.61412572778228347036844070316874422132968902588e-01
135 38 -1.59757015447028916099725392996333539485931396484e-01
39 39 1.52520545017966503709150316581144579686224460602e-02
109 39 1.61412572778228347036844070316874422132968902588e-01
136 39 -1.59757015447028916099725392996333539485931396484e-01
40 40 1.52520545017966503709150316581144579686224460602e-02
110 40 1.61412572778228347036844070316874422132968902588e-01
137 40 -1.59757015447028916099725392996333539485931396484e-01
41 41 1.52520545017966503709150316581144579686224460602e-02
111 41 1.61412572778228347036844070316874422132968902588e-01
138 41 -1.59757015447028916099725392996333539485931396484e-01
42 42 1.52520545017966503709150316581144579686224460602e-02
112 42 1.61412572778228347036844070316874422132968902588e-01
139 42 -1.59757015447028916099725392996333539485931396484e-01
23 43 -7.84554772228938657185892679990502074360847473145e-02
43 43 4.27057526050306293652347733313945354893803596497e-02
113 43 1.22016436014373216845108061079372419044375419617e-02
144 43 -7.45532738752801571457951013144338503479957580566e-02
24 44 -7.84554772228938657185892679990502074360847473145e-02
44 44 4.27057526050306293652347733313945354893803596497e-02
114 44 1.22016436014373216845108061079372419044375419617e-02
145 44 -7.45532738752801571457951013144338503479957580566e-02
25 45 -7.84554772228938657185892679990502074360847473145e-02
45 45 4.27057526050306293652347733313945354893803596497e-02
115 45 1.22016436014373216845108061079372419044375419617e-02
146 45 -7.45532738752801571457951013144338503479957580566e-02
26 46 -7.84554772228938657185892679990502074360847473145e-02
46 46 4.27057526050306293652347733313945354893803596497e-02
116 46 1.22016436014373216845108061079372419044375419617e-02
147 46 -7.45532738752801571457951013144338503479957580566e-02
27 47 -7.84554772228938657185892679990502074360847473145e-02
47 47 4.27057526050306293652347733313945354893803596497e-02
117 47 1.22016436014373216845108061079372419044375419617e-02
148 47 -7.45532738752801571457951013144338503479957580566e-02
48 48 -5.33821907562882780329260867802076973021030426025e-02
118 48 6.10082180071866014836601266324578318744897842407e-02
149 48 -1.31792813792171170650391331946593709290027618408e-01
49 49 -5.33821907562882780329260867802076973021030426025e-02
119 49 6.10082180071866014836601266324578318744897842407e-02
150 49 -1.31792813792171170650391331946593709290027618408e-01
50 50 -5.33821907562882780329260867802076973021030426025e-02
120 50 6.10082180071866014836601266324578318744897842407e-02
151 50 -1.31792813792171170650391331946593709290027618408e-01
51 51 -5.33821907562882780329260867802076973021030426025e-02
121 51 6.10082180071866014836601266324578318744897842407e-02
152 51 -1.31792813792171170650391331946593709290027618408e-01
52 52 -5.33821907562882780329260867802076973021030426025e-02
122 52 6.10082180071866014836601266324578318744897842407e-02
153 52 -1.31792813792171170650391331946593709290027618408e-01
53 53 -5.33821907562882780329260867802076973021030426025e-02
123 53 6.10082180071866014836601266324578318744897842407e-02
154 53 -1.31792813792171170650391331946593709290027618408e-01
54 54 -5.33821907562882780329260867802076973021030426025e-02
124 54 6.10082180071866014836601266324578318744897842407e-02
155 54 -1.31792813792171170650391331946593709290027618408e-01
79 55 -6.38039216208617782077894275971630122512578964233e-02
80 56 -6.38039216208617782077894275971630122512578964233e-02
81 57 -6.38039216208617782077894275971630122512578964233e-02
82 58 -6.38039216208617782077894275971630122512578964233e-02
83 59 -6.38039216208617782077894275971630122512578964233e-02
60 60 5.33821907562882780329260867802076973021030426025e-02
91 60 -1.86798755292604430622294131580929388292133808136e-02
61 61 5.33821907562882780329260867802076973021030426025e-02
92 61 -1.86798755292604430622294131580929388292133808136e-02
62 62 5.33821907562882780329260867802076973021030426025e-02
93 62 -1.86798755292604430622294131580929388292133808136e-02
63 63 -5.33821907562882780329260867802076973021030426025e-02
94 63 -4.57561635053899545821920469279575627297163009644e-02
64 64 -5.33821907562882780329260867802076973021030426025e-02
95 64 -4.57561635053899545821920469279575627297163009644e-02
65 65 -5.33821907562882780329260867802076973021030426025e-02
96 65 -4.57561635053899545821920469279575627297163009644e-02
66 66 -5.33821907562882780329260867802076973021030426025e-02
97 66 -4.57561635053899545821920469279575627297163009644e-02
67 67 -5.33821907562882780329260867802076973021030426025e-02
98 67 -4.57561635053899545821920469279575627297163009644e-02
68 68 1.52520545017966503709150316581144579686224460602e-02
99 68 -5.99088807926358435373970223736250773072242736816e-02
69 69 1.52520545017966503709150316581144579686224460602e-02
100 69 -5.99088807926358435373970223736250773072242736816e-02
70 70 1.52520545017966503709150316581144579686224460602e-02
101 70 -5.99088807926358435373970223736250773072242736816e-02
71 71 1.52520545017966503709150316581144579686224460602e-02
102 71 -5.99088807926358435373970223736250773072242736816e-02
72 72 1.52520545017966503709150316581144579686224460602e-02
103 72 -5.99088807926358435373970223736250773072242736816e-02
73 73 1.52520545017966503709150316581144579686224460602e-02
104 73 -5.99088807926358435373970223736250773072242736816e-02
74 74 1.52520545017966503709150316581144579686224460602e-02
105 74 -5.99088807926358435373970223736250773072242736816e-02
75 75 7.62602725089832622629160141514148563146591186523e-02
76 76 3.81301362544916311314580070757074281573295593262e-02
77 77 3.81301362544916311314580070757074281573295593262e-02
78 78 3.81301362544916311314580070757074281573295593262e-02
55 79 -6.38039216208617782077894275971630122512578964233e-02
79 79 -1.63414869662106970737980304875236470252275466919e-02
56 80 -6.38039216208617782077894275971630122512578964233e-02
80 80 -1.63414869662106970737980304875236470252275466919e-02
57 81 -6.38039216208617782077894275971630122512578964233e-02
81 81 -1.63414869662106970737980304875236470252275466919e-02
58 82 -6.38039216208617782077894275971630122512578964233e-02
82 82 -1.63414869662106970737980304875236470252275466919e-02
59 83 -6.38039216208617782077894275971630122512578964233e-02
83 83 -1.63414869662106970737980304875236470252275466919e-02
84 84 -4.35772985765618611764260492691391846165060997009e-02
85 85 -4.35772985765618611764260492691391846165060997009e-02
86 86 -4.35772985765618611764260492691391846165060997009e-02
87 87 -4.35772985765618611764260492691391846165060997009e-02
88 88 -4.35772985765618611764260492691391846165060997009e-02
89 89 -4.35772985765618611764260492691391846165060997009e-02
90 90 -4.35772985765618611764260492691391846165060997009e-02
60 91 -1.86798755292604430622294131580929388292133808136e-02
91 91 6.10082180071866014836601266324578318744897842407e-02
61 92 -1.86798755292604430622294131580929388292133808136e-02
92 92 6.10082180071866014836601266324578318744897842407e-02
62 93 -1.86798755292604430622294131580929388292133808136e-02
93 93 6.10082180071866014836601266324578318744897842407e-02
63 94 -4.57561635053899545821920469279575627297163009644e-02
94 94 1.52520545017966503709150316581144579686224460602e-02
64 95 -4.57561635053899545821920469279575627297163009644e-02
95 95 1.52520545017966503709150316581144579686224460602e-02
65 96 -4.57561635053899545821920469279575627297163009644e-02
96 96 1.52520545017966503709150316581144579686224460602e-02
66 97 -4.57561635053899545821920469279575627297163009644e-02
97 97 1.52520545017966503709150316581144579686224460602e-02
67 98 -4.57561635053899545821920469279575627297163009644e-02
98 98 1.52520545017966503709150316581144579686224460602e-02
68 99 -5.99088807926358435373970223736250773072242736816e-02
99 99 -2.79620999199605285712166846678883302956819534302e-02
69 100 -5.99088807926358435373970223736250773072242736816e-02
100 100 -2.79620999199605285712166846678883302956819534302e-02
70 101 -5.99088807926358435373970223736250773072242736816e-02
101 101 -2.79620999199605285712166846678883302956819534302e-02
71 102 -5.99088807926358435373970223736250773072242736816e-02
102 102 -2.79620999199605285712166846678883302956819534302e-02
72 103 -5.99088807926358435373970223736250773072242736816e-02
103 103 -2.79620999199605285712166846678883302956819534302e-02
73 104 -5.99088807926358435373970223736250773072242736816e-02
104 104 -2.79620999199605285712166846678883302956819534302e-02
74 105 -5.99088807926358435373970223736250773072242736816e-02
105 105 -2.79620999199605285712166846678883302956819534302e-02
36 106 -4.03531431945570867592110175792186055332422256470e-02
133 106 -6.16404444061499773299672710891172755509614944458e-02
37 107 -4.03531431945570867592110175792186055332422256470e-02
134 107 -6.16404444061499773299672710891172755509614944458e-02
38 108 -4.03531431945570867592110175792186055332422256470e-02
135 108 -6.16404444061499773299672710891172755509614944458e-02
39 109 -4.03531431945570867592110175792186055332422256470e-02
136 109 -6.16404444061499773299672710891172755509614944458e-02
40 110 -4.03531431945570867592110175792186055332422256470e-02
137 110 -6.16404444061499773299672710891172755509614944458e-02
41 111 -4.03531431945570867592110175792186055332422256470e-02
138 111 -6.16404444061499773299672710891172755509614944458e-02
42 112 -4.03531431945570867592110175792186055332422256470e-02
139 112 -6.16404444061499773299672710891172755509614944458e-02
23 113 5.23036514819292461253574799684429308399558067322e-02
43 113 -3.05041090035933042112770152698431047610938549042e-03
113 113 4.27057526050306293652347733313945354893803596497e-02
144 113 -2.79574777032300589296731629929126938804984092712e-02
24 114 5.23036514819292461253574799684429308399558067322e-02
44 114 -3.05041090035933042112770152698431047610938549042e-03
114 114 4.27057526050306293652347733313945354893803596497e-02
145 114 -2.79574777032300589296731629929126938804984092712e-02
25 115 5.23036514819292461253574799684429308399558067322e-02
45 115 -3.05041090035933042112770152698431047610938549042e-03
115 115 4.27057526050306293652347733313945354893803596497e-02
146 115 -2.79574777032300589296731629929126938804984092712e-02
26 116 5.23036514819292461253574799684429308399558067322e-02
46 116 -3.05041090035933042112770152698431047610938549042e-03
116 116 4.27057526050306293652347733313945354893803596497e-02
147 116 -2.79574777032300589296731629929126938804984092712e-02
27 117 5.23036514819292461253574799684429308399558067322e-02
47 117 -3.05041090035933042112770152698431047610938549042e-03
117 117 4.27057526050306293652347733313945354893803596497e-02
148 117 -2.79574777032300589296731629929126938804984092712e-02
48 118 -1.52520545017966503709150316581144579686224460602e-02
118 118 -5.33821907562882780329260867802076973021030426025e-02
149 118 -4.94223051720641889938967494799726409837603569031e-02
49 119 -1.52520545017966503709150316581144579686224460602e-02
119 119 -5.33821907562882780329260867802076973021030426025e-02
150 119 -4.94223051720641889938967494799726409837603569031e-02
50 120 -1.52520545017966503709150316581144579686224460602e-02
120 120 -5.33821907562882780329260867802076973021030426025e-02
151 120 -4.94223051720641889938967494799726409837603569031e-02
51 121 -1.52520545017966503709150316581144579686224460602e-02
121 121 -5.33821907562882780329260867802076973021030426025e-02
152 121 -4.94223051720641889938967494799726409837603569031e-02
52 122 -1.52520545017966503709150316581144579686224460602e-02
122 122 -5.33821907562882780329260867802076973021030426025e-02
153 122 -4.94223051720641889938967494799726409837603569031e-02
53 123 -1.52520545017966503709150316581144579686224460602e-02
123 123 -5.33821907562882780329260867802076973021030426025e-02
154 123 -4.94223051720641889938967494799726409837603569031e-02
54 124 -1.52520545017966503709150316581144579686224460602e-02
124 124 -5.33821907562882780329260867802076973021030426025e-02
155 124 -4.94223051720641889938967494799726409837603569031e-02
16 125 -6.16404444061499842688611749963456531986594200134e-02
28 125 1.24532503528402959530607674309976573567837476730e-02
125 125 6.10082180071866014836601266324578318744897842407e-02
17 126 -6.16404444061499842688611749963456531986594200134e-02
29 126 1.24532503528402959530607674309976573567837476730e-02
126 126 6.10082180071866014836601266324578318744897842407e-02
18 127 -6.16404444061499842688611749963456531986594200134e-02
30 127 1.24532503528402959530607674309976573567837476730e-02
127 127 6.10082180071866014836601266324578318744897842407e-02
31 128 3.05041090035933007418300633162289159372448921204e-02
128 128 1.52520545017966503709150316581144579686224460602e-02
32 129 3.05041090035933007418300633162289159372448921204e-02
129 129 1.52520545017966503709150316581144579686224460602e-02
33 130 3.05041090035933007418300633162289159372448921204e-02
130 130 1.52520545017966503709150316581144579686224460602e-02
34 131 3.05041090035933007418300633162289159372448921204e-02
131 131 1.52520545017966503709150316581144579686224460602e-02
35 132 3.05041090035933007418300633162289159372448921204e-02
132 132 1.52520545017966503709150316581144579686224460602e-02
36 133 3.99392538617572290249313482490833848714828491211e-02
106 133 -6.16404444061499773299672710891172755509614944458e-02
133 133 -2.79620999199605285712166846678883302956819534302e-02
37 134 3.99392538617572290249313482490833848714828491211e-02
107 134 -6.16404444061499773299672710891172755509614944458e-02
134 134 -2.79620999199605285712166846678883302956819534302e-02
38 135 3.99392538617572290249313482490833848714828491211e-02
108 135 -6.16404444061499773299672710891172755509614944458e-02
135 135 -2.79620999199605285712166846678883302956819534302e-02
39 136 3.99392538617572290249313482490833848714828491211e-02
109 136 -6.16404444061499773299672710891172755509614944458e-02
136 136 -2.79620999199605285712166846678883302956819534302e-02
40 137 3.99392538617572290249313482490833848714828491211e-02
110 137 -6.16404444061499773299672710891172755509614944458e-02
137 137 -2.79620999199605285712166846678883302956819534302e-02
41 138 3.99392538617572290249313482490833848714828491211e-02
111 138 -6.16404444061499773299672710891172755509614944458e-02
138 138 -2.79620999199605285712166846678883302956819534302e-02
42 139 3.99392538617572290249313482490833848714828491211e-02
112 139 -6.16404444061499773299672710891172755509614944458e-02
139 139 -2.79620999199605285712166846678883302956819534302e-02
19 140 -6.98936942580751507936298594358959235250949859619e-02
140 140 7.11762543417177040439014490402769297361373901367e-02
20 141 -5.70679623901261950935648314953141380101442337036e-02
141 141 5.33821907562882780329260867802076973021030426025e-02
21 142 -5.70679623901261950935648314953141380101442337036e-02
142 142 5.33821907562882780329260867802076973021030426025e-02
22 143 -5.70679623901261950935648314953141380101442337036e-02
143 143 5.33821907562882780329260867802076973021030426025e-02
23 144 -3.42407774340757128928025565528514562174677848816e-02
43 144 1.86383184688200392864487753286084625869989395142e-02
113 144 -2.79574777032300589296731629929126938804984092712e-02
144 144 2.25391472082106074370511095139590906910598278046e-02
24 145 -3.42407774340757128928025565528514562174677848816e-02
44 145 1.86383184688200392864487753286084625869989395142e-02
114 145 -2.79574777032300589296731629929126938804984092712e-02
145 145 2.25391472082106074370511095139590906910598278046e-02
25 146 -3.42407774340757128928025565528514562174677848816e-02
45 146 1.86383184688200392864487753286084625869989395142e-02
115 146 -2.79574777032300589296731629929126938804984092712e-02
146 146 2.25391472082106074370511095139590906910598278046e-02
26 147 -3.42407774340757128928025565528514562174677848816e-02
46 147 1.86383184688200392864487753286084625869989395142e-02
116 147 -2.79574777032300589296731629929126938804984092712e-02
147 147 2.25391472082106074370511095139590906910598278046e-02
27 148 -3.42407774340757128928025565528514562174677848816e-02
47 148 1.86383184688200392864487753286084625869989395142e-02
117 148 -2.79574777032300589296731629929126938804984092712e-02
148 148 2.25391472082106074370511095139590906910598278046e-02
48 149 3.29482034480427926625978329866484273225069046021e-02
118 149 -4.94223051720641889938967494799726409837603569031e-02
149 149 -1.18627090569529483610189402043033624067902565002e-02
49 150 3.29482034480427926625978329866484273225069046021e-02
119 150 -4.94223051720641889938967494799726409837603569031e-02
150 150 -1.18627090569529483610189402043033624067902565002e-02
50 151 3.29482034480427926625978329866484273225069046021e-02
120 151 -4.94223051720641889938967494799726409837603569031e-02
151 151 -1.18627090569529483610189402043033624067902565002e-02
51 152 3.29482034480427926625978329866484273225069046021e-02
121 152 -4.94223051720641889938967494799726409837603569031e-02
152 152 -1.18627090569529483610189402043033624067902565002e-02
52 153 3.29482034480427926625978329866484273225069046021e-02
122 153 -4.94223051720641889938967494799726409837603569031e-02
153 153 -1.18627090569529483610189402043033624067902565002e-02
53 154 3.29482034480427926625978329866484273225069046021e-02
123 154 -4.94223051720641889938967494799726409837603569031e-02
154 154 -1.18627090569529483610189402043033624067902565002e-02
54 155 3.29482034480427926625978329866484273225069046021e-02
124 155 -4.94223051720641889938967494799726409837603569031e-02
155 155 -1.18627090569529483610189402043033624067902565002e-02
