1 0 1 1 -1
2 0 1 1 0
3 0 1 1 1
4 0 2 2 -2
5 0 2 2 -1
6 0 2 2 0
7 0 2 2 1
8 0 2 2 2
9 1 0 1 -1
10 1 0 1 0
11 1 0 1 1
12 1 1 0 0
13 1 1 1 -1
14 1 1 1 0
15 1 1 1 1
16 1 1 2 -2
17 1 1 2 -1
18 1 1 2 0
19 1 1 2 1
20 1 1 2 2
21 1 2 1 -1
22 1 2 1 0
23 1 2 1 1
24 1 2 2 -2
25 1 2 2 -1
26 1 2 2 0
27 1 2 2 1
28 1 2 2 2
29 2 0 2 -2
30 2 0 2 -1
31 2 0 2 0
32 2 0 2 1
33 2 0 2 2
34 2 1 1 -1
35 2 1 1 0
36 2 1 1 1
37 2 1 2 -2
38 2 1 2 -1
39 2 1 2 0
40 2 1 2 1
41 2 1 2 2
42 2 2 0 0
43 2 2 1 -1
44 2 2 1 0
45 2 2 1 1
46 2 2 2 -2
47 2 2 2 -1
48 2 2 2 0
49 2 2 2 1
50 2 2 2 2
