1 1 1.00000000000000000000000000000000000000000000000e+00
2 2 1.00000000000000000000000000000000000000000000000e+00
3 3 1.00000000000000000000000000000000000000000000000e+00
4 4 3.00000000000000000000000000000000000000000000000e+00
5 5 3.00000000000000000000000000000000000000000000000e+00
6 6 3.00000000000000000000000000000000000000000000000e+00
7 7 3.00000000000000000000000000000000000000000000000e+00
8 8 3.00000000000000000000000000000000000000000000000e+00
12 12 1.00000000000000000000000000000000000000000000000e+00
13 13 1.00000000000000000000000000000000000000000000000e+00
14 14 1.00000000000000000000000000000000000000000000000e+00
15 15 1.00000000000000000000000000000000000000000000000e+00
16 16 1.00000000000000000000000000000000000000000000000e+00
17 17 1.00000000000000000000000000000000000000000000000e+00
18 18 1.00000000000000000000000000000000000000000000000e+00
19 19 1.00000000000000000000000000000000000000000000000e+00
20 20 1.00000000000000000000000000000000000000000000000e+00
21 21 3.00000000000000000000000000000000000000000000000e+00
22 22 3.00000000000000000000000000000000000000000000000e+00
23 23 3.00000000000000000000000000000000000000000000000e+00
24 24 3.00000000000000000000000000000000000000000000000e+00
25 25 3.00000000000000000000000000000000000000000000000e+00
26 26 3.00000000000000000000000000000000000000000000000e+00
27 27 3.00000000000000000000000000000000000000000000000e+00
28 28 3.00000000000000000000000000000000000000000000000e+00
34 34 1.00000000000000000000000000000000000000000000000e+00
35 35 1.00000000000000000000000000000000000000000000000e+00
36 36 1.00000000000000000000000000000000000000000000000e+00
37 37 1.00000000000000000000000000000000000000000000000e+00
38 38 1.00000000000000000000000000000000000000000000000e+00
39 39 1.00000000000000000000000000000000000000000000000e+00
40 40 1.00000000000000000000000000000000000000000000000e+00
41 41 1.00000000000000000000000000000000000000000000000e+00
42 42 3.00000000000000000000000000000000000000000000000e+00
43 43 3.00000000000000000000000000000000000000000000000e+00
44 44 3.00000000000000000000000000000000000000000000000e+00
45 45 3.00000000000000000000000000000000000000000000000e+00
46 46 3.00000000000000000000000000000000000000000000000e+00
47 47 3.00000000000000000000000000000000000000000000000e+00
48 48 3.00000000000000000000000000000000000000000000000e+00
49 49 3.00000000000000000000000000000000000000000000000e+00
50 50 3.00000000000000000000000000000000000000000000000e+00
