13 1 2.81348848799095642425616148329936549998819828033e-02
17 1 8.44046546397286961971317964525951538234949111938e-02
18 2 9.74621001542095299896573123987764120101928710938e-02
15 3 -2.81348848799095642425616148329936549998819828033e-02
19 3 8.44046546397286961971317964525951538234949111938e-02
24 4 3.24873667180698433298857707995921373367309570313e-02
21 5 2.17931881174705209536224259636583155952394008636e-02
25 5 1.62436833590349216649428853997960686683654785156e-02
22 6 2.51646060522435210948799522157059982419013977051e-02
23 7 2.17931881174705209536224259636583155952394008636e-02
27 7 -1.62436833590349216649428853997960686683654785156e-02
28 8 -3.24873667180698433298857707995921373367309570313e-02
30 9 9.24606666092249729338448105409042909741401672363e-02
31 10 1.06764381512576556065852173560415394604206085205e-01
32 11 9.24606666092249729338448105409042909741401672363e-02
2 12 -4.59440746184826831477465702846529893577098846436e-02
35 12 6.49747334361396866597715415991842746734619140625e-02
1 13 2.81348848799095642425616148329936549998819828033e-02
34 13 1.98943678864869182010277626204697298817336559296e-02
38 13 8.00732861344324309271769379847683012485504150391e-02
39 14 9.24606666092249729338448105409042909741401672363e-02
3 15 -2.81348848799095642425616148329936549998819828033e-02
36 15 -1.98943678864869182010277626204697298817336559296e-02
40 15 8.00732861344324309271769379847683012485504150391e-02
37 16 1.77940635854294260109753622600692324340343475342e-02
1 17 -2.81348848799095642425616148329936549998819828033e-02
34 17 3.97887357729738346673320492641323653515428304672e-03
38 17 8.89703179271471300548768113003461621701717376709e-03
2 18 -3.24873667180698433298857707995921373367309570313e-02
35 18 4.59440746184826796782996183310388005338609218597e-03
3 19 -2.81348848799095642425616148329936549998819828033e-02
36 19 3.97887357729738346673320492641323653515428304672e-03
40 19 -8.89703179271471300548768113003461621701717376709e-03
41 20 -1.77940635854294260109753622600692324340343475342e-02
5 21 -6.53795643524115593914203259373607579618692398071e-02
43 21 2.66910953781441424859099953437180374749004840851e-02
47 21 5.47004680458749587002031944393820594996213912964e-02
6 22 -7.54938181567305632846398566471179947257041931152e-02
48 22 6.31626599021688633905924348255211953073740005493e-02
7 23 -6.53795643524115593914203259373607579618692398071e-02
45 23 -2.66910953781441424859099953437180374749004840851e-02
49 23 5.47004680458749587002031944393820594996213912964e-02
4 24 3.24873667180698433298857707995921373367309570313e-02
46 24 2.71808811003625520885673694237993913702666759491e-02
5 25 1.62436833590349216649428853997960686683654785156e-02
43 25 1.19366207318921530022848287444503512233495712280e-02
47 25 1.35904405501812760442836847118996956851333379745e-02
44 26 1.37832223855448021687664095225045457482337951660e-02
7 27 -1.62436833590349216649428853997960686683654785156e-02
45 27 1.19366207318921530022848287444503512233495712280e-02
49 27 -1.35904405501812760442836847118996956851333379745e-02
8 28 -3.24873667180698433298857707995921373367309570313e-02
50 28 -2.71808811003625520885673694237993913702666759491e-02
9 30 -3.08202222030749921344305874981728265993297100067e-02
10 31 -3.55881271708588520219507245201384648680686950684e-02
11 32 -3.08202222030749921344305874981728265993297100067e-02
13 34 1.98943678864869182010277626204697298817336559296e-02
17 34 -1.19366207318921495328378767908361623995006084442e-02
18 35 -1.37832223855448039034898854993116401601582765579e-02
15 36 -1.98943678864869182010277626204697298817336559296e-02
19 36 -1.19366207318921495328378767908361623995006084442e-02
16 37 1.77940635854294260109753622600692324340343475342e-02
13 38 -2.66910953781441424859099953437180374749004840851e-02
17 38 8.89703179271471300548768113003461621701717376709e-03
14 39 -3.08202222030749921344305874981728265993297100067e-02
15 40 -2.66910953781441424859099953437180374749004840851e-02
19 40 -8.89703179271471300548768113003461621701717376709e-03
20 41 -1.77940635854294260109753622600692324340343475342e-02
22 42 -5.03292121044870421897599044314119964838027954102e-02
21 43 2.66910953781441424859099953437180374749004840851e-02
25 43 -3.58098621956764659457483901405794313177466392517e-02
26 44 -4.13496671566344203840870363819703925400972366333e-02
23 45 -2.66910953781441424859099953437180374749004840851e-02
27 45 -3.58098621956764659457483901405794313177466392517e-02
24 46 2.71808811003625520885673694237993913702666759491e-02
21 47 -1.82334893486249850769187474952559568919241428375e-02
25 47 1.35904405501812760442836847118996956851333379745e-02
22 48 -2.10542199673896222866797955930451280437409877777e-02
23 49 -1.82334893486249850769187474952559568919241428375e-02
27 49 -1.35904405501812760442836847118996956851333379745e-02
28 50 -2.71808811003625520885673694237993913702666759491e-02
