34 1 -7.54938181567305632846398566471179947257041931152e-02
35 2 -7.54938181567305632846398566471179947257041931152e-02
36 3 -7.54938181567305632846398566471179947257041931152e-02
46 4 -6.38039216208617782077894275971630122512578964233e-02
47 5 -6.38039216208617782077894275971630122512578964233e-02
48 6 -6.38039216208617782077894275971630122512578964233e-02
49 7 -6.38039216208617782077894275971630122512578964233e-02
50 8 -6.38039216208617782077894275971630122512578964233e-02
21 9 -1.50987636313461126569279713294235989451408386230e-01
22 10 -1.50987636313461126569279713294235989451408386230e-01
23 11 -1.50987636313461126569279713294235989451408386230e-01
12 12 1.06764381512576556065852173560415394604206085205e-01
13 13 -5.33821907562882780329260867802076973021030426025e-02
14 14 -5.33821907562882780329260867802076973021030426025e-02
15 15 -5.33821907562882780329260867802076973021030426025e-02
16 16 1.06764381512576573413086933328486338723450899124e-02
17 17 1.06764381512576573413086933328486338723450899124e-02
18 18 1.06764381512576573413086933328486338723450899124e-02
19 19 1.06764381512576573413086933328486338723450899124e-02
20 20 1.06764381512576573413086933328486338723450899124e-02
21 21 5.33821907562882780329260867802076973021030426025e-02
22 22 5.33821907562882780329260867802076973021030426025e-02
23 23 5.33821907562882780329260867802076973021030426025e-02
24 24 -5.33821907562882780329260867802076973021030426025e-02
25 25 -5.33821907562882780329260867802076973021030426025e-02
26 26 -5.33821907562882780329260867802076973021030426025e-02
27 27 -5.33821907562882780329260867802076973021030426025e-02
28 28 -5.33821907562882780329260867802076973021030426025e-02
4 29 1.06764381512576556065852173560415394604206085205e-01
46 29 -1.27607843241723556415578855194326024502515792847e-01
5 30 1.06764381512576556065852173560415394604206085205e-01
47 30 -1.27607843241723556415578855194326024502515792847e-01
6 31 1.06764381512576556065852173560415394604206085205e-01
48 31 -1.27607843241723556415578855194326024502515792847e-01
7 32 1.06764381512576556065852173560415394604206085205e-01
49 32 -1.27607843241723556415578855194326024502515792847e-01
8 33 1.06764381512576556065852173560415394604206085205e-01
50 33 -1.27607843241723556415578855194326024502515792847e-01
1 34 -7.54938181567305632846398566471179947257041931152e-02
34 34 5.33821907562882780329260867802076973021030426025e-02
2 35 -7.54938181567305632846398566471179947257041931152e-02
35 35 5.33821907562882780329260867802076973021030426025e-02
3 36 -7.54938181567305632846398566471179947257041931152e-02
36 36 5.33821907562882780329260867802076973021030426025e-02
37 37 -5.33821907562882780329260867802076973021030426025e-02
38 38 -5.33821907562882780329260867802076973021030426025e-02
39 39 -5.33821907562882780329260867802076973021030426025e-02
40 40 -5.33821907562882780329260867802076973021030426025e-02
41 41 -5.33821907562882780329260867802076973021030426025e-02
42 42 7.62602725089832622629160141514148563146591186523e-02
43 43 3.81301362544916311314580070757074281573295593262e-02
44 44 3.81301362544916311314580070757074281573295593262e-02
45 45 3.81301362544916311314580070757074281573295593262e-02
4 46 -6.38039216208617782077894275971630122512578964233e-02
46 46 -1.63414869662106970737980304875236470252275466919e-02
5 47 -6.38039216208617782077894275971630122512578964233e-02
47 47 -1.63414869662106970737980304875236470252275466919e-02
6 48 -6.38039216208617782077894275971630122512578964233e-02
48 48 -1.63414869662106970737980304875236470252275466919e-02
7 49 -6.38039216208617782077894275971630122512578964233e-02
49 49 -1.63414869662106970737980304875236470252275466919e-02
8 50 -6.38039216208617782077894275971630122512578964233e-02
50 50 -1.63414869662106970737980304875236470252275466919e-02
