13 1 5.62697697598191284851232296659873099997639656067e-02
17 1 5.62697697598191284851232296659873099997639656067e-02
12 2 -4.59440746184826831477465702846529893577098846436e-02
18 2 6.49747334361396866597715415991842746734619140625e-02
15 3 -5.62697697598191284851232296659873099997639656067e-02
19 3 5.62697697598191284851232296659873099997639656067e-02
24 4 6.49747334361396866597715415991842746734619140625e-02
21 5 -4.35863762349410419072448519273166311904788017273e-02
25 5 3.24873667180698433298857707995921373367309570313e-02
22 6 -5.03292121044870421897599044314119964838027954102e-02
23 7 -4.35863762349410419072448519273166311904788017273e-02
27 7 -3.24873667180698433298857707995921373367309570313e-02
28 8 -6.49747334361396866597715415991842746734619140625e-02
30 9 9.24606666092249729338448105409042909741401672363e-02
31 10 1.06764381512576556065852173560415394604206085205e-01
32 11 9.24606666092249729338448105409042909741401672363e-02
35 12 9.74621001542095299896573123987764120101928710938e-02
34 13 5.96831036594607511336363359077950008213520050049e-02
38 13 8.00732861344324309271769379847683012485504150391e-02
39 14 9.24606666092249729338448105409042909741401672363e-02
36 15 -5.96831036594607511336363359077950008213520050049e-02
40 15 8.00732861344324309271769379847683012485504150391e-02
37 16 5.33821907562882780329260867802076973021030426025e-02
34 17 -1.19366207318921495328378767908361623995006084442e-02
38 17 2.66910953781441390164630433901038486510515213013e-02
35 18 -1.37832223855448039034898854993116401601582765579e-02
36 19 -1.19366207318921495328378767908361623995006084442e-02
40 19 -2.66910953781441390164630433901038486510515213013e-02
41 20 -5.33821907562882780329260867802076973021030426025e-02
43 21 8.00732861344324309271769379847683012485504150391e-02
47 21 5.47004680458749587002031944393820594996213912964e-02
42 22 -7.54938181567305632846398566471179947257041931152e-02
48 22 6.31626599021688633905924348255211953073740005493e-02
45 23 -8.00732861344324309271769379847683012485504150391e-02
49 23 5.47004680458749587002031944393820594996213912964e-02
46 24 8.15426433010876527962551563177839852869510650635e-02
43 25 -3.58098621956764590068544862333510536700487136841e-02
47 25 4.07713216505438263981275781588919926434755325317e-02
44 26 -4.13496671566344065062992285675136372447013854980e-02
45 27 -3.58098621956764590068544862333510536700487136841e-02
49 27 -4.07713216505438263981275781588919926434755325317e-02
50 28 -8.15426433010876527962551563177839852869510650635e-02
9 30 -3.08202222030749921344305874981728265993297100067e-02
10 31 -3.55881271708588520219507245201384648680686950684e-02
11 32 -3.08202222030749921344305874981728265993297100067e-02
13 34 -1.98943678864869182010277626204697298817336559296e-02
17 34 3.97887357729738346673320492641323653515428304672e-03
12 35 -3.24873667180698433298857707995921373367309570313e-02
18 35 4.59440746184826796782996183310388005338609218597e-03
15 36 1.98943678864869182010277626204697298817336559296e-02
19 36 3.97887357729738346673320492641323653515428304672e-03
16 37 -1.77940635854294260109753622600692324340343475342e-02
13 38 -2.66910953781441424859099953437180374749004840851e-02
17 38 -8.89703179271471300548768113003461621701717376709e-03
14 39 -3.08202222030749921344305874981728265993297100067e-02
15 40 -2.66910953781441424859099953437180374749004840851e-02
19 40 8.89703179271471300548768113003461621701717376709e-03
20 41 1.77940635854294260109753622600692324340343475342e-02
22 42 2.51646060522435210948799522157059982419013977051e-02
21 43 -2.66910953781441424859099953437180374749004840851e-02
25 43 1.19366207318921547370083047212574456352740526199e-02
26 44 1.37832223855448056382133614761187345720827579498e-02
23 45 2.66910953781441424859099953437180374749004840851e-02
27 45 1.19366207318921547370083047212574456352740526199e-02
24 46 -2.71808811003625520885673694237993913702666759491e-02
21 47 -1.82334893486249850769187474952559568919241428375e-02
25 47 -1.35904405501812760442836847118996956851333379745e-02
22 48 -2.10542199673896222866797955930451280437409877777e-02
23 49 -1.82334893486249850769187474952559568919241428375e-02
27 49 1.35904405501812760442836847118996956851333379745e-02
28 50 2.71808811003625520885673694237993913702666759491e-02
