34 1 -1.50987636313461126569279713294235989451408386230e-01
35 2 -1.50987636313461126569279713294235989451408386230e-01
36 3 -1.50987636313461126569279713294235989451408386230e-01
29 4 1.06764381512576556065852173560415394604206085205e-01
46 4 -1.27607843241723556415578855194326024502515792847e-01
30 5 1.06764381512576556065852173560415394604206085205e-01
47 5 -1.27607843241723556415578855194326024502515792847e-01
31 6 1.06764381512576556065852173560415394604206085205e-01
48 6 -1.27607843241723556415578855194326024502515792847e-01
32 7 1.06764381512576556065852173560415394604206085205e-01
49 7 -1.27607843241723556415578855194326024502515792847e-01
33 8 1.06764381512576556065852173560415394604206085205e-01
50 8 -1.27607843241723556415578855194326024502515792847e-01
21 9 -7.54938181567305632846398566471179947257041931152e-02
22 10 -7.54938181567305632846398566471179947257041931152e-02
23 11 -7.54938181567305632846398566471179947257041931152e-02
12 12 1.06764381512576556065852173560415394604206085205e-01
13 13 -5.33821907562882780329260867802076973021030426025e-02
14 14 -5.33821907562882780329260867802076973021030426025e-02
15 15 -5.33821907562882780329260867802076973021030426025e-02
16 16 1.06764381512576573413086933328486338723450899124e-02
17 17 1.06764381512576573413086933328486338723450899124e-02
18 18 1.06764381512576573413086933328486338723450899124e-02
19 19 1.06764381512576573413086933328486338723450899124e-02
20 20 1.06764381512576573413086933328486338723450899124e-02
9 21 -7.54938181567305632846398566471179947257041931152e-02
21 21 5.33821907562882780329260867802076973021030426025e-02
10 22 -7.54938181567305632846398566471179947257041931152e-02
22 22 5.33821907562882780329260867802076973021030426025e-02
11 23 -7.54938181567305632846398566471179947257041931152e-02
23 23 5.33821907562882780329260867802076973021030426025e-02
24 24 -5.33821907562882780329260867802076973021030426025e-02
25 25 -5.33821907562882780329260867802076973021030426025e-02
26 26 -5.33821907562882780329260867802076973021030426025e-02
27 27 -5.33821907562882780329260867802076973021030426025e-02
28 28 -5.33821907562882780329260867802076973021030426025e-02
46 29 -6.38039216208617782077894275971630122512578964233e-02
47 30 -6.38039216208617782077894275971630122512578964233e-02
48 31 -6.38039216208617782077894275971630122512578964233e-02
49 32 -6.38039216208617782077894275971630122512578964233e-02
50 33 -6.38039216208617782077894275971630122512578964233e-02
34 34 5.33821907562882780329260867802076973021030426025e-02
35 35 5.33821907562882780329260867802076973021030426025e-02
36 36 5.33821907562882780329260867802076973021030426025e-02
37 37 -5.33821907562882780329260867802076973021030426025e-02
38 38 -5.33821907562882780329260867802076973021030426025e-02
39 39 -5.33821907562882780329260867802076973021030426025e-02
40 40 -5.33821907562882780329260867802076973021030426025e-02
41 41 -5.33821907562882780329260867802076973021030426025e-02
42 42 7.62602725089832622629160141514148563146591186523e-02
43 43 3.81301362544916311314580070757074281573295593262e-02
44 44 3.81301362544916311314580070757074281573295593262e-02
45 45 3.81301362544916311314580070757074281573295593262e-02
29 46 -6.38039216208617782077894275971630122512578964233e-02
46 46 -1.63414869662106970737980304875236470252275466919e-02
30 47 -6.38039216208617782077894275971630122512578964233e-02
47 47 -1.63414869662106970737980304875236470252275466919e-02
31 48 -6.38039216208617782077894275971630122512578964233e-02
48 48 -1.63414869662106970737980304875236470252275466919e-02
32 49 -6.38039216208617782077894275971630122512578964233e-02
49 49 -1.63414869662106970737980304875236470252275466919e-02
33 50 -6.38039216208617782077894275971630122512578964233e-02
50 50 -1.63414869662106970737980304875236470252275466919e-02
