1 0 1 1 -1
2 0 1 1 0
3 0 1 1 1
4 0 2 2 -2
5 0 2 2 -1
6 0 2 2 0
7 0 2 2 1
8 0 2 2 2
9 0 3 3 -3
10 0 3 3 -2
11 0 3 3 -1
12 0 3 3 0
13 0 3 3 1
14 0 3 3 2
15 0 3 3 3
16 0 4 4 -4
17 0 4 4 -3
18 0 4 4 -2
19 0 4 4 -1
20 0 4 4 0
21 0 4 4 1
22 0 4 4 2
23 0 4 4 3
24 0 4 4 4
25 0 5 5 -5
26 0 5 5 -4
27 0 5 5 -3
28 0 5 5 -2
29 0 5 5 -1
30 0 5 5 0
31 0 5 5 1
32 0 5 5 2
33 0 5 5 3
34 0 5 5 4
35 0 5 5 5
36 0 6 6 -6
37 0 6 6 -5
38 0 6 6 -4
39 0 6 6 -3
40 0 6 6 -2
41 0 6 6 -1
42 0 6 6 0
43 0 6 6 1
44 0 6 6 2
45 0 6 6 3
46 0 6 6 4
47 0 6 6 5
48 0 6 6 6
49 1 0 1 -1
50 1 0 1 0
51 1 0 1 1
52 1 1 0 0
53 1 1 1 -1
54 1 1 1 0
55 1 1 1 1
56 1 1 2 -2
57 1 1 2 -1
58 1 1 2 0
59 1 1 2 1
60 1 1 2 2
61 1 2 1 -1
62 1 2 1 0
63 1 2 1 1
64 1 2 2 -2
65 1 2 2 -1
66 1 2 2 0
67 1 2 2 1
68 1 2 2 2
69 1 2 3 -3
70 1 2 3 -2
71 1 2 3 -1
72 1 2 3 0
73 1 2 3 1
74 1 2 3 2
75 1 2 3 3
76 1 3 2 -2
77 1 3 2 -1
78 1 3 2 0
79 1 3 2 1
80 1 3 2 2
81 1 3 3 -3
82 1 3 3 -2
83 1 3 3 -1
84 1 3 3 0
85 1 3 3 1
86 1 3 3 2
87 1 3 3 3
88 1 3 4 -4
89 1 3 4 -3
90 1 3 4 -2
91 1 3 4 -1
92 1 3 4 0
93 1 3 4 1
94 1 3 4 2
95 1 3 4 3
96 1 3 4 4
97 1 4 3 -3
98 1 4 3 -2
99 1 4 3 -1
100 1 4 3 0
101 1 4 3 1
102 1 4 3 2
103 1 4 3 3
104 1 4 4 -4
105 1 4 4 -3
106 1 4 4 -2
107 1 4 4 -1
108 1 4 4 0
109 1 4 4 1
110 1 4 4 2
111 1 4 4 3
112 1 4 4 4
113 1 4 5 -5
114 1 4 5 -4
115 1 4 5 -3
116 1 4 5 -2
117 1 4 5 -1
118 1 4 5 0
119 1 4 5 1
120 1 4 5 2
121 1 4 5 3
122 1 4 5 4
123 1 4 5 5
124 1 5 4 -4
125 1 5 4 -3
126 1 5 4 -2
127 1 5 4 -1
128 1 5 4 0
129 1 5 4 1
130 1 5 4 2
131 1 5 4 3
132 1 5 4 4
133 1 5 5 -5
134 1 5 5 -4
135 1 5 5 -3
136 1 5 5 -2
137 1 5 5 -1
138 1 5 5 0
139 1 5 5 1
140 1 5 5 2
141 1 5 5 3
142 1 5 5 4
143 1 5 5 5
144 1 5 6 -6
145 1 5 6 -5
146 1 5 6 -4
147 1 5 6 -3
148 1 5 6 -2
149 1 5 6 -1
150 1 5 6 0
151 1 5 6 1
152 1 5 6 2
153 1 5 6 3
154 1 5 6 4
155 1 5 6 5
156 1 5 6 6
157 1 6 5 -5
158 1 6 5 -4
159 1 6 5 -3
160 1 6 5 -2
161 1 6 5 -1
162 1 6 5 0
163 1 6 5 1
164 1 6 5 2
165 1 6 5 3
166 1 6 5 4
167 1 6 5 5
168 1 6 6 -6
169 1 6 6 -5
170 1 6 6 -4
171 1 6 6 -3
172 1 6 6 -2
173 1 6 6 -1
174 1 6 6 0
175 1 6 6 1
176 1 6 6 2
177 1 6 6 3
178 1 6 6 4
179 1 6 6 5
180 1 6 6 6
181 2 0 2 -2
182 2 0 2 -1
183 2 0 2 0
184 2 0 2 1
185 2 0 2 2
186 2 1 1 -1
187 2 1 1 0
188 2 1 1 1
189 2 1 2 -2
190 2 1 2 -1
191 2 1 2 0
192 2 1 2 1
193 2 1 2 2
194 2 1 3 -3
195 2 1 3 -2
196 2 1 3 -1
197 2 1 3 0
198 2 1 3 1
199 2 1 3 2
200 2 1 3 3
201 2 2 0 0
202 2 2 1 -1
203 2 2 1 0
204 2 2 1 1
205 2 2 2 -2
206 2 2 2 -1
207 2 2 2 0
208 2 2 2 1
209 2 2 2 2
210 2 2 3 -3
211 2 2 3 -2
212 2 2 3 -1
213 2 2 3 0
214 2 2 3 1
215 2 2 3 2
216 2 2 3 3
217 2 2 4 -4
218 2 2 4 -3
219 2 2 4 -2
220 2 2 4 -1
221 2 2 4 0
222 2 2 4 1
223 2 2 4 2
224 2 2 4 3
225 2 2 4 4
226 2 3 1 -1
227 2 3 1 0
228 2 3 1 1
229 2 3 2 -2
230 2 3 2 -1
231 2 3 2 0
232 2 3 2 1
233 2 3 2 2
234 2 3 3 -3
235 2 3 3 -2
236 2 3 3 -1
237 2 3 3 0
238 2 3 3 1
239 2 3 3 2
240 2 3 3 3
241 2 3 4 -4
242 2 3 4 -3
243 2 3 4 -2
244 2 3 4 -1
245 2 3 4 0
246 2 3 4 1
247 2 3 4 2
248 2 3 4 3
249 2 3 4 4
250 2 3 5 -5
251 2 3 5 -4
252 2 3 5 -3
253 2 3 5 -2
254 2 3 5 -1
255 2 3 5 0
256 2 3 5 1
257 2 3 5 2
258 2 3 5 3
259 2 3 5 4
260 2 3 5 5
261 2 4 2 -2
262 2 4 2 -1
263 2 4 2 0
264 2 4 2 1
265 2 4 2 2
266 2 4 3 -3
267 2 4 3 -2
268 2 4 3 -1
269 2 4 3 0
270 2 4 3 1
271 2 4 3 2
272 2 4 3 3
273 2 4 4 -4
274 2 4 4 -3
275 2 4 4 -2
276 2 4 4 -1
277 2 4 4 0
278 2 4 4 1
279 2 4 4 2
280 2 4 4 3
281 2 4 4 4
282 2 4 5 -5
283 2 4 5 -4
284 2 4 5 -3
285 2 4 5 -2
286 2 4 5 -1
287 2 4 5 0
288 2 4 5 1
289 2 4 5 2
290 2 4 5 3
291 2 4 5 4
292 2 4 5 5
293 2 4 6 -6
294 2 4 6 -5
295 2 4 6 -4
296 2 4 6 -3
297 2 4 6 -2
298 2 4 6 -1
299 2 4 6 0
300 2 4 6 1
301 2 4 6 2
302 2 4 6 3
303 2 4 6 4
304 2 4 6 5
305 2 4 6 6
306 2 5 3 -3
307 2 5 3 -2
308 2 5 3 -1
309 2 5 3 0
310 2 5 3 1
311 2 5 3 2
312 2 5 3 3
313 2 5 4 -4
314 2 5 4 -3
315 2 5 4 -2
316 2 5 4 -1
317 2 5 4 0
318 2 5 4 1
319 2 5 4 2
320 2 5 4 3
321 2 5 4 4
322 2 5 5 -5
323 2 5 5 -4
324 2 5 5 -3
325 2 5 5 -2
326 2 5 5 -1
327 2 5 5 0
328 2 5 5 1
329 2 5 5 2
330 2 5 5 3
331 2 5 5 4
332 2 5 5 5
333 2 5 6 -6
334 2 5 6 -5
335 2 5 6 -4
336 2 5 6 -3
337 2 5 6 -2
338 2 5 6 -1
339 2 5 6 0
340 2 5 6 1
341 2 5 6 2
342 2 5 6 3
343 2 5 6 4
344 2 5 6 5
345 2 5 6 6
346 2 6 4 -4
347 2 6 4 -3
348 2 6 4 -2
349 2 6 4 -1
350 2 6 4 0
351 2 6 4 1
352 2 6 4 2
353 2 6 4 3
354 2 6 4 4
355 2 6 5 -5
356 2 6 5 -4
357 2 6 5 -3
358 2 6 5 -2
359 2 6 5 -1
360 2 6 5 0
361 2 6 5 1
362 2 6 5 2
363 2 6 5 3
364 2 6 5 4
365 2 6 5 5
366 2 6 6 -6
367 2 6 6 -5
368 2 6 6 -4
369 2 6 6 -3
370 2 6 6 -2
371 2 6 6 -1
372 2 6 6 0
373 2 6 6 1
374 2 6 6 2
375 2 6 6 3
376 2 6 6 4
377 2 6 6 5
378 2 6 6 6
379 3 0 3 -3
380 3 0 3 -2
381 3 0 3 -1
382 3 0 3 0
383 3 0 3 1
384 3 0 3 2
385 3 0 3 3
386 3 1 2 -2
387 3 1 2 -1
388 3 1 2 0
389 3 1 2 1
390 3 1 2 2
391 3 1 3 -3
392 3 1 3 -2
393 3 1 3 -1
394 3 1 3 0
395 3 1 3 1
396 3 1 3 2
397 3 1 3 3
398 3 1 4 -4
399 3 1 4 -3
400 3 1 4 -2
401 3 1 4 -1
402 3 1 4 0
403 3 1 4 1
404 3 1 4 2
405 3 1 4 3
406 3 1 4 4
407 3 2 1 -1
408 3 2 1 0
409 3 2 1 1
410 3 2 2 -2
411 3 2 2 -1
412 3 2 2 0
413 3 2 2 1
414 3 2 2 2
415 3 2 3 -3
416 3 2 3 -2
417 3 2 3 -1
418 3 2 3 0
419 3 2 3 1
420 3 2 3 2
421 3 2 3 3
422 3 2 4 -4
423 3 2 4 -3
424 3 2 4 -2
425 3 2 4 -1
426 3 2 4 0
427 3 2 4 1
428 3 2 4 2
429 3 2 4 3
430 3 2 4 4
431 3 2 5 -5
432 3 2 5 -4
433 3 2 5 -3
434 3 2 5 -2
435 3 2 5 -1
436 3 2 5 0
437 3 2 5 1
438 3 2 5 2
439 3 2 5 3
440 3 2 5 4
441 3 2 5 5
442 3 3 0 0
443 3 3 1 -1
444 3 3 1 0
445 3 3 1 1
446 3 3 2 -2
447 3 3 2 -1
448 3 3 2 0
449 3 3 2 1
450 3 3 2 2
451 3 3 3 -3
452 3 3 3 -2
453 3 3 3 -1
454 3 3 3 0
455 3 3 3 1
456 3 3 3 2
457 3 3 3 3
458 3 3 4 -4
459 3 3 4 -3
460 3 3 4 -2
461 3 3 4 -1
462 3 3 4 0
463 3 3 4 1
464 3 3 4 2
465 3 3 4 3
466 3 3 4 4
467 3 3 5 -5
468 3 3 5 -4
469 3 3 5 -3
470 3 3 5 -2
471 3 3 5 -1
472 3 3 5 0
473 3 3 5 1
474 3 3 5 2
475 3 3 5 3
476 3 3 5 4
477 3 3 5 5
478 3 3 6 -6
479 3 3 6 -5
480 3 3 6 -4
481 3 3 6 -3
482 3 3 6 -2
483 3 3 6 -1
484 3 3 6 0
485 3 3 6 1
486 3 3 6 2
487 3 3 6 3
488 3 3 6 4
489 3 3 6 5
490 3 3 6 6
491 3 4 1 -1
492 3 4 1 0
493 3 4 1 1
494 3 4 2 -2
495 3 4 2 -1
496 3 4 2 0
497 3 4 2 1
498 3 4 2 2
499 3 4 3 -3
500 3 4 3 -2
501 3 4 3 -1
502 3 4 3 0
503 3 4 3 1
504 3 4 3 2
505 3 4 3 3
506 3 4 4 -4
507 3 4 4 -3
508 3 4 4 -2
509 3 4 4 -1
510 3 4 4 0
511 3 4 4 1
512 3 4 4 2
513 3 4 4 3
514 3 4 4 4
515 3 4 5 -5
516 3 4 5 -4
517 3 4 5 -3
518 3 4 5 -2
519 3 4 5 -1
520 3 4 5 0
521 3 4 5 1
522 3 4 5 2
523 3 4 5 3
524 3 4 5 4
525 3 4 5 5
526 3 4 6 -6
527 3 4 6 -5
528 3 4 6 -4
529 3 4 6 -3
530 3 4 6 -2
531 3 4 6 -1
532 3 4 6 0
533 3 4 6 1
534 3 4 6 2
535 3 4 6 3
536 3 4 6 4
537 3 4 6 5
538 3 4 6 6
539 3 5 2 -2
540 3 5 2 -1
541 3 5 2 0
542 3 5 2 1
543 3 5 2 2
544 3 5 3 -3
545 3 5 3 -2
546 3 5 3 -1
547 3 5 3 0
548 3 5 3 1
549 3 5 3 2
550 3 5 3 3
551 3 5 4 -4
552 3 5 4 -3
553 3 5 4 -2
554 3 5 4 -1
555 3 5 4 0
556 3 5 4 1
557 3 5 4 2
558 3 5 4 3
559 3 5 4 4
560 3 5 5 -5
561 3 5 5 -4
562 3 5 5 -3
563 3 5 5 -2
564 3 5 5 -1
565 3 5 5 0
566 3 5 5 1
567 3 5 5 2
568 3 5 5 3
569 3 5 5 4
570 3 5 5 5
571 3 5 6 -6
572 3 5 6 -5
573 3 5 6 -4
574 3 5 6 -3
575 3 5 6 -2
576 3 5 6 -1
577 3 5 6 0
578 3 5 6 1
579 3 5 6 2
580 3 5 6 3
581 3 5 6 4
582 3 5 6 5
583 3 5 6 6
584 3 6 3 -3
585 3 6 3 -2
586 3 6 3 -1
587 3 6 3 0
588 3 6 3 1
589 3 6 3 2
590 3 6 3 3
591 3 6 4 -4
592 3 6 4 -3
593 3 6 4 -2
594 3 6 4 -1
595 3 6 4 0
596 3 6 4 1
597 3 6 4 2
598 3 6 4 3
599 3 6 4 4
600 3 6 5 -5
601 3 6 5 -4
602 3 6 5 -3
603 3 6 5 -2
604 3 6 5 -1
605 3 6 5 0
606 3 6 5 1
607 3 6 5 2
608 3 6 5 3
609 3 6 5 4
610 3 6 5 5
611 3 6 6 -6
612 3 6 6 -5
613 3 6 6 -4
614 3 6 6 -3
615 3 6 6 -2
616 3 6 6 -1
617 3 6 6 0
618 3 6 6 1
619 3 6 6 2
620 3 6 6 3
621 3 6 6 4
622 3 6 6 5
623 3 6 6 6
624 4 0 4 -4
625 4 0 4 -3
626 4 0 4 -2
627 4 0 4 -1
628 4 0 4 0
629 4 0 4 1
630 4 0 4 2
631 4 0 4 3
632 4 0 4 4
633 4 1 3 -3
634 4 1 3 -2
635 4 1 3 -1
636 4 1 3 0
637 4 1 3 1
638 4 1 3 2
639 4 1 3 3
640 4 1 4 -4
641 4 1 4 -3
642 4 1 4 -2
643 4 1 4 -1
644 4 1 4 0
645 4 1 4 1
646 4 1 4 2
647 4 1 4 3
648 4 1 4 4
649 4 1 5 -5
650 4 1 5 -4
651 4 1 5 -3
652 4 1 5 -2
653 4 1 5 -1
654 4 1 5 0
655 4 1 5 1
656 4 1 5 2
657 4 1 5 3
658 4 1 5 4
659 4 1 5 5
660 4 2 2 -2
661 4 2 2 -1
662 4 2 2 0
663 4 2 2 1
664 4 2 2 2
665 4 2 3 -3
666 4 2 3 -2
667 4 2 3 -1
668 4 2 3 0
669 4 2 3 1
670 4 2 3 2
671 4 2 3 3
672 4 2 4 -4
673 4 2 4 -3
674 4 2 4 -2
675 4 2 4 -1
676 4 2 4 0
677 4 2 4 1
678 4 2 4 2
679 4 2 4 3
680 4 2 4 4
681 4 2 5 -5
682 4 2 5 -4
683 4 2 5 -3
684 4 2 5 -2
685 4 2 5 -1
686 4 2 5 0
687 4 2 5 1
688 4 2 5 2
689 4 2 5 3
690 4 2 5 4
691 4 2 5 5
692 4 2 6 -6
693 4 2 6 -5
694 4 2 6 -4
695 4 2 6 -3
696 4 2 6 -2
697 4 2 6 -1
698 4 2 6 0
699 4 2 6 1
700 4 2 6 2
701 4 2 6 3
702 4 2 6 4
703 4 2 6 5
704 4 2 6 6
705 4 3 1 -1
706 4 3 1 0
707 4 3 1 1
708 4 3 2 -2
709 4 3 2 -1
710 4 3 2 0
711 4 3 2 1
712 4 3 2 2
713 4 3 3 -3
714 4 3 3 -2
715 4 3 3 -1
716 4 3 3 0
717 4 3 3 1
718 4 3 3 2
719 4 3 3 3
720 4 3 4 -4
721 4 3 4 -3
722 4 3 4 -2
723 4 3 4 -1
724 4 3 4 0
725 4 3 4 1
726 4 3 4 2
727 4 3 4 3
728 4 3 4 4
729 4 3 5 -5
730 4 3 5 -4
731 4 3 5 -3
732 4 3 5 -2
733 4 3 5 -1
734 4 3 5 0
735 4 3 5 1
736 4 3 5 2
737 4 3 5 3
738 4 3 5 4
739 4 3 5 5
740 4 3 6 -6
741 4 3 6 -5
742 4 3 6 -4
743 4 3 6 -3
744 4 3 6 -2
745 4 3 6 -1
746 4 3 6 0
747 4 3 6 1
748 4 3 6 2
749 4 3 6 3
750 4 3 6 4
751 4 3 6 5
752 4 3 6 6
753 4 4 0 0
754 4 4 1 -1
755 4 4 1 0
756 4 4 1 1
757 4 4 2 -2
758 4 4 2 -1
759 4 4 2 0
760 4 4 2 1
761 4 4 2 2
762 4 4 3 -3
763 4 4 3 -2
764 4 4 3 -1
765 4 4 3 0
766 4 4 3 1
767 4 4 3 2
768 4 4 3 3
769 4 4 4 -4
770 4 4 4 -3
771 4 4 4 -2
772 4 4 4 -1
773 4 4 4 0
774 4 4 4 1
775 4 4 4 2
776 4 4 4 3
777 4 4 4 4
778 4 4 5 -5
779 4 4 5 -4
780 4 4 5 -3
781 4 4 5 -2
782 4 4 5 -1
783 4 4 5 0
784 4 4 5 1
785 4 4 5 2
786 4 4 5 3
787 4 4 5 4
788 4 4 5 5
789 4 4 6 -6
790 4 4 6 -5
791 4 4 6 -4
792 4 4 6 -3
793 4 4 6 -2
794 4 4 6 -1
795 4 4 6 0
796 4 4 6 1
797 4 4 6 2
798 4 4 6 3
799 4 4 6 4
800 4 4 6 5
801 4 4 6 6
802 4 5 1 -1
803 4 5 1 0
804 4 5 1 1
805 4 5 2 -2
806 4 5 2 -1
807 4 5 2 0
808 4 5 2 1
809 4 5 2 2
810 4 5 3 -3
811 4 5 3 -2
812 4 5 3 -1
813 4 5 3 0
814 4 5 3 1
815 4 5 3 2
816 4 5 3 3
817 4 5 4 -4
818 4 5 4 -3
819 4 5 4 -2
820 4 5 4 -1
821 4 5 4 0
822 4 5 4 1
823 4 5 4 2
824 4 5 4 3
825 4 5 4 4
826 4 5 5 -5
827 4 5 5 -4
828 4 5 5 -3
829 4 5 5 -2
830 4 5 5 -1
831 4 5 5 0
832 4 5 5 1
833 4 5 5 2
834 4 5 5 3
835 4 5 5 4
836 4 5 5 5
837 4 5 6 -6
838 4 5 6 -5
839 4 5 6 -4
840 4 5 6 -3
841 4 5 6 -2
842 4 5 6 -1
843 4 5 6 0
844 4 5 6 1
845 4 5 6 2
846 4 5 6 3
847 4 5 6 4
848 4 5 6 5
849 4 5 6 6
850 4 6 2 -2
851 4 6 2 -1
852 4 6 2 0
853 4 6 2 1
854 4 6 2 2
855 4 6 3 -3
856 4 6 3 -2
857 4 6 3 -1
858 4 6 3 0
859 4 6 3 1
860 4 6 3 2
861 4 6 3 3
862 4 6 4 -4
863 4 6 4 -3
864 4 6 4 -2
865 4 6 4 -1
866 4 6 4 0
867 4 6 4 1
868 4 6 4 2
869 4 6 4 3
870 4 6 4 4
871 4 6 5 -5
872 4 6 5 -4
873 4 6 5 -3
874 4 6 5 -2
875 4 6 5 -1
876 4 6 5 0
877 4 6 5 1
878 4 6 5 2
879 4 6 5 3
880 4 6 5 4
881 4 6 5 5
882 4 6 6 -6
883 4 6 6 -5
884 4 6 6 -4
885 4 6 6 -3
886 4 6 6 -2
887 4 6 6 -1
888 4 6 6 0
889 4 6 6 1
890 4 6 6 2
891 4 6 6 3
892 4 6 6 4
893 4 6 6 5
894 4 6 6 6
895 5 0 5 -5
896 5 0 5 -4
897 5 0 5 -3
898 5 0 5 -2
899 5 0 5 -1
900 5 0 5 0
901 5 0 5 1
902 5 0 5 2
903 5 0 5 3
904 5 0 5 4
905 5 0 5 5
906 5 1 4 -4
907 5 1 4 -3
908 5 1 4 -2
909 5 1 4 -1
910 5 1 4 0
911 5 1 4 1
912 5 1 4 2
913 5 1 4 3
914 5 1 4 4
915 5 1 5 -5
916 5 1 5 -4
917 5 1 5 -3
918 5 1 5 -2
919 5 1 5 -1
920 5 1 5 0
921 5 1 5 1
922 5 1 5 2
923 5 1 5 3
924 5 1 5 4
925 5 1 5 5
926 5 1 6 -6
927 5 1 6 -5
928 5 1 6 -4
929 5 1 6 -3
930 5 1 6 -2
931 5 1 6 -1
932 5 1 6 0
933 5 1 6 1
934 5 1 6 2
935 5 1 6 3
936 5 1 6 4
937 5 1 6 5
938 5 1 6 6
939 5 2 3 -3
940 5 2 3 -2
941 5 2 3 -1
942 5 2 3 0
943 5 2 3 1
944 5 2 3 2
945 5 2 3 3
946 5 2 4 -4
947 5 2 4 -3
948 5 2 4 -2
949 5 2 4 -1
950 5 2 4 0
951 5 2 4 1
952 5 2 4 2
953 5 2 4 3
954 5 2 4 4
955 5 2 5 -5
956 5 2 5 -4
957 5 2 5 -3
958 5 2 5 -2
959 5 2 5 -1
960 5 2 5 0
961 5 2 5 1
962 5 2 5 2
963 5 2 5 3
964 5 2 5 4
965 5 2 5 5
966 5 2 6 -6
967 5 2 6 -5
968 5 2 6 -4
969 5 2 6 -3
970 5 2 6 -2
971 5 2 6 -1
972 5 2 6 0
973 5 2 6 1
974 5 2 6 2
975 5 2 6 3
976 5 2 6 4
977 5 2 6 5
978 5 2 6 6
979 5 3 2 -2
980 5 3 2 -1
981 5 3 2 0
982 5 3 2 1
983 5 3 2 2
984 5 3 3 -3
985 5 3 3 -2
986 5 3 3 -1
987 5 3 3 0
988 5 3 3 1
989 5 3 3 2
990 5 3 3 3
991 5 3 4 -4
992 5 3 4 -3
993 5 3 4 -2
994 5 3 4 -1
995 5 3 4 0
996 5 3 4 1
997 5 3 4 2
998 5 3 4 3
999 5 3 4 4
1000 5 3 5 -5
1001 5 3 5 -4
1002 5 3 5 -3
1003 5 3 5 -2
1004 5 3 5 -1
1005 5 3 5 0
1006 5 3 5 1
1007 5 3 5 2
1008 5 3 5 3
1009 5 3 5 4
1010 5 3 5 5
1011 5 3 6 -6
1012 5 3 6 -5
1013 5 3 6 -4
1014 5 3 6 -3
1015 5 3 6 -2
1016 5 3 6 -1
1017 5 3 6 0
1018 5 3 6 1
1019 5 3 6 2
1020 5 3 6 3
1021 5 3 6 4
1022 5 3 6 5
1023 5 3 6 6
1024 5 4 1 -1
1025 5 4 1 0
1026 5 4 1 1
1027 5 4 2 -2
1028 5 4 2 -1
1029 5 4 2 0
1030 5 4 2 1
1031 5 4 2 2
1032 5 4 3 -3
1033 5 4 3 -2
1034 5 4 3 -1
1035 5 4 3 0
1036 5 4 3 1
1037 5 4 3 2
1038 5 4 3 3
1039 5 4 4 -4
1040 5 4 4 -3
1041 5 4 4 -2
1042 5 4 4 -1
1043 5 4 4 0
1044 5 4 4 1
1045 5 4 4 2
1046 5 4 4 3
1047 5 4 4 4
1048 5 4 5 -5
1049 5 4 5 -4
1050 5 4 5 -3
1051 5 4 5 -2
1052 5 4 5 -1
1053 5 4 5 0
1054 5 4 5 1
1055 5 4 5 2
1056 5 4 5 3
1057 5 4 5 4
1058 5 4 5 5
1059 5 4 6 -6
1060 5 4 6 -5
1061 5 4 6 -4
1062 5 4 6 -3
1063 5 4 6 -2
1064 5 4 6 -1
1065 5 4 6 0
1066 5 4 6 1
1067 5 4 6 2
1068 5 4 6 3
1069 5 4 6 4
1070 5 4 6 5
1071 5 4 6 6
1072 5 5 0 0
1073 5 5 1 -1
1074 5 5 1 0
1075 5 5 1 1
1076 5 5 2 -2
1077 5 5 2 -1
1078 5 5 2 0
1079 5 5 2 1
1080 5 5 2 2
1081 5 5 3 -3
1082 5 5 3 -2
1083 5 5 3 -1
1084 5 5 3 0
1085 5 5 3 1
1086 5 5 3 2
1087 5 5 3 3
1088 5 5 4 -4
1089 5 5 4 -3
1090 5 5 4 -2
1091 5 5 4 -1
1092 5 5 4 0
1093 5 5 4 1
1094 5 5 4 2
1095 5 5 4 3
1096 5 5 4 4
1097 5 5 5 -5
1098 5 5 5 -4
1099 5 5 5 -3
1100 5 5 5 -2
1101 5 5 5 -1
1102 5 5 5 0
1103 5 5 5 1
1104 5 5 5 2
1105 5 5 5 3
1106 5 5 5 4
1107 5 5 5 5
1108 5 5 6 -6
1109 5 5 6 -5
1110 5 5 6 -4
1111 5 5 6 -3
1112 5 5 6 -2
1113 5 5 6 -1
1114 5 5 6 0
1115 5 5 6 1
1116 5 5 6 2
1117 5 5 6 3
1118 5 5 6 4
1119 5 5 6 5
1120 5 5 6 6
1121 5 6 1 -1
1122 5 6 1 0
1123 5 6 1 1
1124 5 6 2 -2
1125 5 6 2 -1
1126 5 6 2 0
1127 5 6 2 1
1128 5 6 2 2
1129 5 6 3 -3
1130 5 6 3 -2
1131 5 6 3 -1
1132 5 6 3 0
1133 5 6 3 1
1134 5 6 3 2
1135 5 6 3 3
1136 5 6 4 -4
1137 5 6 4 -3
1138 5 6 4 -2
1139 5 6 4 -1
1140 5 6 4 0
1141 5 6 4 1
1142 5 6 4 2
1143 5 6 4 3
1144 5 6 4 4
1145 5 6 5 -5
1146 5 6 5 -4
1147 5 6 5 -3
1148 5 6 5 -2
1149 5 6 5 -1
1150 5 6 5 0
1151 5 6 5 1
1152 5 6 5 2
1153 5 6 5 3
1154 5 6 5 4
1155 5 6 5 5
1156 5 6 6 -6
1157 5 6 6 -5
1158 5 6 6 -4
1159 5 6 6 -3
1160 5 6 6 -2
1161 5 6 6 -1
1162 5 6 6 0
1163 5 6 6 1
1164 5 6 6 2
1165 5 6 6 3
1166 5 6 6 4
1167 5 6 6 5
1168 5 6 6 6
1169 6 0 6 -6
1170 6 0 6 -5
1171 6 0 6 -4
1172 6 0 6 -3
1173 6 0 6 -2
1174 6 0 6 -1
1175 6 0 6 0
1176 6 0 6 1
1177 6 0 6 2
1178 6 0 6 3
1179 6 0 6 4
1180 6 0 6 5
1181 6 0 6 6
1182 6 1 5 -5
1183 6 1 5 -4
1184 6 1 5 -3
1185 6 1 5 -2
1186 6 1 5 -1
1187 6 1 5 0
1188 6 1 5 1
1189 6 1 5 2
1190 6 1 5 3
1191 6 1 5 4
1192 6 1 5 5
1193 6 1 6 -6
1194 6 1 6 -5
1195 6 1 6 -4
1196 6 1 6 -3
1197 6 1 6 -2
1198 6 1 6 -1
1199 6 1 6 0
1200 6 1 6 1
1201 6 1 6 2
1202 6 1 6 3
1203 6 1 6 4
1204 6 1 6 5
1205 6 1 6 6
1206 6 2 4 -4
1207 6 2 4 -3
1208 6 2 4 -2
1209 6 2 4 -1
1210 6 2 4 0
1211 6 2 4 1
1212 6 2 4 2
1213 6 2 4 3
1214 6 2 4 4
1215 6 2 5 -5
1216 6 2 5 -4
1217 6 2 5 -3
1218 6 2 5 -2
1219 6 2 5 -1
1220 6 2 5 0
1221 6 2 5 1
1222 6 2 5 2
1223 6 2 5 3
1224 6 2 5 4
1225 6 2 5 5
1226 6 2 6 -6
1227 6 2 6 -5
1228 6 2 6 -4
1229 6 2 6 -3
1230 6 2 6 -2
1231 6 2 6 -1
1232 6 2 6 0
1233 6 2 6 1
1234 6 2 6 2
1235 6 2 6 3
1236 6 2 6 4
1237 6 2 6 5
1238 6 2 6 6
1239 6 3 3 -3
1240 6 3 3 -2
1241 6 3 3 -1
1242 6 3 3 0
1243 6 3 3 1
1244 6 3 3 2
1245 6 3 3 3
1246 6 3 4 -4
1247 6 3 4 -3
1248 6 3 4 -2
1249 6 3 4 -1
1250 6 3 4 0
1251 6 3 4 1
1252 6 3 4 2
1253 6 3 4 3
1254 6 3 4 4
1255 6 3 5 -5
1256 6 3 5 -4
1257 6 3 5 -3
1258 6 3 5 -2
1259 6 3 5 -1
1260 6 3 5 0
1261 6 3 5 1
1262 6 3 5 2
1263 6 3 5 3
1264 6 3 5 4
1265 6 3 5 5
1266 6 3 6 -6
1267 6 3 6 -5
1268 6 3 6 -4
1269 6 3 6 -3
1270 6 3 6 -2
1271 6 3 6 -1
1272 6 3 6 0
1273 6 3 6 1
1274 6 3 6 2
1275 6 3 6 3
1276 6 3 6 4
1277 6 3 6 5
1278 6 3 6 6
1279 6 4 2 -2
1280 6 4 2 -1
1281 6 4 2 0
1282 6 4 2 1
1283 6 4 2 2
1284 6 4 3 -3
1285 6 4 3 -2
1286 6 4 3 -1
1287 6 4 3 0
1288 6 4 3 1
1289 6 4 3 2
1290 6 4 3 3
1291 6 4 4 -4
1292 6 4 4 -3
1293 6 4 4 -2
1294 6 4 4 -1
1295 6 4 4 0
1296 6 4 4 1
1297 6 4 4 2
1298 6 4 4 3
1299 6 4 4 4
1300 6 4 5 -5
1301 6 4 5 -4
1302 6 4 5 -3
1303 6 4 5 -2
1304 6 4 5 -1
1305 6 4 5 0
1306 6 4 5 1
1307 6 4 5 2
1308 6 4 5 3
1309 6 4 5 4
1310 6 4 5 5
1311 6 4 6 -6
1312 6 4 6 -5
1313 6 4 6 -4
1314 6 4 6 -3
1315 6 4 6 -2
1316 6 4 6 -1
1317 6 4 6 0
1318 6 4 6 1
1319 6 4 6 2
1320 6 4 6 3
1321 6 4 6 4
1322 6 4 6 5
1323 6 4 6 6
1324 6 5 1 -1
1325 6 5 1 0
1326 6 5 1 1
1327 6 5 2 -2
1328 6 5 2 -1
1329 6 5 2 0
1330 6 5 2 1
1331 6 5 2 2
1332 6 5 3 -3
1333 6 5 3 -2
1334 6 5 3 -1
1335 6 5 3 0
1336 6 5 3 1
1337 6 5 3 2
1338 6 5 3 3
1339 6 5 4 -4
1340 6 5 4 -3
1341 6 5 4 -2
1342 6 5 4 -1
1343 6 5 4 0
1344 6 5 4 1
1345 6 5 4 2
1346 6 5 4 3
1347 6 5 4 4
1348 6 5 5 -5
1349 6 5 5 -4
1350 6 5 5 -3
1351 6 5 5 -2
1352 6 5 5 -1
1353 6 5 5 0
1354 6 5 5 1
1355 6 5 5 2
1356 6 5 5 3
1357 6 5 5 4
1358 6 5 5 5
1359 6 5 6 -6
1360 6 5 6 -5
1361 6 5 6 -4
1362 6 5 6 -3
1363 6 5 6 -2
1364 6 5 6 -1
1365 6 5 6 0
1366 6 5 6 1
1367 6 5 6 2
1368 6 5 6 3
1369 6 5 6 4
1370 6 5 6 5
1371 6 5 6 6
1372 6 6 0 0
1373 6 6 1 -1
1374 6 6 1 0
1375 6 6 1 1
1376 6 6 2 -2
1377 6 6 2 -1
1378 6 6 2 0
1379 6 6 2 1
1380 6 6 2 2
1381 6 6 3 -3
1382 6 6 3 -2
1383 6 6 3 -1
1384 6 6 3 0
1385 6 6 3 1
1386 6 6 3 2
1387 6 6 3 3
1388 6 6 4 -4
1389 6 6 4 -3
1390 6 6 4 -2
1391 6 6 4 -1
1392 6 6 4 0
1393 6 6 4 1
1394 6 6 4 2
1395 6 6 4 3
1396 6 6 4 4
1397 6 6 5 -5
1398 6 6 5 -4
1399 6 6 5 -3
1400 6 6 5 -2
1401 6 6 5 -1
1402 6 6 5 0
1403 6 6 5 1
1404 6 6 5 2
1405 6 6 5 3
1406 6 6 5 4
1407 6 6 5 5
1408 6 6 6 -6
1409 6 6 6 -5
1410 6 6 6 -4
1411 6 6 6 -3
1412 6 6 6 -2
1413 6 6 6 -1
1414 6 6 6 0
1415 6 6 6 1
1416 6 6 6 2
1417 6 6 6 3
1418 6 6 6 4
1419 6 6 6 5
1420 6 6 6 6
