1 1 1.00000000000000000000000000000000000000000000000e+00
2 2 1.00000000000000000000000000000000000000000000000e+00
3 3 1.00000000000000000000000000000000000000000000000e+00
4 4 3.00000000000000000000000000000000000000000000000e+00
5 5 3.00000000000000000000000000000000000000000000000e+00
6 6 3.00000000000000000000000000000000000000000000000e+00
7 7 3.00000000000000000000000000000000000000000000000e+00
8 8 3.00000000000000000000000000000000000000000000000e+00
9 9 6.00000000000000000000000000000000000000000000000e+00
10 10 6.00000000000000000000000000000000000000000000000e+00
11 11 6.00000000000000000000000000000000000000000000000e+00
12 12 6.00000000000000000000000000000000000000000000000e+00
13 13 6.00000000000000000000000000000000000000000000000e+00
14 14 6.00000000000000000000000000000000000000000000000e+00
15 15 6.00000000000000000000000000000000000000000000000e+00
16 16 1.00000000000000000000000000000000000000000000000e+01
17 17 1.00000000000000000000000000000000000000000000000e+01
18 18 1.00000000000000000000000000000000000000000000000e+01
19 19 1.00000000000000000000000000000000000000000000000e+01
20 20 1.00000000000000000000000000000000000000000000000e+01
21 21 1.00000000000000000000000000000000000000000000000e+01
22 22 1.00000000000000000000000000000000000000000000000e+01
23 23 1.00000000000000000000000000000000000000000000000e+01
24 24 1.00000000000000000000000000000000000000000000000e+01
25 25 1.50000000000000000000000000000000000000000000000e+01
26 26 1.50000000000000000000000000000000000000000000000e+01
27 27 1.50000000000000000000000000000000000000000000000e+01
28 28 1.50000000000000000000000000000000000000000000000e+01
29 29 1.50000000000000000000000000000000000000000000000e+01
30 30 1.50000000000000000000000000000000000000000000000e+01
31 31 1.50000000000000000000000000000000000000000000000e+01
32 32 1.50000000000000000000000000000000000000000000000e+01
33 33 1.50000000000000000000000000000000000000000000000e+01
34 34 1.50000000000000000000000000000000000000000000000e+01
35 35 1.50000000000000000000000000000000000000000000000e+01
36 36 2.10000000000000000000000000000000000000000000000e+01
37 37 2.10000000000000000000000000000000000000000000000e+01
38 38 2.10000000000000000000000000000000000000000000000e+01
39 39 2.10000000000000000000000000000000000000000000000e+01
40 40 2.10000000000000000000000000000000000000000000000e+01
41 41 2.10000000000000000000000000000000000000000000000e+01
42 42 2.10000000000000000000000000000000000000000000000e+01
43 43 2.10000000000000000000000000000000000000000000000e+01
44 44 2.10000000000000000000000000000000000000000000000e+01
45 45 2.10000000000000000000000000000000000000000000000e+01
46 46 2.10000000000000000000000000000000000000000000000e+01
47 47 2.10000000000000000000000000000000000000000000000e+01
48 48 2.10000000000000000000000000000000000000000000000e+01
49 49 1.00000000000000000000000000000000000000000000000e+00
50 50 1.00000000000000000000000000000000000000000000000e+00
51 51 1.00000000000000000000000000000000000000000000000e+00
53 53 1.00000000000000000000000000000000000000000000000e+00
54 54 1.00000000000000000000000000000000000000000000000e+00
55 55 1.00000000000000000000000000000000000000000000000e+00
56 56 3.00000000000000000000000000000000000000000000000e+00
57 57 3.00000000000000000000000000000000000000000000000e+00
58 58 3.00000000000000000000000000000000000000000000000e+00
59 59 3.00000000000000000000000000000000000000000000000e+00
60 60 3.00000000000000000000000000000000000000000000000e+00
61 61 1.00000000000000000000000000000000000000000000000e+00
62 62 1.00000000000000000000000000000000000000000000000e+00
63 63 1.00000000000000000000000000000000000000000000000e+00
64 64 3.00000000000000000000000000000000000000000000000e+00
65 65 3.00000000000000000000000000000000000000000000000e+00
66 66 3.00000000000000000000000000000000000000000000000e+00
67 67 3.00000000000000000000000000000000000000000000000e+00
68 68 3.00000000000000000000000000000000000000000000000e+00
69 69 6.00000000000000000000000000000000000000000000000e+00
70 70 6.00000000000000000000000000000000000000000000000e+00
71 71 6.00000000000000000000000000000000000000000000000e+00
72 72 6.00000000000000000000000000000000000000000000000e+00
73 73 6.00000000000000000000000000000000000000000000000e+00
74 74 6.00000000000000000000000000000000000000000000000e+00
75 75 6.00000000000000000000000000000000000000000000000e+00
76 76 3.00000000000000000000000000000000000000000000000e+00
77 77 3.00000000000000000000000000000000000000000000000e+00
78 78 3.00000000000000000000000000000000000000000000000e+00
79 79 3.00000000000000000000000000000000000000000000000e+00
80 80 3.00000000000000000000000000000000000000000000000e+00
81 81 6.00000000000000000000000000000000000000000000000e+00
82 82 6.00000000000000000000000000000000000000000000000e+00
83 83 6.00000000000000000000000000000000000000000000000e+00
84 84 6.00000000000000000000000000000000000000000000000e+00
85 85 6.00000000000000000000000000000000000000000000000e+00
86 86 6.00000000000000000000000000000000000000000000000e+00
87 87 6.00000000000000000000000000000000000000000000000e+00
88 88 1.00000000000000000000000000000000000000000000000e+01
89 89 1.00000000000000000000000000000000000000000000000e+01
90 90 1.00000000000000000000000000000000000000000000000e+01
91 91 1.00000000000000000000000000000000000000000000000e+01
92 92 1.00000000000000000000000000000000000000000000000e+01
93 93 1.00000000000000000000000000000000000000000000000e+01
94 94 1.00000000000000000000000000000000000000000000000e+01
95 95 1.00000000000000000000000000000000000000000000000e+01
96 96 1.00000000000000000000000000000000000000000000000e+01
97 97 6.00000000000000000000000000000000000000000000000e+00
98 98 6.00000000000000000000000000000000000000000000000e+00
99 99 6.00000000000000000000000000000000000000000000000e+00
100 100 6.00000000000000000000000000000000000000000000000e+00
101 101 6.00000000000000000000000000000000000000000000000e+00
102 102 6.00000000000000000000000000000000000000000000000e+00
103 103 6.00000000000000000000000000000000000000000000000e+00
104 104 1.00000000000000000000000000000000000000000000000e+01
105 105 1.00000000000000000000000000000000000000000000000e+01
106 106 1.00000000000000000000000000000000000000000000000e+01
107 107 1.00000000000000000000000000000000000000000000000e+01
108 108 1.00000000000000000000000000000000000000000000000e+01
109 109 1.00000000000000000000000000000000000000000000000e+01
110 110 1.00000000000000000000000000000000000000000000000e+01
111 111 1.00000000000000000000000000000000000000000000000e+01
112 112 1.00000000000000000000000000000000000000000000000e+01
113 113 1.50000000000000000000000000000000000000000000000e+01
114 114 1.50000000000000000000000000000000000000000000000e+01
115 115 1.50000000000000000000000000000000000000000000000e+01
116 116 1.50000000000000000000000000000000000000000000000e+01
117 117 1.50000000000000000000000000000000000000000000000e+01
118 118 1.50000000000000000000000000000000000000000000000e+01
119 119 1.50000000000000000000000000000000000000000000000e+01
120 120 1.50000000000000000000000000000000000000000000000e+01
121 121 1.50000000000000000000000000000000000000000000000e+01
122 122 1.50000000000000000000000000000000000000000000000e+01
123 123 1.50000000000000000000000000000000000000000000000e+01
124 124 1.00000000000000000000000000000000000000000000000e+01
125 125 1.00000000000000000000000000000000000000000000000e+01
126 126 1.00000000000000000000000000000000000000000000000e+01
127 127 1.00000000000000000000000000000000000000000000000e+01
128 128 1.00000000000000000000000000000000000000000000000e+01
129 129 1.00000000000000000000000000000000000000000000000e+01
130 130 1.00000000000000000000000000000000000000000000000e+01
131 131 1.00000000000000000000000000000000000000000000000e+01
132 132 1.00000000000000000000000000000000000000000000000e+01
133 133 1.50000000000000000000000000000000000000000000000e+01
134 134 1.50000000000000000000000000000000000000000000000e+01
135 135 1.50000000000000000000000000000000000000000000000e+01
136 136 1.50000000000000000000000000000000000000000000000e+01
137 137 1.50000000000000000000000000000000000000000000000e+01
138 138 1.50000000000000000000000000000000000000000000000e+01
139 139 1.50000000000000000000000000000000000000000000000e+01
140 140 1.50000000000000000000000000000000000000000000000e+01
141 141 1.50000000000000000000000000000000000000000000000e+01
142 142 1.50000000000000000000000000000000000000000000000e+01
143 143 1.50000000000000000000000000000000000000000000000e+01
144 144 2.10000000000000000000000000000000000000000000000e+01
145 145 2.10000000000000000000000000000000000000000000000e+01
146 146 2.10000000000000000000000000000000000000000000000e+01
147 147 2.10000000000000000000000000000000000000000000000e+01
148 148 2.10000000000000000000000000000000000000000000000e+01
149 149 2.10000000000000000000000000000000000000000000000e+01
150 150 2.10000000000000000000000000000000000000000000000e+01
151 151 2.10000000000000000000000000000000000000000000000e+01
152 152 2.10000000000000000000000000000000000000000000000e+01
153 153 2.10000000000000000000000000000000000000000000000e+01
154 154 2.10000000000000000000000000000000000000000000000e+01
155 155 2.10000000000000000000000000000000000000000000000e+01
156 156 2.10000000000000000000000000000000000000000000000e+01
157 157 1.50000000000000000000000000000000000000000000000e+01
158 158 1.50000000000000000000000000000000000000000000000e+01
159 159 1.50000000000000000000000000000000000000000000000e+01
160 160 1.50000000000000000000000000000000000000000000000e+01
161 161 1.50000000000000000000000000000000000000000000000e+01
162 162 1.50000000000000000000000000000000000000000000000e+01
163 163 1.50000000000000000000000000000000000000000000000e+01
164 164 1.50000000000000000000000000000000000000000000000e+01
165 165 1.50000000000000000000000000000000000000000000000e+01
166 166 1.50000000000000000000000000000000000000000000000e+01
167 167 1.50000000000000000000000000000000000000000000000e+01
168 168 2.10000000000000000000000000000000000000000000000e+01
169 169 2.10000000000000000000000000000000000000000000000e+01
170 170 2.10000000000000000000000000000000000000000000000e+01
171 171 2.10000000000000000000000000000000000000000000000e+01
172 172 2.10000000000000000000000000000000000000000000000e+01
173 173 2.10000000000000000000000000000000000000000000000e+01
174 174 2.10000000000000000000000000000000000000000000000e+01
175 175 2.10000000000000000000000000000000000000000000000e+01
176 176 2.10000000000000000000000000000000000000000000000e+01
177 177 2.10000000000000000000000000000000000000000000000e+01
178 178 2.10000000000000000000000000000000000000000000000e+01
179 179 2.10000000000000000000000000000000000000000000000e+01
180 180 2.10000000000000000000000000000000000000000000000e+01
181 181 3.00000000000000000000000000000000000000000000000e+00
182 182 3.00000000000000000000000000000000000000000000000e+00
183 183 3.00000000000000000000000000000000000000000000000e+00
184 184 3.00000000000000000000000000000000000000000000000e+00
185 185 3.00000000000000000000000000000000000000000000000e+00
186 186 1.00000000000000000000000000000000000000000000000e+00
187 187 1.00000000000000000000000000000000000000000000000e+00
188 188 1.00000000000000000000000000000000000000000000000e+00
189 189 3.00000000000000000000000000000000000000000000000e+00
190 190 3.00000000000000000000000000000000000000000000000e+00
191 191 3.00000000000000000000000000000000000000000000000e+00
192 192 3.00000000000000000000000000000000000000000000000e+00
193 193 3.00000000000000000000000000000000000000000000000e+00
194 194 6.00000000000000000000000000000000000000000000000e+00
195 195 6.00000000000000000000000000000000000000000000000e+00
196 196 6.00000000000000000000000000000000000000000000000e+00
197 197 6.00000000000000000000000000000000000000000000000e+00
198 198 6.00000000000000000000000000000000000000000000000e+00
199 199 6.00000000000000000000000000000000000000000000000e+00
200 200 6.00000000000000000000000000000000000000000000000e+00
202 202 1.00000000000000000000000000000000000000000000000e+00
203 203 1.00000000000000000000000000000000000000000000000e+00
204 204 1.00000000000000000000000000000000000000000000000e+00
205 205 3.00000000000000000000000000000000000000000000000e+00
206 206 3.00000000000000000000000000000000000000000000000e+00
207 207 3.00000000000000000000000000000000000000000000000e+00
208 208 3.00000000000000000000000000000000000000000000000e+00
209 209 3.00000000000000000000000000000000000000000000000e+00
210 210 6.00000000000000000000000000000000000000000000000e+00
211 211 6.00000000000000000000000000000000000000000000000e+00
212 212 6.00000000000000000000000000000000000000000000000e+00
213 213 6.00000000000000000000000000000000000000000000000e+00
214 214 6.00000000000000000000000000000000000000000000000e+00
215 215 6.00000000000000000000000000000000000000000000000e+00
216 216 6.00000000000000000000000000000000000000000000000e+00
217 217 1.00000000000000000000000000000000000000000000000e+01
218 218 1.00000000000000000000000000000000000000000000000e+01
219 219 1.00000000000000000000000000000000000000000000000e+01
220 220 1.00000000000000000000000000000000000000000000000e+01
221 221 1.00000000000000000000000000000000000000000000000e+01
222 222 1.00000000000000000000000000000000000000000000000e+01
223 223 1.00000000000000000000000000000000000000000000000e+01
224 224 1.00000000000000000000000000000000000000000000000e+01
225 225 1.00000000000000000000000000000000000000000000000e+01
226 226 1.00000000000000000000000000000000000000000000000e+00
227 227 1.00000000000000000000000000000000000000000000000e+00
228 228 1.00000000000000000000000000000000000000000000000e+00
229 229 3.00000000000000000000000000000000000000000000000e+00
230 230 3.00000000000000000000000000000000000000000000000e+00
231 231 3.00000000000000000000000000000000000000000000000e+00
232 232 3.00000000000000000000000000000000000000000000000e+00
233 233 3.00000000000000000000000000000000000000000000000e+00
234 234 6.00000000000000000000000000000000000000000000000e+00
235 235 6.00000000000000000000000000000000000000000000000e+00
236 236 6.00000000000000000000000000000000000000000000000e+00
237 237 6.00000000000000000000000000000000000000000000000e+00
238 238 6.00000000000000000000000000000000000000000000000e+00
239 239 6.00000000000000000000000000000000000000000000000e+00
240 240 6.00000000000000000000000000000000000000000000000e+00
241 241 1.00000000000000000000000000000000000000000000000e+01
242 242 1.00000000000000000000000000000000000000000000000e+01
243 243 1.00000000000000000000000000000000000000000000000e+01
244 244 1.00000000000000000000000000000000000000000000000e+01
245 245 1.00000000000000000000000000000000000000000000000e+01
246 246 1.00000000000000000000000000000000000000000000000e+01
247 247 1.00000000000000000000000000000000000000000000000e+01
248 248 1.00000000000000000000000000000000000000000000000e+01
249 249 1.00000000000000000000000000000000000000000000000e+01
250 250 1.50000000000000000000000000000000000000000000000e+01
251 251 1.50000000000000000000000000000000000000000000000e+01
252 252 1.50000000000000000000000000000000000000000000000e+01
253 253 1.50000000000000000000000000000000000000000000000e+01
254 254 1.50000000000000000000000000000000000000000000000e+01
255 255 1.50000000000000000000000000000000000000000000000e+01
256 256 1.50000000000000000000000000000000000000000000000e+01
257 257 1.50000000000000000000000000000000000000000000000e+01
258 258 1.50000000000000000000000000000000000000000000000e+01
259 259 1.50000000000000000000000000000000000000000000000e+01
260 260 1.50000000000000000000000000000000000000000000000e+01
261 261 3.00000000000000000000000000000000000000000000000e+00
262 262 3.00000000000000000000000000000000000000000000000e+00
263 263 3.00000000000000000000000000000000000000000000000e+00
264 264 3.00000000000000000000000000000000000000000000000e+00
265 265 3.00000000000000000000000000000000000000000000000e+00
266 266 6.00000000000000000000000000000000000000000000000e+00
267 267 6.00000000000000000000000000000000000000000000000e+00
268 268 6.00000000000000000000000000000000000000000000000e+00
269 269 6.00000000000000000000000000000000000000000000000e+00
270 270 6.00000000000000000000000000000000000000000000000e+00
271 271 6.00000000000000000000000000000000000000000000000e+00
272 272 6.00000000000000000000000000000000000000000000000e+00
273 273 1.00000000000000000000000000000000000000000000000e+01
274 274 1.00000000000000000000000000000000000000000000000e+01
275 275 1.00000000000000000000000000000000000000000000000e+01
276 276 1.00000000000000000000000000000000000000000000000e+01
277 277 1.00000000000000000000000000000000000000000000000e+01
278 278 1.00000000000000000000000000000000000000000000000e+01
279 279 1.00000000000000000000000000000000000000000000000e+01
280 280 1.00000000000000000000000000000000000000000000000e+01
281 281 1.00000000000000000000000000000000000000000000000e+01
282 282 1.50000000000000000000000000000000000000000000000e+01
283 283 1.50000000000000000000000000000000000000000000000e+01
284 284 1.50000000000000000000000000000000000000000000000e+01
285 285 1.50000000000000000000000000000000000000000000000e+01
286 286 1.50000000000000000000000000000000000000000000000e+01
287 287 1.50000000000000000000000000000000000000000000000e+01
288 288 1.50000000000000000000000000000000000000000000000e+01
289 289 1.50000000000000000000000000000000000000000000000e+01
290 290 1.50000000000000000000000000000000000000000000000e+01
291 291 1.50000000000000000000000000000000000000000000000e+01
292 292 1.50000000000000000000000000000000000000000000000e+01
293 293 2.10000000000000000000000000000000000000000000000e+01
294 294 2.10000000000000000000000000000000000000000000000e+01
295 295 2.10000000000000000000000000000000000000000000000e+01
296 296 2.10000000000000000000000000000000000000000000000e+01
297 297 2.10000000000000000000000000000000000000000000000e+01
298 298 2.10000000000000000000000000000000000000000000000e+01
299 299 2.10000000000000000000000000000000000000000000000e+01
300 300 2.10000000000000000000000000000000000000000000000e+01
301 301 2.10000000000000000000000000000000000000000000000e+01
302 302 2.10000000000000000000000000000000000000000000000e+01
303 303 2.10000000000000000000000000000000000000000000000e+01
304 304 2.10000000000000000000000000000000000000000000000e+01
305 305 2.10000000000000000000000000000000000000000000000e+01
306 306 6.00000000000000000000000000000000000000000000000e+00
307 307 6.00000000000000000000000000000000000000000000000e+00
308 308 6.00000000000000000000000000000000000000000000000e+00
309 309 6.00000000000000000000000000000000000000000000000e+00
310 310 6.00000000000000000000000000000000000000000000000e+00
311 311 6.00000000000000000000000000000000000000000000000e+00
312 312 6.00000000000000000000000000000000000000000000000e+00
313 313 1.00000000000000000000000000000000000000000000000e+01
314 314 1.00000000000000000000000000000000000000000000000e+01
315 315 1.00000000000000000000000000000000000000000000000e+01
316 316 1.00000000000000000000000000000000000000000000000e+01
317 317 1.00000000000000000000000000000000000000000000000e+01
318 318 1.00000000000000000000000000000000000000000000000e+01
319 319 1.00000000000000000000000000000000000000000000000e+01
320 320 1.00000000000000000000000000000000000000000000000e+01
321 321 1.00000000000000000000000000000000000000000000000e+01
322 322 1.50000000000000000000000000000000000000000000000e+01
323 323 1.50000000000000000000000000000000000000000000000e+01
324 324 1.50000000000000000000000000000000000000000000000e+01
325 325 1.50000000000000000000000000000000000000000000000e+01
326 326 1.50000000000000000000000000000000000000000000000e+01
327 327 1.50000000000000000000000000000000000000000000000e+01
328 328 1.50000000000000000000000000000000000000000000000e+01
329 329 1.50000000000000000000000000000000000000000000000e+01
330 330 1.50000000000000000000000000000000000000000000000e+01
331 331 1.50000000000000000000000000000000000000000000000e+01
332 332 1.50000000000000000000000000000000000000000000000e+01
333 333 2.10000000000000000000000000000000000000000000000e+01
334 334 2.10000000000000000000000000000000000000000000000e+01
335 335 2.10000000000000000000000000000000000000000000000e+01
336 336 2.10000000000000000000000000000000000000000000000e+01
337 337 2.10000000000000000000000000000000000000000000000e+01
338 338 2.10000000000000000000000000000000000000000000000e+01
339 339 2.10000000000000000000000000000000000000000000000e+01
340 340 2.10000000000000000000000000000000000000000000000e+01
341 341 2.10000000000000000000000000000000000000000000000e+01
342 342 2.10000000000000000000000000000000000000000000000e+01
343 343 2.10000000000000000000000000000000000000000000000e+01
344 344 2.10000000000000000000000000000000000000000000000e+01
345 345 2.10000000000000000000000000000000000000000000000e+01
346 346 1.00000000000000000000000000000000000000000000000e+01
347 347 1.00000000000000000000000000000000000000000000000e+01
348 348 1.00000000000000000000000000000000000000000000000e+01
349 349 1.00000000000000000000000000000000000000000000000e+01
350 350 1.00000000000000000000000000000000000000000000000e+01
351 351 1.00000000000000000000000000000000000000000000000e+01
352 352 1.00000000000000000000000000000000000000000000000e+01
353 353 1.00000000000000000000000000000000000000000000000e+01
354 354 1.00000000000000000000000000000000000000000000000e+01
355 355 1.50000000000000000000000000000000000000000000000e+01
356 356 1.50000000000000000000000000000000000000000000000e+01
357 357 1.50000000000000000000000000000000000000000000000e+01
358 358 1.50000000000000000000000000000000000000000000000e+01
359 359 1.50000000000000000000000000000000000000000000000e+01
360 360 1.50000000000000000000000000000000000000000000000e+01
361 361 1.50000000000000000000000000000000000000000000000e+01
362 362 1.50000000000000000000000000000000000000000000000e+01
363 363 1.50000000000000000000000000000000000000000000000e+01
364 364 1.50000000000000000000000000000000000000000000000e+01
365 365 1.50000000000000000000000000000000000000000000000e+01
366 366 2.10000000000000000000000000000000000000000000000e+01
367 367 2.10000000000000000000000000000000000000000000000e+01
368 368 2.10000000000000000000000000000000000000000000000e+01
369 369 2.10000000000000000000000000000000000000000000000e+01
370 370 2.10000000000000000000000000000000000000000000000e+01
371 371 2.10000000000000000000000000000000000000000000000e+01
372 372 2.10000000000000000000000000000000000000000000000e+01
373 373 2.10000000000000000000000000000000000000000000000e+01
374 374 2.10000000000000000000000000000000000000000000000e+01
375 375 2.10000000000000000000000000000000000000000000000e+01
376 376 2.10000000000000000000000000000000000000000000000e+01
377 377 2.10000000000000000000000000000000000000000000000e+01
378 378 2.10000000000000000000000000000000000000000000000e+01
379 379 6.00000000000000000000000000000000000000000000000e+00
380 380 6.00000000000000000000000000000000000000000000000e+00
381 381 6.00000000000000000000000000000000000000000000000e+00
382 382 6.00000000000000000000000000000000000000000000000e+00
383 383 6.00000000000000000000000000000000000000000000000e+00
384 384 6.00000000000000000000000000000000000000000000000e+00
385 385 6.00000000000000000000000000000000000000000000000e+00
386 386 3.00000000000000000000000000000000000000000000000e+00
387 387 3.00000000000000000000000000000000000000000000000e+00
388 388 3.00000000000000000000000000000000000000000000000e+00
389 389 3.00000000000000000000000000000000000000000000000e+00
390 390 3.00000000000000000000000000000000000000000000000e+00
391 391 6.00000000000000000000000000000000000000000000000e+00
392 392 6.00000000000000000000000000000000000000000000000e+00
393 393 6.00000000000000000000000000000000000000000000000e+00
394 394 6.00000000000000000000000000000000000000000000000e+00
395 395 6.00000000000000000000000000000000000000000000000e+00
396 396 6.00000000000000000000000000000000000000000000000e+00
397 397 6.00000000000000000000000000000000000000000000000e+00
398 398 1.00000000000000000000000000000000000000000000000e+01
399 399 1.00000000000000000000000000000000000000000000000e+01
400 400 1.00000000000000000000000000000000000000000000000e+01
401 401 1.00000000000000000000000000000000000000000000000e+01
402 402 1.00000000000000000000000000000000000000000000000e+01
403 403 1.00000000000000000000000000000000000000000000000e+01
404 404 1.00000000000000000000000000000000000000000000000e+01
405 405 1.00000000000000000000000000000000000000000000000e+01
406 406 1.00000000000000000000000000000000000000000000000e+01
407 407 1.00000000000000000000000000000000000000000000000e+00
408 408 1.00000000000000000000000000000000000000000000000e+00
409 409 1.00000000000000000000000000000000000000000000000e+00
410 410 3.00000000000000000000000000000000000000000000000e+00
411 411 3.00000000000000000000000000000000000000000000000e+00
412 412 3.00000000000000000000000000000000000000000000000e+00
413 413 3.00000000000000000000000000000000000000000000000e+00
414 414 3.00000000000000000000000000000000000000000000000e+00
415 415 6.00000000000000000000000000000000000000000000000e+00
416 416 6.00000000000000000000000000000000000000000000000e+00
417 417 6.00000000000000000000000000000000000000000000000e+00
418 418 6.00000000000000000000000000000000000000000000000e+00
419 419 6.00000000000000000000000000000000000000000000000e+00
420 420 6.00000000000000000000000000000000000000000000000e+00
421 421 6.00000000000000000000000000000000000000000000000e+00
422 422 1.00000000000000000000000000000000000000000000000e+01
423 423 1.00000000000000000000000000000000000000000000000e+01
424 424 1.00000000000000000000000000000000000000000000000e+01
425 425 1.00000000000000000000000000000000000000000000000e+01
426 426 1.00000000000000000000000000000000000000000000000e+01
427 427 1.00000000000000000000000000000000000000000000000e+01
428 428 1.00000000000000000000000000000000000000000000000e+01
429 429 1.00000000000000000000000000000000000000000000000e+01
430 430 1.00000000000000000000000000000000000000000000000e+01
431 431 1.50000000000000000000000000000000000000000000000e+01
432 432 1.50000000000000000000000000000000000000000000000e+01
433 433 1.50000000000000000000000000000000000000000000000e+01
434 434 1.50000000000000000000000000000000000000000000000e+01
435 435 1.50000000000000000000000000000000000000000000000e+01
436 436 1.50000000000000000000000000000000000000000000000e+01
437 437 1.50000000000000000000000000000000000000000000000e+01
438 438 1.50000000000000000000000000000000000000000000000e+01
439 439 1.50000000000000000000000000000000000000000000000e+01
440 440 1.50000000000000000000000000000000000000000000000e+01
441 441 1.50000000000000000000000000000000000000000000000e+01
443 443 1.00000000000000000000000000000000000000000000000e+00
444 444 1.00000000000000000000000000000000000000000000000e+00
445 445 1.00000000000000000000000000000000000000000000000e+00
446 446 3.00000000000000000000000000000000000000000000000e+00
447 447 3.00000000000000000000000000000000000000000000000e+00
448 448 3.00000000000000000000000000000000000000000000000e+00
449 449 3.00000000000000000000000000000000000000000000000e+00
450 450 3.00000000000000000000000000000000000000000000000e+00
451 451 6.00000000000000000000000000000000000000000000000e+00
452 452 6.00000000000000000000000000000000000000000000000e+00
453 453 6.00000000000000000000000000000000000000000000000e+00
454 454 6.00000000000000000000000000000000000000000000000e+00
455 455 6.00000000000000000000000000000000000000000000000e+00
456 456 6.00000000000000000000000000000000000000000000000e+00
457 457 6.00000000000000000000000000000000000000000000000e+00
458 458 1.00000000000000000000000000000000000000000000000e+01
459 459 1.00000000000000000000000000000000000000000000000e+01
460 460 1.00000000000000000000000000000000000000000000000e+01
461 461 1.00000000000000000000000000000000000000000000000e+01
462 462 1.00000000000000000000000000000000000000000000000e+01
463 463 1.00000000000000000000000000000000000000000000000e+01
464 464 1.00000000000000000000000000000000000000000000000e+01
465 465 1.00000000000000000000000000000000000000000000000e+01
466 466 1.00000000000000000000000000000000000000000000000e+01
467 467 1.50000000000000000000000000000000000000000000000e+01
468 468 1.50000000000000000000000000000000000000000000000e+01
469 469 1.50000000000000000000000000000000000000000000000e+01
470 470 1.50000000000000000000000000000000000000000000000e+01
471 471 1.50000000000000000000000000000000000000000000000e+01
472 472 1.50000000000000000000000000000000000000000000000e+01
473 473 1.50000000000000000000000000000000000000000000000e+01
474 474 1.50000000000000000000000000000000000000000000000e+01
475 475 1.50000000000000000000000000000000000000000000000e+01
476 476 1.50000000000000000000000000000000000000000000000e+01
477 477 1.50000000000000000000000000000000000000000000000e+01
478 478 2.10000000000000000000000000000000000000000000000e+01
479 479 2.10000000000000000000000000000000000000000000000e+01
480 480 2.10000000000000000000000000000000000000000000000e+01
481 481 2.10000000000000000000000000000000000000000000000e+01
482 482 2.10000000000000000000000000000000000000000000000e+01
483 483 2.10000000000000000000000000000000000000000000000e+01
484 484 2.10000000000000000000000000000000000000000000000e+01
485 485 2.10000000000000000000000000000000000000000000000e+01
486 486 2.10000000000000000000000000000000000000000000000e+01
487 487 2.10000000000000000000000000000000000000000000000e+01
488 488 2.10000000000000000000000000000000000000000000000e+01
489 489 2.10000000000000000000000000000000000000000000000e+01
490 490 2.10000000000000000000000000000000000000000000000e+01
491 491 1.00000000000000000000000000000000000000000000000e+00
492 492 1.00000000000000000000000000000000000000000000000e+00
493 493 1.00000000000000000000000000000000000000000000000e+00
494 494 3.00000000000000000000000000000000000000000000000e+00
495 495 3.00000000000000000000000000000000000000000000000e+00
496 496 3.00000000000000000000000000000000000000000000000e+00
497 497 3.00000000000000000000000000000000000000000000000e+00
498 498 3.00000000000000000000000000000000000000000000000e+00
499 499 6.00000000000000000000000000000000000000000000000e+00
500 500 6.00000000000000000000000000000000000000000000000e+00
501 501 6.00000000000000000000000000000000000000000000000e+00
502 502 6.00000000000000000000000000000000000000000000000e+00
503 503 6.00000000000000000000000000000000000000000000000e+00
504 504 6.00000000000000000000000000000000000000000000000e+00
505 505 6.00000000000000000000000000000000000000000000000e+00
506 506 1.00000000000000000000000000000000000000000000000e+01
507 507 1.00000000000000000000000000000000000000000000000e+01
508 508 1.00000000000000000000000000000000000000000000000e+01
509 509 1.00000000000000000000000000000000000000000000000e+01
510 510 1.00000000000000000000000000000000000000000000000e+01
511 511 1.00000000000000000000000000000000000000000000000e+01
512 512 1.00000000000000000000000000000000000000000000000e+01
513 513 1.00000000000000000000000000000000000000000000000e+01
514 514 1.00000000000000000000000000000000000000000000000e+01
515 515 1.50000000000000000000000000000000000000000000000e+01
516 516 1.50000000000000000000000000000000000000000000000e+01
517 517 1.50000000000000000000000000000000000000000000000e+01
518 518 1.50000000000000000000000000000000000000000000000e+01
519 519 1.50000000000000000000000000000000000000000000000e+01
520 520 1.50000000000000000000000000000000000000000000000e+01
521 521 1.50000000000000000000000000000000000000000000000e+01
522 522 1.50000000000000000000000000000000000000000000000e+01
523 523 1.50000000000000000000000000000000000000000000000e+01
524 524 1.50000000000000000000000000000000000000000000000e+01
525 525 1.50000000000000000000000000000000000000000000000e+01
526 526 2.10000000000000000000000000000000000000000000000e+01
527 527 2.10000000000000000000000000000000000000000000000e+01
528 528 2.10000000000000000000000000000000000000000000000e+01
529 529 2.10000000000000000000000000000000000000000000000e+01
530 530 2.10000000000000000000000000000000000000000000000e+01
531 531 2.10000000000000000000000000000000000000000000000e+01
532 532 2.10000000000000000000000000000000000000000000000e+01
533 533 2.10000000000000000000000000000000000000000000000e+01
534 534 2.10000000000000000000000000000000000000000000000e+01
535 535 2.10000000000000000000000000000000000000000000000e+01
536 536 2.10000000000000000000000000000000000000000000000e+01
537 537 2.10000000000000000000000000000000000000000000000e+01
538 538 2.10000000000000000000000000000000000000000000000e+01
539 539 3.00000000000000000000000000000000000000000000000e+00
540 540 3.00000000000000000000000000000000000000000000000e+00
541 541 3.00000000000000000000000000000000000000000000000e+00
542 542 3.00000000000000000000000000000000000000000000000e+00
543 543 3.00000000000000000000000000000000000000000000000e+00
544 544 6.00000000000000000000000000000000000000000000000e+00
545 545 6.00000000000000000000000000000000000000000000000e+00
546 546 6.00000000000000000000000000000000000000000000000e+00
547 547 6.00000000000000000000000000000000000000000000000e+00
548 548 6.00000000000000000000000000000000000000000000000e+00
549 549 6.00000000000000000000000000000000000000000000000e+00
550 550 6.00000000000000000000000000000000000000000000000e+00
551 551 1.00000000000000000000000000000000000000000000000e+01
552 552 1.00000000000000000000000000000000000000000000000e+01
553 553 1.00000000000000000000000000000000000000000000000e+01
554 554 1.00000000000000000000000000000000000000000000000e+01
555 555 1.00000000000000000000000000000000000000000000000e+01
556 556 1.00000000000000000000000000000000000000000000000e+01
557 557 1.00000000000000000000000000000000000000000000000e+01
558 558 1.00000000000000000000000000000000000000000000000e+01
559 559 1.00000000000000000000000000000000000000000000000e+01
560 560 1.50000000000000000000000000000000000000000000000e+01
561 561 1.50000000000000000000000000000000000000000000000e+01
562 562 1.50000000000000000000000000000000000000000000000e+01
563 563 1.50000000000000000000000000000000000000000000000e+01
564 564 1.50000000000000000000000000000000000000000000000e+01
565 565 1.50000000000000000000000000000000000000000000000e+01
566 566 1.50000000000000000000000000000000000000000000000e+01
567 567 1.50000000000000000000000000000000000000000000000e+01
568 568 1.50000000000000000000000000000000000000000000000e+01
569 569 1.50000000000000000000000000000000000000000000000e+01
570 570 1.50000000000000000000000000000000000000000000000e+01
571 571 2.10000000000000000000000000000000000000000000000e+01
572 572 2.10000000000000000000000000000000000000000000000e+01
573 573 2.10000000000000000000000000000000000000000000000e+01
574 574 2.10000000000000000000000000000000000000000000000e+01
575 575 2.10000000000000000000000000000000000000000000000e+01
576 576 2.10000000000000000000000000000000000000000000000e+01
577 577 2.10000000000000000000000000000000000000000000000e+01
578 578 2.10000000000000000000000000000000000000000000000e+01
579 579 2.10000000000000000000000000000000000000000000000e+01
580 580 2.10000000000000000000000000000000000000000000000e+01
581 581 2.10000000000000000000000000000000000000000000000e+01
582 582 2.10000000000000000000000000000000000000000000000e+01
583 583 2.10000000000000000000000000000000000000000000000e+01
584 584 6.00000000000000000000000000000000000000000000000e+00
585 585 6.00000000000000000000000000000000000000000000000e+00
586 586 6.00000000000000000000000000000000000000000000000e+00
587 587 6.00000000000000000000000000000000000000000000000e+00
588 588 6.00000000000000000000000000000000000000000000000e+00
589 589 6.00000000000000000000000000000000000000000000000e+00
590 590 6.00000000000000000000000000000000000000000000000e+00
591 591 1.00000000000000000000000000000000000000000000000e+01
592 592 1.00000000000000000000000000000000000000000000000e+01
593 593 1.00000000000000000000000000000000000000000000000e+01
594 594 1.00000000000000000000000000000000000000000000000e+01
595 595 1.00000000000000000000000000000000000000000000000e+01
596 596 1.00000000000000000000000000000000000000000000000e+01
597 597 1.00000000000000000000000000000000000000000000000e+01
598 598 1.00000000000000000000000000000000000000000000000e+01
599 599 1.00000000000000000000000000000000000000000000000e+01
600 600 1.50000000000000000000000000000000000000000000000e+01
601 601 1.50000000000000000000000000000000000000000000000e+01
602 602 1.50000000000000000000000000000000000000000000000e+01
603 603 1.50000000000000000000000000000000000000000000000e+01
604 604 1.50000000000000000000000000000000000000000000000e+01
605 605 1.50000000000000000000000000000000000000000000000e+01
606 606 1.50000000000000000000000000000000000000000000000e+01
607 607 1.50000000000000000000000000000000000000000000000e+01
608 608 1.50000000000000000000000000000000000000000000000e+01
609 609 1.50000000000000000000000000000000000000000000000e+01
610 610 1.50000000000000000000000000000000000000000000000e+01
611 611 2.10000000000000000000000000000000000000000000000e+01
612 612 2.10000000000000000000000000000000000000000000000e+01
613 613 2.10000000000000000000000000000000000000000000000e+01
614 614 2.10000000000000000000000000000000000000000000000e+01
615 615 2.10000000000000000000000000000000000000000000000e+01
616 616 2.10000000000000000000000000000000000000000000000e+01
617 617 2.10000000000000000000000000000000000000000000000e+01
618 618 2.10000000000000000000000000000000000000000000000e+01
619 619 2.10000000000000000000000000000000000000000000000e+01
620 620 2.10000000000000000000000000000000000000000000000e+01
621 621 2.10000000000000000000000000000000000000000000000e+01
622 622 2.10000000000000000000000000000000000000000000000e+01
623 623 2.10000000000000000000000000000000000000000000000e+01
624 624 1.00000000000000000000000000000000000000000000000e+01
625 625 1.00000000000000000000000000000000000000000000000e+01
626 626 1.00000000000000000000000000000000000000000000000e+01
627 627 1.00000000000000000000000000000000000000000000000e+01
628 628 1.00000000000000000000000000000000000000000000000e+01
629 629 1.00000000000000000000000000000000000000000000000e+01
630 630 1.00000000000000000000000000000000000000000000000e+01
631 631 1.00000000000000000000000000000000000000000000000e+01
632 632 1.00000000000000000000000000000000000000000000000e+01
633 633 6.00000000000000000000000000000000000000000000000e+00
634 634 6.00000000000000000000000000000000000000000000000e+00
635 635 6.00000000000000000000000000000000000000000000000e+00
636 636 6.00000000000000000000000000000000000000000000000e+00
637 637 6.00000000000000000000000000000000000000000000000e+00
638 638 6.00000000000000000000000000000000000000000000000e+00
639 639 6.00000000000000000000000000000000000000000000000e+00
640 640 1.00000000000000000000000000000000000000000000000e+01
641 641 1.00000000000000000000000000000000000000000000000e+01
642 642 1.00000000000000000000000000000000000000000000000e+01
643 643 1.00000000000000000000000000000000000000000000000e+01
644 644 1.00000000000000000000000000000000000000000000000e+01
645 645 1.00000000000000000000000000000000000000000000000e+01
646 646 1.00000000000000000000000000000000000000000000000e+01
647 647 1.00000000000000000000000000000000000000000000000e+01
648 648 1.00000000000000000000000000000000000000000000000e+01
649 649 1.50000000000000000000000000000000000000000000000e+01
650 650 1.50000000000000000000000000000000000000000000000e+01
651 651 1.50000000000000000000000000000000000000000000000e+01
652 652 1.50000000000000000000000000000000000000000000000e+01
653 653 1.50000000000000000000000000000000000000000000000e+01
654 654 1.50000000000000000000000000000000000000000000000e+01
655 655 1.50000000000000000000000000000000000000000000000e+01
656 656 1.50000000000000000000000000000000000000000000000e+01
657 657 1.50000000000000000000000000000000000000000000000e+01
658 658 1.50000000000000000000000000000000000000000000000e+01
659 659 1.50000000000000000000000000000000000000000000000e+01
660 660 3.00000000000000000000000000000000000000000000000e+00
661 661 3.00000000000000000000000000000000000000000000000e+00
662 662 3.00000000000000000000000000000000000000000000000e+00
663 663 3.00000000000000000000000000000000000000000000000e+00
664 664 3.00000000000000000000000000000000000000000000000e+00
665 665 6.00000000000000000000000000000000000000000000000e+00
666 666 6.00000000000000000000000000000000000000000000000e+00
667 667 6.00000000000000000000000000000000000000000000000e+00
668 668 6.00000000000000000000000000000000000000000000000e+00
669 669 6.00000000000000000000000000000000000000000000000e+00
670 670 6.00000000000000000000000000000000000000000000000e+00
671 671 6.00000000000000000000000000000000000000000000000e+00
672 672 1.00000000000000000000000000000000000000000000000e+01
673 673 1.00000000000000000000000000000000000000000000000e+01
674 674 1.00000000000000000000000000000000000000000000000e+01
675 675 1.00000000000000000000000000000000000000000000000e+01
676 676 1.00000000000000000000000000000000000000000000000e+01
677 677 1.00000000000000000000000000000000000000000000000e+01
678 678 1.00000000000000000000000000000000000000000000000e+01
679 679 1.00000000000000000000000000000000000000000000000e+01
680 680 1.00000000000000000000000000000000000000000000000e+01
681 681 1.50000000000000000000000000000000000000000000000e+01
682 682 1.50000000000000000000000000000000000000000000000e+01
683 683 1.50000000000000000000000000000000000000000000000e+01
684 684 1.50000000000000000000000000000000000000000000000e+01
685 685 1.50000000000000000000000000000000000000000000000e+01
686 686 1.50000000000000000000000000000000000000000000000e+01
687 687 1.50000000000000000000000000000000000000000000000e+01
688 688 1.50000000000000000000000000000000000000000000000e+01
689 689 1.50000000000000000000000000000000000000000000000e+01
690 690 1.50000000000000000000000000000000000000000000000e+01
691 691 1.50000000000000000000000000000000000000000000000e+01
692 692 2.10000000000000000000000000000000000000000000000e+01
693 693 2.10000000000000000000000000000000000000000000000e+01
694 694 2.10000000000000000000000000000000000000000000000e+01
695 695 2.10000000000000000000000000000000000000000000000e+01
696 696 2.10000000000000000000000000000000000000000000000e+01
697 697 2.10000000000000000000000000000000000000000000000e+01
698 698 2.10000000000000000000000000000000000000000000000e+01
699 699 2.10000000000000000000000000000000000000000000000e+01
700 700 2.10000000000000000000000000000000000000000000000e+01
701 701 2.10000000000000000000000000000000000000000000000e+01
702 702 2.10000000000000000000000000000000000000000000000e+01
703 703 2.10000000000000000000000000000000000000000000000e+01
704 704 2.10000000000000000000000000000000000000000000000e+01
705 705 1.00000000000000000000000000000000000000000000000e+00
706 706 1.00000000000000000000000000000000000000000000000e+00
707 707 1.00000000000000000000000000000000000000000000000e+00
708 708 3.00000000000000000000000000000000000000000000000e+00
709 709 3.00000000000000000000000000000000000000000000000e+00
710 710 3.00000000000000000000000000000000000000000000000e+00
711 711 3.00000000000000000000000000000000000000000000000e+00
712 712 3.00000000000000000000000000000000000000000000000e+00
713 713 6.00000000000000000000000000000000000000000000000e+00
714 714 6.00000000000000000000000000000000000000000000000e+00
715 715 6.00000000000000000000000000000000000000000000000e+00
716 716 6.00000000000000000000000000000000000000000000000e+00
717 717 6.00000000000000000000000000000000000000000000000e+00
718 718 6.00000000000000000000000000000000000000000000000e+00
719 719 6.00000000000000000000000000000000000000000000000e+00
720 720 1.00000000000000000000000000000000000000000000000e+01
721 721 1.00000000000000000000000000000000000000000000000e+01
722 722 1.00000000000000000000000000000000000000000000000e+01
723 723 1.00000000000000000000000000000000000000000000000e+01
724 724 1.00000000000000000000000000000000000000000000000e+01
725 725 1.00000000000000000000000000000000000000000000000e+01
726 726 1.00000000000000000000000000000000000000000000000e+01
727 727 1.00000000000000000000000000000000000000000000000e+01
728 728 1.00000000000000000000000000000000000000000000000e+01
729 729 1.50000000000000000000000000000000000000000000000e+01
730 730 1.50000000000000000000000000000000000000000000000e+01
731 731 1.50000000000000000000000000000000000000000000000e+01
732 732 1.50000000000000000000000000000000000000000000000e+01
733 733 1.50000000000000000000000000000000000000000000000e+01
734 734 1.50000000000000000000000000000000000000000000000e+01
735 735 1.50000000000000000000000000000000000000000000000e+01
736 736 1.50000000000000000000000000000000000000000000000e+01
737 737 1.50000000000000000000000000000000000000000000000e+01
738 738 1.50000000000000000000000000000000000000000000000e+01
739 739 1.50000000000000000000000000000000000000000000000e+01
740 740 2.10000000000000000000000000000000000000000000000e+01
741 741 2.10000000000000000000000000000000000000000000000e+01
742 742 2.10000000000000000000000000000000000000000000000e+01
743 743 2.10000000000000000000000000000000000000000000000e+01
744 744 2.10000000000000000000000000000000000000000000000e+01
745 745 2.10000000000000000000000000000000000000000000000e+01
746 746 2.10000000000000000000000000000000000000000000000e+01
747 747 2.10000000000000000000000000000000000000000000000e+01
748 748 2.10000000000000000000000000000000000000000000000e+01
749 749 2.10000000000000000000000000000000000000000000000e+01
750 750 2.10000000000000000000000000000000000000000000000e+01
751 751 2.10000000000000000000000000000000000000000000000e+01
752 752 2.10000000000000000000000000000000000000000000000e+01
754 754 1.00000000000000000000000000000000000000000000000e+00
755 755 1.00000000000000000000000000000000000000000000000e+00
756 756 1.00000000000000000000000000000000000000000000000e+00
757 757 3.00000000000000000000000000000000000000000000000e+00
758 758 3.00000000000000000000000000000000000000000000000e+00
759 759 3.00000000000000000000000000000000000000000000000e+00
760 760 3.00000000000000000000000000000000000000000000000e+00
761 761 3.00000000000000000000000000000000000000000000000e+00
762 762 6.00000000000000000000000000000000000000000000000e+00
763 763 6.00000000000000000000000000000000000000000000000e+00
764 764 6.00000000000000000000000000000000000000000000000e+00
765 765 6.00000000000000000000000000000000000000000000000e+00
766 766 6.00000000000000000000000000000000000000000000000e+00
767 767 6.00000000000000000000000000000000000000000000000e+00
768 768 6.00000000000000000000000000000000000000000000000e+00
769 769 1.00000000000000000000000000000000000000000000000e+01
770 770 1.00000000000000000000000000000000000000000000000e+01
771 771 1.00000000000000000000000000000000000000000000000e+01
772 772 1.00000000000000000000000000000000000000000000000e+01
773 773 1.00000000000000000000000000000000000000000000000e+01
774 774 1.00000000000000000000000000000000000000000000000e+01
775 775 1.00000000000000000000000000000000000000000000000e+01
776 776 1.00000000000000000000000000000000000000000000000e+01
777 777 1.00000000000000000000000000000000000000000000000e+01
778 778 1.50000000000000000000000000000000000000000000000e+01
779 779 1.50000000000000000000000000000000000000000000000e+01
780 780 1.50000000000000000000000000000000000000000000000e+01
781 781 1.50000000000000000000000000000000000000000000000e+01
782 782 1.50000000000000000000000000000000000000000000000e+01
783 783 1.50000000000000000000000000000000000000000000000e+01
784 784 1.50000000000000000000000000000000000000000000000e+01
785 785 1.50000000000000000000000000000000000000000000000e+01
786 786 1.50000000000000000000000000000000000000000000000e+01
787 787 1.50000000000000000000000000000000000000000000000e+01
788 788 1.50000000000000000000000000000000000000000000000e+01
789 789 2.10000000000000000000000000000000000000000000000e+01
790 790 2.10000000000000000000000000000000000000000000000e+01
791 791 2.10000000000000000000000000000000000000000000000e+01
792 792 2.10000000000000000000000000000000000000000000000e+01
793 793 2.10000000000000000000000000000000000000000000000e+01
794 794 2.10000000000000000000000000000000000000000000000e+01
795 795 2.10000000000000000000000000000000000000000000000e+01
796 796 2.10000000000000000000000000000000000000000000000e+01
797 797 2.10000000000000000000000000000000000000000000000e+01
798 798 2.10000000000000000000000000000000000000000000000e+01
799 799 2.10000000000000000000000000000000000000000000000e+01
800 800 2.10000000000000000000000000000000000000000000000e+01
801 801 2.10000000000000000000000000000000000000000000000e+01
802 802 1.00000000000000000000000000000000000000000000000e+00
803 803 1.00000000000000000000000000000000000000000000000e+00
804 804 1.00000000000000000000000000000000000000000000000e+00
805 805 3.00000000000000000000000000000000000000000000000e+00
806 806 3.00000000000000000000000000000000000000000000000e+00
807 807 3.00000000000000000000000000000000000000000000000e+00
808 808 3.00000000000000000000000000000000000000000000000e+00
809 809 3.00000000000000000000000000000000000000000000000e+00
810 810 6.00000000000000000000000000000000000000000000000e+00
811 811 6.00000000000000000000000000000000000000000000000e+00
812 812 6.00000000000000000000000000000000000000000000000e+00
813 813 6.00000000000000000000000000000000000000000000000e+00
814 814 6.00000000000000000000000000000000000000000000000e+00
815 815 6.00000000000000000000000000000000000000000000000e+00
816 816 6.00000000000000000000000000000000000000000000000e+00
817 817 1.00000000000000000000000000000000000000000000000e+01
818 818 1.00000000000000000000000000000000000000000000000e+01
819 819 1.00000000000000000000000000000000000000000000000e+01
820 820 1.00000000000000000000000000000000000000000000000e+01
821 821 1.00000000000000000000000000000000000000000000000e+01
822 822 1.00000000000000000000000000000000000000000000000e+01
823 823 1.00000000000000000000000000000000000000000000000e+01
824 824 1.00000000000000000000000000000000000000000000000e+01
825 825 1.00000000000000000000000000000000000000000000000e+01
826 826 1.50000000000000000000000000000000000000000000000e+01
827 827 1.50000000000000000000000000000000000000000000000e+01
828 828 1.50000000000000000000000000000000000000000000000e+01
829 829 1.50000000000000000000000000000000000000000000000e+01
830 830 1.50000000000000000000000000000000000000000000000e+01
831 831 1.50000000000000000000000000000000000000000000000e+01
832 832 1.50000000000000000000000000000000000000000000000e+01
833 833 1.50000000000000000000000000000000000000000000000e+01
834 834 1.50000000000000000000000000000000000000000000000e+01
835 835 1.50000000000000000000000000000000000000000000000e+01
836 836 1.50000000000000000000000000000000000000000000000e+01
837 837 2.10000000000000000000000000000000000000000000000e+01
838 838 2.10000000000000000000000000000000000000000000000e+01
839 839 2.10000000000000000000000000000000000000000000000e+01
840 840 2.10000000000000000000000000000000000000000000000e+01
841 841 2.10000000000000000000000000000000000000000000000e+01
842 842 2.10000000000000000000000000000000000000000000000e+01
843 843 2.10000000000000000000000000000000000000000000000e+01
844 844 2.10000000000000000000000000000000000000000000000e+01
845 845 2.10000000000000000000000000000000000000000000000e+01
846 846 2.10000000000000000000000000000000000000000000000e+01
847 847 2.10000000000000000000000000000000000000000000000e+01
848 848 2.10000000000000000000000000000000000000000000000e+01
849 849 2.10000000000000000000000000000000000000000000000e+01
850 850 3.00000000000000000000000000000000000000000000000e+00
851 851 3.00000000000000000000000000000000000000000000000e+00
852 852 3.00000000000000000000000000000000000000000000000e+00
853 853 3.00000000000000000000000000000000000000000000000e+00
854 854 3.00000000000000000000000000000000000000000000000e+00
855 855 6.00000000000000000000000000000000000000000000000e+00
856 856 6.00000000000000000000000000000000000000000000000e+00
857 857 6.00000000000000000000000000000000000000000000000e+00
858 858 6.00000000000000000000000000000000000000000000000e+00
859 859 6.00000000000000000000000000000000000000000000000e+00
860 860 6.00000000000000000000000000000000000000000000000e+00
861 861 6.00000000000000000000000000000000000000000000000e+00
862 862 1.00000000000000000000000000000000000000000000000e+01
863 863 1.00000000000000000000000000000000000000000000000e+01
864 864 1.00000000000000000000000000000000000000000000000e+01
865 865 1.00000000000000000000000000000000000000000000000e+01
866 866 1.00000000000000000000000000000000000000000000000e+01
867 867 1.00000000000000000000000000000000000000000000000e+01
868 868 1.00000000000000000000000000000000000000000000000e+01
869 869 1.00000000000000000000000000000000000000000000000e+01
870 870 1.00000000000000000000000000000000000000000000000e+01
871 871 1.50000000000000000000000000000000000000000000000e+01
872 872 1.50000000000000000000000000000000000000000000000e+01
873 873 1.50000000000000000000000000000000000000000000000e+01
874 874 1.50000000000000000000000000000000000000000000000e+01
875 875 1.50000000000000000000000000000000000000000000000e+01
876 876 1.50000000000000000000000000000000000000000000000e+01
877 877 1.50000000000000000000000000000000000000000000000e+01
878 878 1.50000000000000000000000000000000000000000000000e+01
879 879 1.50000000000000000000000000000000000000000000000e+01
880 880 1.50000000000000000000000000000000000000000000000e+01
881 881 1.50000000000000000000000000000000000000000000000e+01
882 882 2.10000000000000000000000000000000000000000000000e+01
883 883 2.10000000000000000000000000000000000000000000000e+01
884 884 2.10000000000000000000000000000000000000000000000e+01
885 885 2.10000000000000000000000000000000000000000000000e+01
886 886 2.10000000000000000000000000000000000000000000000e+01
887 887 2.10000000000000000000000000000000000000000000000e+01
888 888 2.10000000000000000000000000000000000000000000000e+01
889 889 2.10000000000000000000000000000000000000000000000e+01
890 890 2.10000000000000000000000000000000000000000000000e+01
891 891 2.10000000000000000000000000000000000000000000000e+01
892 892 2.10000000000000000000000000000000000000000000000e+01
893 893 2.10000000000000000000000000000000000000000000000e+01
894 894 2.10000000000000000000000000000000000000000000000e+01
895 895 1.50000000000000000000000000000000000000000000000e+01
896 896 1.50000000000000000000000000000000000000000000000e+01
897 897 1.50000000000000000000000000000000000000000000000e+01
898 898 1.50000000000000000000000000000000000000000000000e+01
899 899 1.50000000000000000000000000000000000000000000000e+01
900 900 1.50000000000000000000000000000000000000000000000e+01
901 901 1.50000000000000000000000000000000000000000000000e+01
902 902 1.50000000000000000000000000000000000000000000000e+01
903 903 1.50000000000000000000000000000000000000000000000e+01
904 904 1.50000000000000000000000000000000000000000000000e+01
905 905 1.50000000000000000000000000000000000000000000000e+01
906 906 1.00000000000000000000000000000000000000000000000e+01
907 907 1.00000000000000000000000000000000000000000000000e+01
908 908 1.00000000000000000000000000000000000000000000000e+01
909 909 1.00000000000000000000000000000000000000000000000e+01
910 910 1.00000000000000000000000000000000000000000000000e+01
911 911 1.00000000000000000000000000000000000000000000000e+01
912 912 1.00000000000000000000000000000000000000000000000e+01
913 913 1.00000000000000000000000000000000000000000000000e+01
914 914 1.00000000000000000000000000000000000000000000000e+01
915 915 1.50000000000000000000000000000000000000000000000e+01
916 916 1.50000000000000000000000000000000000000000000000e+01
917 917 1.50000000000000000000000000000000000000000000000e+01
918 918 1.50000000000000000000000000000000000000000000000e+01
919 919 1.50000000000000000000000000000000000000000000000e+01
920 920 1.50000000000000000000000000000000000000000000000e+01
921 921 1.50000000000000000000000000000000000000000000000e+01
922 922 1.50000000000000000000000000000000000000000000000e+01
923 923 1.50000000000000000000000000000000000000000000000e+01
924 924 1.50000000000000000000000000000000000000000000000e+01
925 925 1.50000000000000000000000000000000000000000000000e+01
926 926 2.10000000000000000000000000000000000000000000000e+01
927 927 2.10000000000000000000000000000000000000000000000e+01
928 928 2.10000000000000000000000000000000000000000000000e+01
929 929 2.10000000000000000000000000000000000000000000000e+01
930 930 2.10000000000000000000000000000000000000000000000e+01
931 931 2.10000000000000000000000000000000000000000000000e+01
932 932 2.10000000000000000000000000000000000000000000000e+01
933 933 2.10000000000000000000000000000000000000000000000e+01
934 934 2.10000000000000000000000000000000000000000000000e+01
935 935 2.10000000000000000000000000000000000000000000000e+01
936 936 2.10000000000000000000000000000000000000000000000e+01
937 937 2.10000000000000000000000000000000000000000000000e+01
938 938 2.10000000000000000000000000000000000000000000000e+01
939 939 6.00000000000000000000000000000000000000000000000e+00
940 940 6.00000000000000000000000000000000000000000000000e+00
941 941 6.00000000000000000000000000000000000000000000000e+00
942 942 6.00000000000000000000000000000000000000000000000e+00
943 943 6.00000000000000000000000000000000000000000000000e+00
944 944 6.00000000000000000000000000000000000000000000000e+00
945 945 6.00000000000000000000000000000000000000000000000e+00
946 946 1.00000000000000000000000000000000000000000000000e+01
947 947 1.00000000000000000000000000000000000000000000000e+01
948 948 1.00000000000000000000000000000000000000000000000e+01
949 949 1.00000000000000000000000000000000000000000000000e+01
950 950 1.00000000000000000000000000000000000000000000000e+01
951 951 1.00000000000000000000000000000000000000000000000e+01
952 952 1.00000000000000000000000000000000000000000000000e+01
953 953 1.00000000000000000000000000000000000000000000000e+01
954 954 1.00000000000000000000000000000000000000000000000e+01
955 955 1.50000000000000000000000000000000000000000000000e+01
956 956 1.50000000000000000000000000000000000000000000000e+01
957 957 1.50000000000000000000000000000000000000000000000e+01
958 958 1.50000000000000000000000000000000000000000000000e+01
959 959 1.50000000000000000000000000000000000000000000000e+01
960 960 1.50000000000000000000000000000000000000000000000e+01
961 961 1.50000000000000000000000000000000000000000000000e+01
962 962 1.50000000000000000000000000000000000000000000000e+01
963 963 1.50000000000000000000000000000000000000000000000e+01
964 964 1.50000000000000000000000000000000000000000000000e+01
965 965 1.50000000000000000000000000000000000000000000000e+01
966 966 2.10000000000000000000000000000000000000000000000e+01
967 967 2.10000000000000000000000000000000000000000000000e+01
968 968 2.10000000000000000000000000000000000000000000000e+01
969 969 2.10000000000000000000000000000000000000000000000e+01
970 970 2.10000000000000000000000000000000000000000000000e+01
971 971 2.10000000000000000000000000000000000000000000000e+01
972 972 2.10000000000000000000000000000000000000000000000e+01
973 973 2.10000000000000000000000000000000000000000000000e+01
974 974 2.10000000000000000000000000000000000000000000000e+01
975 975 2.10000000000000000000000000000000000000000000000e+01
976 976 2.10000000000000000000000000000000000000000000000e+01
977 977 2.10000000000000000000000000000000000000000000000e+01
978 978 2.10000000000000000000000000000000000000000000000e+01
979 979 3.00000000000000000000000000000000000000000000000e+00
980 980 3.00000000000000000000000000000000000000000000000e+00
981 981 3.00000000000000000000000000000000000000000000000e+00
982 982 3.00000000000000000000000000000000000000000000000e+00
983 983 3.00000000000000000000000000000000000000000000000e+00
984 984 6.00000000000000000000000000000000000000000000000e+00
985 985 6.00000000000000000000000000000000000000000000000e+00
986 986 6.00000000000000000000000000000000000000000000000e+00
987 987 6.00000000000000000000000000000000000000000000000e+00
988 988 6.00000000000000000000000000000000000000000000000e+00
989 989 6.00000000000000000000000000000000000000000000000e+00
990 990 6.00000000000000000000000000000000000000000000000e+00
991 991 1.00000000000000000000000000000000000000000000000e+01
992 992 1.00000000000000000000000000000000000000000000000e+01
993 993 1.00000000000000000000000000000000000000000000000e+01
994 994 1.00000000000000000000000000000000000000000000000e+01
995 995 1.00000000000000000000000000000000000000000000000e+01
996 996 1.00000000000000000000000000000000000000000000000e+01
997 997 1.00000000000000000000000000000000000000000000000e+01
998 998 1.00000000000000000000000000000000000000000000000e+01
999 999 1.00000000000000000000000000000000000000000000000e+01
1000 1000 1.50000000000000000000000000000000000000000000000e+01
1001 1001 1.50000000000000000000000000000000000000000000000e+01
1002 1002 1.50000000000000000000000000000000000000000000000e+01
1003 1003 1.50000000000000000000000000000000000000000000000e+01
1004 1004 1.50000000000000000000000000000000000000000000000e+01
1005 1005 1.50000000000000000000000000000000000000000000000e+01
1006 1006 1.50000000000000000000000000000000000000000000000e+01
1007 1007 1.50000000000000000000000000000000000000000000000e+01
1008 1008 1.50000000000000000000000000000000000000000000000e+01
1009 1009 1.50000000000000000000000000000000000000000000000e+01
1010 1010 1.50000000000000000000000000000000000000000000000e+01
1011 1011 2.10000000000000000000000000000000000000000000000e+01
1012 1012 2.10000000000000000000000000000000000000000000000e+01
1013 1013 2.10000000000000000000000000000000000000000000000e+01
1014 1014 2.10000000000000000000000000000000000000000000000e+01
1015 1015 2.10000000000000000000000000000000000000000000000e+01
1016 1016 2.10000000000000000000000000000000000000000000000e+01
1017 1017 2.10000000000000000000000000000000000000000000000e+01
1018 1018 2.10000000000000000000000000000000000000000000000e+01
1019 1019 2.10000000000000000000000000000000000000000000000e+01
1020 1020 2.10000000000000000000000000000000000000000000000e+01
1021 1021 2.10000000000000000000000000000000000000000000000e+01
1022 1022 2.10000000000000000000000000000000000000000000000e+01
1023 1023 2.10000000000000000000000000000000000000000000000e+01
1024 1024 1.00000000000000000000000000000000000000000000000e+00
1025 1025 1.00000000000000000000000000000000000000000000000e+00
1026 1026 1.00000000000000000000000000000000000000000000000e+00
1027 1027 3.00000000000000000000000000000000000000000000000e+00
1028 1028 3.00000000000000000000000000000000000000000000000e+00
1029 1029 3.00000000000000000000000000000000000000000000000e+00
1030 1030 3.00000000000000000000000000000000000000000000000e+00
1031 1031 3.00000000000000000000000000000000000000000000000e+00
1032 1032 6.00000000000000000000000000000000000000000000000e+00
1033 1033 6.00000000000000000000000000000000000000000000000e+00
1034 1034 6.00000000000000000000000000000000000000000000000e+00
1035 1035 6.00000000000000000000000000000000000000000000000e+00
1036 1036 6.00000000000000000000000000000000000000000000000e+00
1037 1037 6.00000000000000000000000000000000000000000000000e+00
1038 1038 6.00000000000000000000000000000000000000000000000e+00
1039 1039 1.00000000000000000000000000000000000000000000000e+01
1040 1040 1.00000000000000000000000000000000000000000000000e+01
1041 1041 1.00000000000000000000000000000000000000000000000e+01
1042 1042 1.00000000000000000000000000000000000000000000000e+01
1043 1043 1.00000000000000000000000000000000000000000000000e+01
1044 1044 1.00000000000000000000000000000000000000000000000e+01
1045 1045 1.00000000000000000000000000000000000000000000000e+01
1046 1046 1.00000000000000000000000000000000000000000000000e+01
1047 1047 1.00000000000000000000000000000000000000000000000e+01
1048 1048 1.50000000000000000000000000000000000000000000000e+01
1049 1049 1.50000000000000000000000000000000000000000000000e+01
1050 1050 1.50000000000000000000000000000000000000000000000e+01
1051 1051 1.50000000000000000000000000000000000000000000000e+01
1052 1052 1.50000000000000000000000000000000000000000000000e+01
1053 1053 1.50000000000000000000000000000000000000000000000e+01
1054 1054 1.50000000000000000000000000000000000000000000000e+01
1055 1055 1.50000000000000000000000000000000000000000000000e+01
1056 1056 1.50000000000000000000000000000000000000000000000e+01
1057 1057 1.50000000000000000000000000000000000000000000000e+01
1058 1058 1.50000000000000000000000000000000000000000000000e+01
1059 1059 2.10000000000000000000000000000000000000000000000e+01
1060 1060 2.10000000000000000000000000000000000000000000000e+01
1061 1061 2.10000000000000000000000000000000000000000000000e+01
1062 1062 2.10000000000000000000000000000000000000000000000e+01
1063 1063 2.10000000000000000000000000000000000000000000000e+01
1064 1064 2.10000000000000000000000000000000000000000000000e+01
1065 1065 2.10000000000000000000000000000000000000000000000e+01
1066 1066 2.10000000000000000000000000000000000000000000000e+01
1067 1067 2.10000000000000000000000000000000000000000000000e+01
1068 1068 2.10000000000000000000000000000000000000000000000e+01
1069 1069 2.10000000000000000000000000000000000000000000000e+01
1070 1070 2.10000000000000000000000000000000000000000000000e+01
1071 1071 2.10000000000000000000000000000000000000000000000e+01
1073 1073 1.00000000000000000000000000000000000000000000000e+00
1074 1074 1.00000000000000000000000000000000000000000000000e+00
1075 1075 1.00000000000000000000000000000000000000000000000e+00
1076 1076 3.00000000000000000000000000000000000000000000000e+00
1077 1077 3.00000000000000000000000000000000000000000000000e+00
1078 1078 3.00000000000000000000000000000000000000000000000e+00
1079 1079 3.00000000000000000000000000000000000000000000000e+00
1080 1080 3.00000000000000000000000000000000000000000000000e+00
1081 1081 6.00000000000000000000000000000000000000000000000e+00
1082 1082 6.00000000000000000000000000000000000000000000000e+00
1083 1083 6.00000000000000000000000000000000000000000000000e+00
1084 1084 6.00000000000000000000000000000000000000000000000e+00
1085 1085 6.00000000000000000000000000000000000000000000000e+00
1086 1086 6.00000000000000000000000000000000000000000000000e+00
1087 1087 6.00000000000000000000000000000000000000000000000e+00
1088 1088 1.00000000000000000000000000000000000000000000000e+01
1089 1089 1.00000000000000000000000000000000000000000000000e+01
1090 1090 1.00000000000000000000000000000000000000000000000e+01
1091 1091 1.00000000000000000000000000000000000000000000000e+01
1092 1092 1.00000000000000000000000000000000000000000000000e+01
1093 1093 1.00000000000000000000000000000000000000000000000e+01
1094 1094 1.00000000000000000000000000000000000000000000000e+01
1095 1095 1.00000000000000000000000000000000000000000000000e+01
1096 1096 1.00000000000000000000000000000000000000000000000e+01
1097 1097 1.50000000000000000000000000000000000000000000000e+01
1098 1098 1.50000000000000000000000000000000000000000000000e+01
1099 1099 1.50000000000000000000000000000000000000000000000e+01
1100 1100 1.50000000000000000000000000000000000000000000000e+01
1101 1101 1.50000000000000000000000000000000000000000000000e+01
1102 1102 1.50000000000000000000000000000000000000000000000e+01
1103 1103 1.50000000000000000000000000000000000000000000000e+01
1104 1104 1.50000000000000000000000000000000000000000000000e+01
1105 1105 1.50000000000000000000000000000000000000000000000e+01
1106 1106 1.50000000000000000000000000000000000000000000000e+01
1107 1107 1.50000000000000000000000000000000000000000000000e+01
1108 1108 2.10000000000000000000000000000000000000000000000e+01
1109 1109 2.10000000000000000000000000000000000000000000000e+01
1110 1110 2.10000000000000000000000000000000000000000000000e+01
1111 1111 2.10000000000000000000000000000000000000000000000e+01
1112 1112 2.10000000000000000000000000000000000000000000000e+01
1113 1113 2.10000000000000000000000000000000000000000000000e+01
1114 1114 2.10000000000000000000000000000000000000000000000e+01
1115 1115 2.10000000000000000000000000000000000000000000000e+01
1116 1116 2.10000000000000000000000000000000000000000000000e+01
1117 1117 2.10000000000000000000000000000000000000000000000e+01
1118 1118 2.10000000000000000000000000000000000000000000000e+01
1119 1119 2.10000000000000000000000000000000000000000000000e+01
1120 1120 2.10000000000000000000000000000000000000000000000e+01
1121 1121 1.00000000000000000000000000000000000000000000000e+00
1122 1122 1.00000000000000000000000000000000000000000000000e+00
1123 1123 1.00000000000000000000000000000000000000000000000e+00
1124 1124 3.00000000000000000000000000000000000000000000000e+00
1125 1125 3.00000000000000000000000000000000000000000000000e+00
1126 1126 3.00000000000000000000000000000000000000000000000e+00
1127 1127 3.00000000000000000000000000000000000000000000000e+00
1128 1128 3.00000000000000000000000000000000000000000000000e+00
1129 1129 6.00000000000000000000000000000000000000000000000e+00
1130 1130 6.00000000000000000000000000000000000000000000000e+00
1131 1131 6.00000000000000000000000000000000000000000000000e+00
1132 1132 6.00000000000000000000000000000000000000000000000e+00
1133 1133 6.00000000000000000000000000000000000000000000000e+00
1134 1134 6.00000000000000000000000000000000000000000000000e+00
1135 1135 6.00000000000000000000000000000000000000000000000e+00
1136 1136 1.00000000000000000000000000000000000000000000000e+01
1137 1137 1.00000000000000000000000000000000000000000000000e+01
1138 1138 1.00000000000000000000000000000000000000000000000e+01
1139 1139 1.00000000000000000000000000000000000000000000000e+01
1140 1140 1.00000000000000000000000000000000000000000000000e+01
1141 1141 1.00000000000000000000000000000000000000000000000e+01
1142 1142 1.00000000000000000000000000000000000000000000000e+01
1143 1143 1.00000000000000000000000000000000000000000000000e+01
1144 1144 1.00000000000000000000000000000000000000000000000e+01
1145 1145 1.50000000000000000000000000000000000000000000000e+01
1146 1146 1.50000000000000000000000000000000000000000000000e+01
1147 1147 1.50000000000000000000000000000000000000000000000e+01
1148 1148 1.50000000000000000000000000000000000000000000000e+01
1149 1149 1.50000000000000000000000000000000000000000000000e+01
1150 1150 1.50000000000000000000000000000000000000000000000e+01
1151 1151 1.50000000000000000000000000000000000000000000000e+01
1152 1152 1.50000000000000000000000000000000000000000000000e+01
1153 1153 1.50000000000000000000000000000000000000000000000e+01
1154 1154 1.50000000000000000000000000000000000000000000000e+01
1155 1155 1.50000000000000000000000000000000000000000000000e+01
1156 1156 2.10000000000000000000000000000000000000000000000e+01
1157 1157 2.10000000000000000000000000000000000000000000000e+01
1158 1158 2.10000000000000000000000000000000000000000000000e+01
1159 1159 2.10000000000000000000000000000000000000000000000e+01
1160 1160 2.10000000000000000000000000000000000000000000000e+01
1161 1161 2.10000000000000000000000000000000000000000000000e+01
1162 1162 2.10000000000000000000000000000000000000000000000e+01
1163 1163 2.10000000000000000000000000000000000000000000000e+01
1164 1164 2.10000000000000000000000000000000000000000000000e+01
1165 1165 2.10000000000000000000000000000000000000000000000e+01
1166 1166 2.10000000000000000000000000000000000000000000000e+01
1167 1167 2.10000000000000000000000000000000000000000000000e+01
1168 1168 2.10000000000000000000000000000000000000000000000e+01
1169 1169 2.10000000000000000000000000000000000000000000000e+01
1170 1170 2.10000000000000000000000000000000000000000000000e+01
1171 1171 2.10000000000000000000000000000000000000000000000e+01
1172 1172 2.10000000000000000000000000000000000000000000000e+01
1173 1173 2.10000000000000000000000000000000000000000000000e+01
1174 1174 2.10000000000000000000000000000000000000000000000e+01
1175 1175 2.10000000000000000000000000000000000000000000000e+01
1176 1176 2.10000000000000000000000000000000000000000000000e+01
1177 1177 2.10000000000000000000000000000000000000000000000e+01
1178 1178 2.10000000000000000000000000000000000000000000000e+01
1179 1179 2.10000000000000000000000000000000000000000000000e+01
1180 1180 2.10000000000000000000000000000000000000000000000e+01
1181 1181 2.10000000000000000000000000000000000000000000000e+01
1182 1182 1.50000000000000000000000000000000000000000000000e+01
1183 1183 1.50000000000000000000000000000000000000000000000e+01
1184 1184 1.50000000000000000000000000000000000000000000000e+01
1185 1185 1.50000000000000000000000000000000000000000000000e+01
1186 1186 1.50000000000000000000000000000000000000000000000e+01
1187 1187 1.50000000000000000000000000000000000000000000000e+01
1188 1188 1.50000000000000000000000000000000000000000000000e+01
1189 1189 1.50000000000000000000000000000000000000000000000e+01
1190 1190 1.50000000000000000000000000000000000000000000000e+01
1191 1191 1.50000000000000000000000000000000000000000000000e+01
1192 1192 1.50000000000000000000000000000000000000000000000e+01
1193 1193 2.10000000000000000000000000000000000000000000000e+01
1194 1194 2.10000000000000000000000000000000000000000000000e+01
1195 1195 2.10000000000000000000000000000000000000000000000e+01
1196 1196 2.10000000000000000000000000000000000000000000000e+01
1197 1197 2.10000000000000000000000000000000000000000000000e+01
1198 1198 2.10000000000000000000000000000000000000000000000e+01
1199 1199 2.10000000000000000000000000000000000000000000000e+01
1200 1200 2.10000000000000000000000000000000000000000000000e+01
1201 1201 2.10000000000000000000000000000000000000000000000e+01
1202 1202 2.10000000000000000000000000000000000000000000000e+01
1203 1203 2.10000000000000000000000000000000000000000000000e+01
1204 1204 2.10000000000000000000000000000000000000000000000e+01
1205 1205 2.10000000000000000000000000000000000000000000000e+01
1206 1206 1.00000000000000000000000000000000000000000000000e+01
1207 1207 1.00000000000000000000000000000000000000000000000e+01
1208 1208 1.00000000000000000000000000000000000000000000000e+01
1209 1209 1.00000000000000000000000000000000000000000000000e+01
1210 1210 1.00000000000000000000000000000000000000000000000e+01
1211 1211 1.00000000000000000000000000000000000000000000000e+01
1212 1212 1.00000000000000000000000000000000000000000000000e+01
1213 1213 1.00000000000000000000000000000000000000000000000e+01
1214 1214 1.00000000000000000000000000000000000000000000000e+01
1215 1215 1.50000000000000000000000000000000000000000000000e+01
1216 1216 1.50000000000000000000000000000000000000000000000e+01
1217 1217 1.50000000000000000000000000000000000000000000000e+01
1218 1218 1.50000000000000000000000000000000000000000000000e+01
1219 1219 1.50000000000000000000000000000000000000000000000e+01
1220 1220 1.50000000000000000000000000000000000000000000000e+01
1221 1221 1.50000000000000000000000000000000000000000000000e+01
1222 1222 1.50000000000000000000000000000000000000000000000e+01
1223 1223 1.50000000000000000000000000000000000000000000000e+01
1224 1224 1.50000000000000000000000000000000000000000000000e+01
1225 1225 1.50000000000000000000000000000000000000000000000e+01
1226 1226 2.10000000000000000000000000000000000000000000000e+01
1227 1227 2.10000000000000000000000000000000000000000000000e+01
1228 1228 2.10000000000000000000000000000000000000000000000e+01
1229 1229 2.10000000000000000000000000000000000000000000000e+01
1230 1230 2.10000000000000000000000000000000000000000000000e+01
1231 1231 2.10000000000000000000000000000000000000000000000e+01
1232 1232 2.10000000000000000000000000000000000000000000000e+01
1233 1233 2.10000000000000000000000000000000000000000000000e+01
1234 1234 2.10000000000000000000000000000000000000000000000e+01
1235 1235 2.10000000000000000000000000000000000000000000000e+01
1236 1236 2.10000000000000000000000000000000000000000000000e+01
1237 1237 2.10000000000000000000000000000000000000000000000e+01
1238 1238 2.10000000000000000000000000000000000000000000000e+01
1239 1239 6.00000000000000000000000000000000000000000000000e+00
1240 1240 6.00000000000000000000000000000000000000000000000e+00
1241 1241 6.00000000000000000000000000000000000000000000000e+00
1242 1242 6.00000000000000000000000000000000000000000000000e+00
1243 1243 6.00000000000000000000000000000000000000000000000e+00
1244 1244 6.00000000000000000000000000000000000000000000000e+00
1245 1245 6.00000000000000000000000000000000000000000000000e+00
1246 1246 1.00000000000000000000000000000000000000000000000e+01
1247 1247 1.00000000000000000000000000000000000000000000000e+01
1248 1248 1.00000000000000000000000000000000000000000000000e+01
1249 1249 1.00000000000000000000000000000000000000000000000e+01
1250 1250 1.00000000000000000000000000000000000000000000000e+01
1251 1251 1.00000000000000000000000000000000000000000000000e+01
1252 1252 1.00000000000000000000000000000000000000000000000e+01
1253 1253 1.00000000000000000000000000000000000000000000000e+01
1254 1254 1.00000000000000000000000000000000000000000000000e+01
1255 1255 1.50000000000000000000000000000000000000000000000e+01
1256 1256 1.50000000000000000000000000000000000000000000000e+01
1257 1257 1.50000000000000000000000000000000000000000000000e+01
1258 1258 1.50000000000000000000000000000000000000000000000e+01
1259 1259 1.50000000000000000000000000000000000000000000000e+01
1260 1260 1.50000000000000000000000000000000000000000000000e+01
1261 1261 1.50000000000000000000000000000000000000000000000e+01
1262 1262 1.50000000000000000000000000000000000000000000000e+01
1263 1263 1.50000000000000000000000000000000000000000000000e+01
1264 1264 1.50000000000000000000000000000000000000000000000e+01
1265 1265 1.50000000000000000000000000000000000000000000000e+01
1266 1266 2.10000000000000000000000000000000000000000000000e+01
1267 1267 2.10000000000000000000000000000000000000000000000e+01
1268 1268 2.10000000000000000000000000000000000000000000000e+01
1269 1269 2.10000000000000000000000000000000000000000000000e+01
1270 1270 2.10000000000000000000000000000000000000000000000e+01
1271 1271 2.10000000000000000000000000000000000000000000000e+01
1272 1272 2.10000000000000000000000000000000000000000000000e+01
1273 1273 2.10000000000000000000000000000000000000000000000e+01
1274 1274 2.10000000000000000000000000000000000000000000000e+01
1275 1275 2.10000000000000000000000000000000000000000000000e+01
1276 1276 2.10000000000000000000000000000000000000000000000e+01
1277 1277 2.10000000000000000000000000000000000000000000000e+01
1278 1278 2.10000000000000000000000000000000000000000000000e+01
1279 1279 3.00000000000000000000000000000000000000000000000e+00
1280 1280 3.00000000000000000000000000000000000000000000000e+00
1281 1281 3.00000000000000000000000000000000000000000000000e+00
1282 1282 3.00000000000000000000000000000000000000000000000e+00
1283 1283 3.00000000000000000000000000000000000000000000000e+00
1284 1284 6.00000000000000000000000000000000000000000000000e+00
1285 1285 6.00000000000000000000000000000000000000000000000e+00
1286 1286 6.00000000000000000000000000000000000000000000000e+00
1287 1287 6.00000000000000000000000000000000000000000000000e+00
1288 1288 6.00000000000000000000000000000000000000000000000e+00
1289 1289 6.00000000000000000000000000000000000000000000000e+00
1290 1290 6.00000000000000000000000000000000000000000000000e+00
1291 1291 1.00000000000000000000000000000000000000000000000e+01
1292 1292 1.00000000000000000000000000000000000000000000000e+01
1293 1293 1.00000000000000000000000000000000000000000000000e+01
1294 1294 1.00000000000000000000000000000000000000000000000e+01
1295 1295 1.00000000000000000000000000000000000000000000000e+01
1296 1296 1.00000000000000000000000000000000000000000000000e+01
1297 1297 1.00000000000000000000000000000000000000000000000e+01
1298 1298 1.00000000000000000000000000000000000000000000000e+01
1299 1299 1.00000000000000000000000000000000000000000000000e+01
1300 1300 1.50000000000000000000000000000000000000000000000e+01
1301 1301 1.50000000000000000000000000000000000000000000000e+01
1302 1302 1.50000000000000000000000000000000000000000000000e+01
1303 1303 1.50000000000000000000000000000000000000000000000e+01
1304 1304 1.50000000000000000000000000000000000000000000000e+01
1305 1305 1.50000000000000000000000000000000000000000000000e+01
1306 1306 1.50000000000000000000000000000000000000000000000e+01
1307 1307 1.50000000000000000000000000000000000000000000000e+01
1308 1308 1.50000000000000000000000000000000000000000000000e+01
1309 1309 1.50000000000000000000000000000000000000000000000e+01
1310 1310 1.50000000000000000000000000000000000000000000000e+01
1311 1311 2.10000000000000000000000000000000000000000000000e+01
1312 1312 2.10000000000000000000000000000000000000000000000e+01
1313 1313 2.10000000000000000000000000000000000000000000000e+01
1314 1314 2.10000000000000000000000000000000000000000000000e+01
1315 1315 2.10000000000000000000000000000000000000000000000e+01
1316 1316 2.10000000000000000000000000000000000000000000000e+01
1317 1317 2.10000000000000000000000000000000000000000000000e+01
1318 1318 2.10000000000000000000000000000000000000000000000e+01
1319 1319 2.10000000000000000000000000000000000000000000000e+01
1320 1320 2.10000000000000000000000000000000000000000000000e+01
1321 1321 2.10000000000000000000000000000000000000000000000e+01
1322 1322 2.10000000000000000000000000000000000000000000000e+01
1323 1323 2.10000000000000000000000000000000000000000000000e+01
1324 1324 1.00000000000000000000000000000000000000000000000e+00
1325 1325 1.00000000000000000000000000000000000000000000000e+00
1326 1326 1.00000000000000000000000000000000000000000000000e+00
1327 1327 3.00000000000000000000000000000000000000000000000e+00
1328 1328 3.00000000000000000000000000000000000000000000000e+00
1329 1329 3.00000000000000000000000000000000000000000000000e+00
1330 1330 3.00000000000000000000000000000000000000000000000e+00
1331 1331 3.00000000000000000000000000000000000000000000000e+00
1332 1332 6.00000000000000000000000000000000000000000000000e+00
1333 1333 6.00000000000000000000000000000000000000000000000e+00
1334 1334 6.00000000000000000000000000000000000000000000000e+00
1335 1335 6.00000000000000000000000000000000000000000000000e+00
1336 1336 6.00000000000000000000000000000000000000000000000e+00
1337 1337 6.00000000000000000000000000000000000000000000000e+00
1338 1338 6.00000000000000000000000000000000000000000000000e+00
1339 1339 1.00000000000000000000000000000000000000000000000e+01
1340 1340 1.00000000000000000000000000000000000000000000000e+01
1341 1341 1.00000000000000000000000000000000000000000000000e+01
1342 1342 1.00000000000000000000000000000000000000000000000e+01
1343 1343 1.00000000000000000000000000000000000000000000000e+01
1344 1344 1.00000000000000000000000000000000000000000000000e+01
1345 1345 1.00000000000000000000000000000000000000000000000e+01
1346 1346 1.00000000000000000000000000000000000000000000000e+01
1347 1347 1.00000000000000000000000000000000000000000000000e+01
1348 1348 1.50000000000000000000000000000000000000000000000e+01
1349 1349 1.50000000000000000000000000000000000000000000000e+01
1350 1350 1.50000000000000000000000000000000000000000000000e+01
1351 1351 1.50000000000000000000000000000000000000000000000e+01
1352 1352 1.50000000000000000000000000000000000000000000000e+01
1353 1353 1.50000000000000000000000000000000000000000000000e+01
1354 1354 1.50000000000000000000000000000000000000000000000e+01
1355 1355 1.50000000000000000000000000000000000000000000000e+01
1356 1356 1.50000000000000000000000000000000000000000000000e+01
1357 1357 1.50000000000000000000000000000000000000000000000e+01
1358 1358 1.50000000000000000000000000000000000000000000000e+01
1359 1359 2.10000000000000000000000000000000000000000000000e+01
1360 1360 2.10000000000000000000000000000000000000000000000e+01
1361 1361 2.10000000000000000000000000000000000000000000000e+01
1362 1362 2.10000000000000000000000000000000000000000000000e+01
1363 1363 2.10000000000000000000000000000000000000000000000e+01
1364 1364 2.10000000000000000000000000000000000000000000000e+01
1365 1365 2.10000000000000000000000000000000000000000000000e+01
1366 1366 2.10000000000000000000000000000000000000000000000e+01
1367 1367 2.10000000000000000000000000000000000000000000000e+01
1368 1368 2.10000000000000000000000000000000000000000000000e+01
1369 1369 2.10000000000000000000000000000000000000000000000e+01
1370 1370 2.10000000000000000000000000000000000000000000000e+01
1371 1371 2.10000000000000000000000000000000000000000000000e+01
1373 1373 1.00000000000000000000000000000000000000000000000e+00
1374 1374 1.00000000000000000000000000000000000000000000000e+00
1375 1375 1.00000000000000000000000000000000000000000000000e+00
1376 1376 3.00000000000000000000000000000000000000000000000e+00
1377 1377 3.00000000000000000000000000000000000000000000000e+00
1378 1378 3.00000000000000000000000000000000000000000000000e+00
1379 1379 3.00000000000000000000000000000000000000000000000e+00
1380 1380 3.00000000000000000000000000000000000000000000000e+00
1381 1381 6.00000000000000000000000000000000000000000000000e+00
1382 1382 6.00000000000000000000000000000000000000000000000e+00
1383 1383 6.00000000000000000000000000000000000000000000000e+00
1384 1384 6.00000000000000000000000000000000000000000000000e+00
1385 1385 6.00000000000000000000000000000000000000000000000e+00
1386 1386 6.00000000000000000000000000000000000000000000000e+00
1387 1387 6.00000000000000000000000000000000000000000000000e+00
1388 1388 1.00000000000000000000000000000000000000000000000e+01
1389 1389 1.00000000000000000000000000000000000000000000000e+01
1390 1390 1.00000000000000000000000000000000000000000000000e+01
1391 1391 1.00000000000000000000000000000000000000000000000e+01
1392 1392 1.00000000000000000000000000000000000000000000000e+01
1393 1393 1.00000000000000000000000000000000000000000000000e+01
1394 1394 1.00000000000000000000000000000000000000000000000e+01
1395 1395 1.00000000000000000000000000000000000000000000000e+01
1396 1396 1.00000000000000000000000000000000000000000000000e+01
1397 1397 1.50000000000000000000000000000000000000000000000e+01
1398 1398 1.50000000000000000000000000000000000000000000000e+01
1399 1399 1.50000000000000000000000000000000000000000000000e+01
1400 1400 1.50000000000000000000000000000000000000000000000e+01
1401 1401 1.50000000000000000000000000000000000000000000000e+01
1402 1402 1.50000000000000000000000000000000000000000000000e+01
1403 1403 1.50000000000000000000000000000000000000000000000e+01
1404 1404 1.50000000000000000000000000000000000000000000000e+01
1405 1405 1.50000000000000000000000000000000000000000000000e+01
1406 1406 1.50000000000000000000000000000000000000000000000e+01
1407 1407 1.50000000000000000000000000000000000000000000000e+01
1408 1408 2.10000000000000000000000000000000000000000000000e+01
1409 1409 2.10000000000000000000000000000000000000000000000e+01
1410 1410 2.10000000000000000000000000000000000000000000000e+01
1411 1411 2.10000000000000000000000000000000000000000000000e+01
1412 1412 2.10000000000000000000000000000000000000000000000e+01
1413 1413 2.10000000000000000000000000000000000000000000000e+01
1414 1414 2.10000000000000000000000000000000000000000000000e+01
1415 1415 2.10000000000000000000000000000000000000000000000e+01
1416 1416 2.10000000000000000000000000000000000000000000000e+01
1417 1417 2.10000000000000000000000000000000000000000000000e+01
1418 1418 2.10000000000000000000000000000000000000000000000e+01
1419 1419 2.10000000000000000000000000000000000000000000000e+01
1420 1420 2.10000000000000000000000000000000000000000000000e+01
