1 1 1.00000000000000000000000000000000000000000000000e+00
2 2 1.00000000000000000000000000000000000000000000000e+00
3 3 1.00000000000000000000000000000000000000000000000e+00
4 4 3.00000000000000000000000000000000000000000000000e+00
5 5 3.00000000000000000000000000000000000000000000000e+00
6 6 3.00000000000000000000000000000000000000000000000e+00
7 7 3.00000000000000000000000000000000000000000000000e+00
8 8 3.00000000000000000000000000000000000000000000000e+00
9 9 6.00000000000000000000000000000000000000000000000e+00
10 10 6.00000000000000000000000000000000000000000000000e+00
11 11 6.00000000000000000000000000000000000000000000000e+00
12 12 6.00000000000000000000000000000000000000000000000e+00
13 13 6.00000000000000000000000000000000000000000000000e+00
14 14 6.00000000000000000000000000000000000000000000000e+00
15 15 6.00000000000000000000000000000000000000000000000e+00
16 16 1.00000000000000000000000000000000000000000000000e+01
17 17 1.00000000000000000000000000000000000000000000000e+01
18 18 1.00000000000000000000000000000000000000000000000e+01
19 19 1.00000000000000000000000000000000000000000000000e+01
20 20 1.00000000000000000000000000000000000000000000000e+01
21 21 1.00000000000000000000000000000000000000000000000e+01
22 22 1.00000000000000000000000000000000000000000000000e+01
23 23 1.00000000000000000000000000000000000000000000000e+01
24 24 1.00000000000000000000000000000000000000000000000e+01
25 25 1.50000000000000000000000000000000000000000000000e+01
26 26 1.50000000000000000000000000000000000000000000000e+01
27 27 1.50000000000000000000000000000000000000000000000e+01
28 28 1.50000000000000000000000000000000000000000000000e+01
29 29 1.50000000000000000000000000000000000000000000000e+01
30 30 1.50000000000000000000000000000000000000000000000e+01
31 31 1.50000000000000000000000000000000000000000000000e+01
32 32 1.50000000000000000000000000000000000000000000000e+01
33 33 1.50000000000000000000000000000000000000000000000e+01
34 34 1.50000000000000000000000000000000000000000000000e+01
35 35 1.50000000000000000000000000000000000000000000000e+01
36 36 2.10000000000000000000000000000000000000000000000e+01
37 37 2.10000000000000000000000000000000000000000000000e+01
38 38 2.10000000000000000000000000000000000000000000000e+01
39 39 2.10000000000000000000000000000000000000000000000e+01
40 40 2.10000000000000000000000000000000000000000000000e+01
41 41 2.10000000000000000000000000000000000000000000000e+01
42 42 2.10000000000000000000000000000000000000000000000e+01
43 43 2.10000000000000000000000000000000000000000000000e+01
44 44 2.10000000000000000000000000000000000000000000000e+01
45 45 2.10000000000000000000000000000000000000000000000e+01
46 46 2.10000000000000000000000000000000000000000000000e+01
47 47 2.10000000000000000000000000000000000000000000000e+01
48 48 2.10000000000000000000000000000000000000000000000e+01
52 52 1.00000000000000000000000000000000000000000000000e+00
53 53 1.00000000000000000000000000000000000000000000000e+00
54 54 1.00000000000000000000000000000000000000000000000e+00
55 55 1.00000000000000000000000000000000000000000000000e+00
56 56 1.00000000000000000000000000000000000000000000000e+00
57 57 1.00000000000000000000000000000000000000000000000e+00
58 58 1.00000000000000000000000000000000000000000000000e+00
59 59 1.00000000000000000000000000000000000000000000000e+00
60 60 1.00000000000000000000000000000000000000000000000e+00
61 61 3.00000000000000000000000000000000000000000000000e+00
62 62 3.00000000000000000000000000000000000000000000000e+00
63 63 3.00000000000000000000000000000000000000000000000e+00
64 64 3.00000000000000000000000000000000000000000000000e+00
65 65 3.00000000000000000000000000000000000000000000000e+00
66 66 3.00000000000000000000000000000000000000000000000e+00
67 67 3.00000000000000000000000000000000000000000000000e+00
68 68 3.00000000000000000000000000000000000000000000000e+00
69 69 3.00000000000000000000000000000000000000000000000e+00
70 70 3.00000000000000000000000000000000000000000000000e+00
71 71 3.00000000000000000000000000000000000000000000000e+00
72 72 3.00000000000000000000000000000000000000000000000e+00
73 73 3.00000000000000000000000000000000000000000000000e+00
74 74 3.00000000000000000000000000000000000000000000000e+00
75 75 3.00000000000000000000000000000000000000000000000e+00
76 76 6.00000000000000000000000000000000000000000000000e+00
77 77 6.00000000000000000000000000000000000000000000000e+00
78 78 6.00000000000000000000000000000000000000000000000e+00
79 79 6.00000000000000000000000000000000000000000000000e+00
80 80 6.00000000000000000000000000000000000000000000000e+00
81 81 6.00000000000000000000000000000000000000000000000e+00
82 82 6.00000000000000000000000000000000000000000000000e+00
83 83 6.00000000000000000000000000000000000000000000000e+00
84 84 6.00000000000000000000000000000000000000000000000e+00
85 85 6.00000000000000000000000000000000000000000000000e+00
86 86 6.00000000000000000000000000000000000000000000000e+00
87 87 6.00000000000000000000000000000000000000000000000e+00
88 88 6.00000000000000000000000000000000000000000000000e+00
89 89 6.00000000000000000000000000000000000000000000000e+00
90 90 6.00000000000000000000000000000000000000000000000e+00
91 91 6.00000000000000000000000000000000000000000000000e+00
92 92 6.00000000000000000000000000000000000000000000000e+00
93 93 6.00000000000000000000000000000000000000000000000e+00
94 94 6.00000000000000000000000000000000000000000000000e+00
95 95 6.00000000000000000000000000000000000000000000000e+00
96 96 6.00000000000000000000000000000000000000000000000e+00
97 97 1.00000000000000000000000000000000000000000000000e+01
98 98 1.00000000000000000000000000000000000000000000000e+01
99 99 1.00000000000000000000000000000000000000000000000e+01
100 100 1.00000000000000000000000000000000000000000000000e+01
101 101 1.00000000000000000000000000000000000000000000000e+01
102 102 1.00000000000000000000000000000000000000000000000e+01
103 103 1.00000000000000000000000000000000000000000000000e+01
104 104 1.00000000000000000000000000000000000000000000000e+01
105 105 1.00000000000000000000000000000000000000000000000e+01
106 106 1.00000000000000000000000000000000000000000000000e+01
107 107 1.00000000000000000000000000000000000000000000000e+01
108 108 1.00000000000000000000000000000000000000000000000e+01
109 109 1.00000000000000000000000000000000000000000000000e+01
110 110 1.00000000000000000000000000000000000000000000000e+01
111 111 1.00000000000000000000000000000000000000000000000e+01
112 112 1.00000000000000000000000000000000000000000000000e+01
113 113 1.00000000000000000000000000000000000000000000000e+01
114 114 1.00000000000000000000000000000000000000000000000e+01
115 115 1.00000000000000000000000000000000000000000000000e+01
116 116 1.00000000000000000000000000000000000000000000000e+01
117 117 1.00000000000000000000000000000000000000000000000e+01
118 118 1.00000000000000000000000000000000000000000000000e+01
119 119 1.00000000000000000000000000000000000000000000000e+01
120 120 1.00000000000000000000000000000000000000000000000e+01
121 121 1.00000000000000000000000000000000000000000000000e+01
122 122 1.00000000000000000000000000000000000000000000000e+01
123 123 1.00000000000000000000000000000000000000000000000e+01
124 124 1.50000000000000000000000000000000000000000000000e+01
125 125 1.50000000000000000000000000000000000000000000000e+01
126 126 1.50000000000000000000000000000000000000000000000e+01
127 127 1.50000000000000000000000000000000000000000000000e+01
128 128 1.50000000000000000000000000000000000000000000000e+01
129 129 1.50000000000000000000000000000000000000000000000e+01
130 130 1.50000000000000000000000000000000000000000000000e+01
131 131 1.50000000000000000000000000000000000000000000000e+01
132 132 1.50000000000000000000000000000000000000000000000e+01
133 133 1.50000000000000000000000000000000000000000000000e+01
134 134 1.50000000000000000000000000000000000000000000000e+01
135 135 1.50000000000000000000000000000000000000000000000e+01
136 136 1.50000000000000000000000000000000000000000000000e+01
137 137 1.50000000000000000000000000000000000000000000000e+01
138 138 1.50000000000000000000000000000000000000000000000e+01
139 139 1.50000000000000000000000000000000000000000000000e+01
140 140 1.50000000000000000000000000000000000000000000000e+01
141 141 1.50000000000000000000000000000000000000000000000e+01
142 142 1.50000000000000000000000000000000000000000000000e+01
143 143 1.50000000000000000000000000000000000000000000000e+01
144 144 1.50000000000000000000000000000000000000000000000e+01
145 145 1.50000000000000000000000000000000000000000000000e+01
146 146 1.50000000000000000000000000000000000000000000000e+01
147 147 1.50000000000000000000000000000000000000000000000e+01
148 148 1.50000000000000000000000000000000000000000000000e+01
149 149 1.50000000000000000000000000000000000000000000000e+01
150 150 1.50000000000000000000000000000000000000000000000e+01
151 151 1.50000000000000000000000000000000000000000000000e+01
152 152 1.50000000000000000000000000000000000000000000000e+01
153 153 1.50000000000000000000000000000000000000000000000e+01
154 154 1.50000000000000000000000000000000000000000000000e+01
155 155 1.50000000000000000000000000000000000000000000000e+01
156 156 1.50000000000000000000000000000000000000000000000e+01
157 157 2.10000000000000000000000000000000000000000000000e+01
158 158 2.10000000000000000000000000000000000000000000000e+01
159 159 2.10000000000000000000000000000000000000000000000e+01
160 160 2.10000000000000000000000000000000000000000000000e+01
161 161 2.10000000000000000000000000000000000000000000000e+01
162 162 2.10000000000000000000000000000000000000000000000e+01
163 163 2.10000000000000000000000000000000000000000000000e+01
164 164 2.10000000000000000000000000000000000000000000000e+01
165 165 2.10000000000000000000000000000000000000000000000e+01
166 166 2.10000000000000000000000000000000000000000000000e+01
167 167 2.10000000000000000000000000000000000000000000000e+01
168 168 2.10000000000000000000000000000000000000000000000e+01
169 169 2.10000000000000000000000000000000000000000000000e+01
170 170 2.10000000000000000000000000000000000000000000000e+01
171 171 2.10000000000000000000000000000000000000000000000e+01
172 172 2.10000000000000000000000000000000000000000000000e+01
173 173 2.10000000000000000000000000000000000000000000000e+01
174 174 2.10000000000000000000000000000000000000000000000e+01
175 175 2.10000000000000000000000000000000000000000000000e+01
176 176 2.10000000000000000000000000000000000000000000000e+01
177 177 2.10000000000000000000000000000000000000000000000e+01
178 178 2.10000000000000000000000000000000000000000000000e+01
179 179 2.10000000000000000000000000000000000000000000000e+01
180 180 2.10000000000000000000000000000000000000000000000e+01
186 186 1.00000000000000000000000000000000000000000000000e+00
187 187 1.00000000000000000000000000000000000000000000000e+00
188 188 1.00000000000000000000000000000000000000000000000e+00
189 189 1.00000000000000000000000000000000000000000000000e+00
190 190 1.00000000000000000000000000000000000000000000000e+00
191 191 1.00000000000000000000000000000000000000000000000e+00
192 192 1.00000000000000000000000000000000000000000000000e+00
193 193 1.00000000000000000000000000000000000000000000000e+00
194 194 1.00000000000000000000000000000000000000000000000e+00
195 195 1.00000000000000000000000000000000000000000000000e+00
196 196 1.00000000000000000000000000000000000000000000000e+00
197 197 1.00000000000000000000000000000000000000000000000e+00
198 198 1.00000000000000000000000000000000000000000000000e+00
199 199 1.00000000000000000000000000000000000000000000000e+00
200 200 1.00000000000000000000000000000000000000000000000e+00
201 201 3.00000000000000000000000000000000000000000000000e+00
202 202 3.00000000000000000000000000000000000000000000000e+00
203 203 3.00000000000000000000000000000000000000000000000e+00
204 204 3.00000000000000000000000000000000000000000000000e+00
205 205 3.00000000000000000000000000000000000000000000000e+00
206 206 3.00000000000000000000000000000000000000000000000e+00
207 207 3.00000000000000000000000000000000000000000000000e+00
208 208 3.00000000000000000000000000000000000000000000000e+00
209 209 3.00000000000000000000000000000000000000000000000e+00
210 210 3.00000000000000000000000000000000000000000000000e+00
211 211 3.00000000000000000000000000000000000000000000000e+00
212 212 3.00000000000000000000000000000000000000000000000e+00
213 213 3.00000000000000000000000000000000000000000000000e+00
214 214 3.00000000000000000000000000000000000000000000000e+00
215 215 3.00000000000000000000000000000000000000000000000e+00
216 216 3.00000000000000000000000000000000000000000000000e+00
217 217 3.00000000000000000000000000000000000000000000000e+00
218 218 3.00000000000000000000000000000000000000000000000e+00
219 219 3.00000000000000000000000000000000000000000000000e+00
220 220 3.00000000000000000000000000000000000000000000000e+00
221 221 3.00000000000000000000000000000000000000000000000e+00
222 222 3.00000000000000000000000000000000000000000000000e+00
223 223 3.00000000000000000000000000000000000000000000000e+00
224 224 3.00000000000000000000000000000000000000000000000e+00
225 225 3.00000000000000000000000000000000000000000000000e+00
226 226 6.00000000000000000000000000000000000000000000000e+00
227 227 6.00000000000000000000000000000000000000000000000e+00
228 228 6.00000000000000000000000000000000000000000000000e+00
229 229 6.00000000000000000000000000000000000000000000000e+00
230 230 6.00000000000000000000000000000000000000000000000e+00
231 231 6.00000000000000000000000000000000000000000000000e+00
232 232 6.00000000000000000000000000000000000000000000000e+00
233 233 6.00000000000000000000000000000000000000000000000e+00
234 234 6.00000000000000000000000000000000000000000000000e+00
235 235 6.00000000000000000000000000000000000000000000000e+00
236 236 6.00000000000000000000000000000000000000000000000e+00
237 237 6.00000000000000000000000000000000000000000000000e+00
238 238 6.00000000000000000000000000000000000000000000000e+00
239 239 6.00000000000000000000000000000000000000000000000e+00
240 240 6.00000000000000000000000000000000000000000000000e+00
241 241 6.00000000000000000000000000000000000000000000000e+00
242 242 6.00000000000000000000000000000000000000000000000e+00
243 243 6.00000000000000000000000000000000000000000000000e+00
244 244 6.00000000000000000000000000000000000000000000000e+00
245 245 6.00000000000000000000000000000000000000000000000e+00
246 246 6.00000000000000000000000000000000000000000000000e+00
247 247 6.00000000000000000000000000000000000000000000000e+00
248 248 6.00000000000000000000000000000000000000000000000e+00
249 249 6.00000000000000000000000000000000000000000000000e+00
250 250 6.00000000000000000000000000000000000000000000000e+00
251 251 6.00000000000000000000000000000000000000000000000e+00
252 252 6.00000000000000000000000000000000000000000000000e+00
253 253 6.00000000000000000000000000000000000000000000000e+00
254 254 6.00000000000000000000000000000000000000000000000e+00
255 255 6.00000000000000000000000000000000000000000000000e+00
256 256 6.00000000000000000000000000000000000000000000000e+00
257 257 6.00000000000000000000000000000000000000000000000e+00
258 258 6.00000000000000000000000000000000000000000000000e+00
259 259 6.00000000000000000000000000000000000000000000000e+00
260 260 6.00000000000000000000000000000000000000000000000e+00
261 261 1.00000000000000000000000000000000000000000000000e+01
262 262 1.00000000000000000000000000000000000000000000000e+01
263 263 1.00000000000000000000000000000000000000000000000e+01
264 264 1.00000000000000000000000000000000000000000000000e+01
265 265 1.00000000000000000000000000000000000000000000000e+01
266 266 1.00000000000000000000000000000000000000000000000e+01
267 267 1.00000000000000000000000000000000000000000000000e+01
268 268 1.00000000000000000000000000000000000000000000000e+01
269 269 1.00000000000000000000000000000000000000000000000e+01
270 270 1.00000000000000000000000000000000000000000000000e+01
271 271 1.00000000000000000000000000000000000000000000000e+01
272 272 1.00000000000000000000000000000000000000000000000e+01
273 273 1.00000000000000000000000000000000000000000000000e+01
274 274 1.00000000000000000000000000000000000000000000000e+01
275 275 1.00000000000000000000000000000000000000000000000e+01
276 276 1.00000000000000000000000000000000000000000000000e+01
277 277 1.00000000000000000000000000000000000000000000000e+01
278 278 1.00000000000000000000000000000000000000000000000e+01
279 279 1.00000000000000000000000000000000000000000000000e+01
280 280 1.00000000000000000000000000000000000000000000000e+01
281 281 1.00000000000000000000000000000000000000000000000e+01
282 282 1.00000000000000000000000000000000000000000000000e+01
283 283 1.00000000000000000000000000000000000000000000000e+01
284 284 1.00000000000000000000000000000000000000000000000e+01
285 285 1.00000000000000000000000000000000000000000000000e+01
286 286 1.00000000000000000000000000000000000000000000000e+01
287 287 1.00000000000000000000000000000000000000000000000e+01
288 288 1.00000000000000000000000000000000000000000000000e+01
289 289 1.00000000000000000000000000000000000000000000000e+01
290 290 1.00000000000000000000000000000000000000000000000e+01
291 291 1.00000000000000000000000000000000000000000000000e+01
292 292 1.00000000000000000000000000000000000000000000000e+01
293 293 1.00000000000000000000000000000000000000000000000e+01
294 294 1.00000000000000000000000000000000000000000000000e+01
295 295 1.00000000000000000000000000000000000000000000000e+01
296 296 1.00000000000000000000000000000000000000000000000e+01
297 297 1.00000000000000000000000000000000000000000000000e+01
298 298 1.00000000000000000000000000000000000000000000000e+01
299 299 1.00000000000000000000000000000000000000000000000e+01
300 300 1.00000000000000000000000000000000000000000000000e+01
301 301 1.00000000000000000000000000000000000000000000000e+01
302 302 1.00000000000000000000000000000000000000000000000e+01
303 303 1.00000000000000000000000000000000000000000000000e+01
304 304 1.00000000000000000000000000000000000000000000000e+01
305 305 1.00000000000000000000000000000000000000000000000e+01
306 306 1.50000000000000000000000000000000000000000000000e+01
307 307 1.50000000000000000000000000000000000000000000000e+01
308 308 1.50000000000000000000000000000000000000000000000e+01
309 309 1.50000000000000000000000000000000000000000000000e+01
310 310 1.50000000000000000000000000000000000000000000000e+01
311 311 1.50000000000000000000000000000000000000000000000e+01
312 312 1.50000000000000000000000000000000000000000000000e+01
313 313 1.50000000000000000000000000000000000000000000000e+01
314 314 1.50000000000000000000000000000000000000000000000e+01
315 315 1.50000000000000000000000000000000000000000000000e+01
316 316 1.50000000000000000000000000000000000000000000000e+01
317 317 1.50000000000000000000000000000000000000000000000e+01
318 318 1.50000000000000000000000000000000000000000000000e+01
319 319 1.50000000000000000000000000000000000000000000000e+01
320 320 1.50000000000000000000000000000000000000000000000e+01
321 321 1.50000000000000000000000000000000000000000000000e+01
322 322 1.50000000000000000000000000000000000000000000000e+01
323 323 1.50000000000000000000000000000000000000000000000e+01
324 324 1.50000000000000000000000000000000000000000000000e+01
325 325 1.50000000000000000000000000000000000000000000000e+01
326 326 1.50000000000000000000000000000000000000000000000e+01
327 327 1.50000000000000000000000000000000000000000000000e+01
328 328 1.50000000000000000000000000000000000000000000000e+01
329 329 1.50000000000000000000000000000000000000000000000e+01
330 330 1.50000000000000000000000000000000000000000000000e+01
331 331 1.50000000000000000000000000000000000000000000000e+01
332 332 1.50000000000000000000000000000000000000000000000e+01
333 333 1.50000000000000000000000000000000000000000000000e+01
334 334 1.50000000000000000000000000000000000000000000000e+01
335 335 1.50000000000000000000000000000000000000000000000e+01
336 336 1.50000000000000000000000000000000000000000000000e+01
337 337 1.50000000000000000000000000000000000000000000000e+01
338 338 1.50000000000000000000000000000000000000000000000e+01
339 339 1.50000000000000000000000000000000000000000000000e+01
340 340 1.50000000000000000000000000000000000000000000000e+01
341 341 1.50000000000000000000000000000000000000000000000e+01
342 342 1.50000000000000000000000000000000000000000000000e+01
343 343 1.50000000000000000000000000000000000000000000000e+01
344 344 1.50000000000000000000000000000000000000000000000e+01
345 345 1.50000000000000000000000000000000000000000000000e+01
346 346 2.10000000000000000000000000000000000000000000000e+01
347 347 2.10000000000000000000000000000000000000000000000e+01
348 348 2.10000000000000000000000000000000000000000000000e+01
349 349 2.10000000000000000000000000000000000000000000000e+01
350 350 2.10000000000000000000000000000000000000000000000e+01
351 351 2.10000000000000000000000000000000000000000000000e+01
352 352 2.10000000000000000000000000000000000000000000000e+01
353 353 2.10000000000000000000000000000000000000000000000e+01
354 354 2.10000000000000000000000000000000000000000000000e+01
355 355 2.10000000000000000000000000000000000000000000000e+01
356 356 2.10000000000000000000000000000000000000000000000e+01
357 357 2.10000000000000000000000000000000000000000000000e+01
358 358 2.10000000000000000000000000000000000000000000000e+01
359 359 2.10000000000000000000000000000000000000000000000e+01
360 360 2.10000000000000000000000000000000000000000000000e+01
361 361 2.10000000000000000000000000000000000000000000000e+01
362 362 2.10000000000000000000000000000000000000000000000e+01
363 363 2.10000000000000000000000000000000000000000000000e+01
364 364 2.10000000000000000000000000000000000000000000000e+01
365 365 2.10000000000000000000000000000000000000000000000e+01
366 366 2.10000000000000000000000000000000000000000000000e+01
367 367 2.10000000000000000000000000000000000000000000000e+01
368 368 2.10000000000000000000000000000000000000000000000e+01
369 369 2.10000000000000000000000000000000000000000000000e+01
370 370 2.10000000000000000000000000000000000000000000000e+01
371 371 2.10000000000000000000000000000000000000000000000e+01
372 372 2.10000000000000000000000000000000000000000000000e+01
373 373 2.10000000000000000000000000000000000000000000000e+01
374 374 2.10000000000000000000000000000000000000000000000e+01
375 375 2.10000000000000000000000000000000000000000000000e+01
376 376 2.10000000000000000000000000000000000000000000000e+01
377 377 2.10000000000000000000000000000000000000000000000e+01
378 378 2.10000000000000000000000000000000000000000000000e+01
386 386 1.00000000000000000000000000000000000000000000000e+00
387 387 1.00000000000000000000000000000000000000000000000e+00
388 388 1.00000000000000000000000000000000000000000000000e+00
389 389 1.00000000000000000000000000000000000000000000000e+00
390 390 1.00000000000000000000000000000000000000000000000e+00
391 391 1.00000000000000000000000000000000000000000000000e+00
392 392 1.00000000000000000000000000000000000000000000000e+00
393 393 1.00000000000000000000000000000000000000000000000e+00
394 394 1.00000000000000000000000000000000000000000000000e+00
395 395 1.00000000000000000000000000000000000000000000000e+00
396 396 1.00000000000000000000000000000000000000000000000e+00
397 397 1.00000000000000000000000000000000000000000000000e+00
398 398 1.00000000000000000000000000000000000000000000000e+00
399 399 1.00000000000000000000000000000000000000000000000e+00
400 400 1.00000000000000000000000000000000000000000000000e+00
401 401 1.00000000000000000000000000000000000000000000000e+00
402 402 1.00000000000000000000000000000000000000000000000e+00
403 403 1.00000000000000000000000000000000000000000000000e+00
404 404 1.00000000000000000000000000000000000000000000000e+00
405 405 1.00000000000000000000000000000000000000000000000e+00
406 406 1.00000000000000000000000000000000000000000000000e+00
407 407 3.00000000000000000000000000000000000000000000000e+00
408 408 3.00000000000000000000000000000000000000000000000e+00
409 409 3.00000000000000000000000000000000000000000000000e+00
410 410 3.00000000000000000000000000000000000000000000000e+00
411 411 3.00000000000000000000000000000000000000000000000e+00
412 412 3.00000000000000000000000000000000000000000000000e+00
413 413 3.00000000000000000000000000000000000000000000000e+00
414 414 3.00000000000000000000000000000000000000000000000e+00
415 415 3.00000000000000000000000000000000000000000000000e+00
416 416 3.00000000000000000000000000000000000000000000000e+00
417 417 3.00000000000000000000000000000000000000000000000e+00
418 418 3.00000000000000000000000000000000000000000000000e+00
419 419 3.00000000000000000000000000000000000000000000000e+00
420 420 3.00000000000000000000000000000000000000000000000e+00
421 421 3.00000000000000000000000000000000000000000000000e+00
422 422 3.00000000000000000000000000000000000000000000000e+00
423 423 3.00000000000000000000000000000000000000000000000e+00
424 424 3.00000000000000000000000000000000000000000000000e+00
425 425 3.00000000000000000000000000000000000000000000000e+00
426 426 3.00000000000000000000000000000000000000000000000e+00
427 427 3.00000000000000000000000000000000000000000000000e+00
428 428 3.00000000000000000000000000000000000000000000000e+00
429 429 3.00000000000000000000000000000000000000000000000e+00
430 430 3.00000000000000000000000000000000000000000000000e+00
431 431 3.00000000000000000000000000000000000000000000000e+00
432 432 3.00000000000000000000000000000000000000000000000e+00
433 433 3.00000000000000000000000000000000000000000000000e+00
434 434 3.00000000000000000000000000000000000000000000000e+00
435 435 3.00000000000000000000000000000000000000000000000e+00
436 436 3.00000000000000000000000000000000000000000000000e+00
437 437 3.00000000000000000000000000000000000000000000000e+00
438 438 3.00000000000000000000000000000000000000000000000e+00
439 439 3.00000000000000000000000000000000000000000000000e+00
440 440 3.00000000000000000000000000000000000000000000000e+00
441 441 3.00000000000000000000000000000000000000000000000e+00
442 442 6.00000000000000000000000000000000000000000000000e+00
443 443 6.00000000000000000000000000000000000000000000000e+00
444 444 6.00000000000000000000000000000000000000000000000e+00
445 445 6.00000000000000000000000000000000000000000000000e+00
446 446 6.00000000000000000000000000000000000000000000000e+00
447 447 6.00000000000000000000000000000000000000000000000e+00
448 448 6.00000000000000000000000000000000000000000000000e+00
449 449 6.00000000000000000000000000000000000000000000000e+00
450 450 6.00000000000000000000000000000000000000000000000e+00
451 451 6.00000000000000000000000000000000000000000000000e+00
452 452 6.00000000000000000000000000000000000000000000000e+00
453 453 6.00000000000000000000000000000000000000000000000e+00
454 454 6.00000000000000000000000000000000000000000000000e+00
455 455 6.00000000000000000000000000000000000000000000000e+00
456 456 6.00000000000000000000000000000000000000000000000e+00
457 457 6.00000000000000000000000000000000000000000000000e+00
458 458 6.00000000000000000000000000000000000000000000000e+00
459 459 6.00000000000000000000000000000000000000000000000e+00
460 460 6.00000000000000000000000000000000000000000000000e+00
461 461 6.00000000000000000000000000000000000000000000000e+00
462 462 6.00000000000000000000000000000000000000000000000e+00
463 463 6.00000000000000000000000000000000000000000000000e+00
464 464 6.00000000000000000000000000000000000000000000000e+00
465 465 6.00000000000000000000000000000000000000000000000e+00
466 466 6.00000000000000000000000000000000000000000000000e+00
467 467 6.00000000000000000000000000000000000000000000000e+00
468 468 6.00000000000000000000000000000000000000000000000e+00
469 469 6.00000000000000000000000000000000000000000000000e+00
470 470 6.00000000000000000000000000000000000000000000000e+00
471 471 6.00000000000000000000000000000000000000000000000e+00
472 472 6.00000000000000000000000000000000000000000000000e+00
473 473 6.00000000000000000000000000000000000000000000000e+00
474 474 6.00000000000000000000000000000000000000000000000e+00
475 475 6.00000000000000000000000000000000000000000000000e+00
476 476 6.00000000000000000000000000000000000000000000000e+00
477 477 6.00000000000000000000000000000000000000000000000e+00
478 478 6.00000000000000000000000000000000000000000000000e+00
479 479 6.00000000000000000000000000000000000000000000000e+00
480 480 6.00000000000000000000000000000000000000000000000e+00
481 481 6.00000000000000000000000000000000000000000000000e+00
482 482 6.00000000000000000000000000000000000000000000000e+00
483 483 6.00000000000000000000000000000000000000000000000e+00
484 484 6.00000000000000000000000000000000000000000000000e+00
485 485 6.00000000000000000000000000000000000000000000000e+00
486 486 6.00000000000000000000000000000000000000000000000e+00
487 487 6.00000000000000000000000000000000000000000000000e+00
488 488 6.00000000000000000000000000000000000000000000000e+00
489 489 6.00000000000000000000000000000000000000000000000e+00
490 490 6.00000000000000000000000000000000000000000000000e+00
491 491 1.00000000000000000000000000000000000000000000000e+01
492 492 1.00000000000000000000000000000000000000000000000e+01
493 493 1.00000000000000000000000000000000000000000000000e+01
494 494 1.00000000000000000000000000000000000000000000000e+01
495 495 1.00000000000000000000000000000000000000000000000e+01
496 496 1.00000000000000000000000000000000000000000000000e+01
497 497 1.00000000000000000000000000000000000000000000000e+01
498 498 1.00000000000000000000000000000000000000000000000e+01
499 499 1.00000000000000000000000000000000000000000000000e+01
500 500 1.00000000000000000000000000000000000000000000000e+01
501 501 1.00000000000000000000000000000000000000000000000e+01
502 502 1.00000000000000000000000000000000000000000000000e+01
503 503 1.00000000000000000000000000000000000000000000000e+01
504 504 1.00000000000000000000000000000000000000000000000e+01
505 505 1.00000000000000000000000000000000000000000000000e+01
506 506 1.00000000000000000000000000000000000000000000000e+01
507 507 1.00000000000000000000000000000000000000000000000e+01
508 508 1.00000000000000000000000000000000000000000000000e+01
509 509 1.00000000000000000000000000000000000000000000000e+01
510 510 1.00000000000000000000000000000000000000000000000e+01
511 511 1.00000000000000000000000000000000000000000000000e+01
512 512 1.00000000000000000000000000000000000000000000000e+01
513 513 1.00000000000000000000000000000000000000000000000e+01
514 514 1.00000000000000000000000000000000000000000000000e+01
515 515 1.00000000000000000000000000000000000000000000000e+01
516 516 1.00000000000000000000000000000000000000000000000e+01
517 517 1.00000000000000000000000000000000000000000000000e+01
518 518 1.00000000000000000000000000000000000000000000000e+01
519 519 1.00000000000000000000000000000000000000000000000e+01
520 520 1.00000000000000000000000000000000000000000000000e+01
521 521 1.00000000000000000000000000000000000000000000000e+01
522 522 1.00000000000000000000000000000000000000000000000e+01
523 523 1.00000000000000000000000000000000000000000000000e+01
524 524 1.00000000000000000000000000000000000000000000000e+01
525 525 1.00000000000000000000000000000000000000000000000e+01
526 526 1.00000000000000000000000000000000000000000000000e+01
527 527 1.00000000000000000000000000000000000000000000000e+01
528 528 1.00000000000000000000000000000000000000000000000e+01
529 529 1.00000000000000000000000000000000000000000000000e+01
530 530 1.00000000000000000000000000000000000000000000000e+01
531 531 1.00000000000000000000000000000000000000000000000e+01
532 532 1.00000000000000000000000000000000000000000000000e+01
533 533 1.00000000000000000000000000000000000000000000000e+01
534 534 1.00000000000000000000000000000000000000000000000e+01
535 535 1.00000000000000000000000000000000000000000000000e+01
536 536 1.00000000000000000000000000000000000000000000000e+01
537 537 1.00000000000000000000000000000000000000000000000e+01
538 538 1.00000000000000000000000000000000000000000000000e+01
539 539 1.50000000000000000000000000000000000000000000000e+01
540 540 1.50000000000000000000000000000000000000000000000e+01
541 541 1.50000000000000000000000000000000000000000000000e+01
542 542 1.50000000000000000000000000000000000000000000000e+01
543 543 1.50000000000000000000000000000000000000000000000e+01
544 544 1.50000000000000000000000000000000000000000000000e+01
545 545 1.50000000000000000000000000000000000000000000000e+01
546 546 1.50000000000000000000000000000000000000000000000e+01
547 547 1.50000000000000000000000000000000000000000000000e+01
548 548 1.50000000000000000000000000000000000000000000000e+01
549 549 1.50000000000000000000000000000000000000000000000e+01
550 550 1.50000000000000000000000000000000000000000000000e+01
551 551 1.50000000000000000000000000000000000000000000000e+01
552 552 1.50000000000000000000000000000000000000000000000e+01
553 553 1.50000000000000000000000000000000000000000000000e+01
554 554 1.50000000000000000000000000000000000000000000000e+01
555 555 1.50000000000000000000000000000000000000000000000e+01
556 556 1.50000000000000000000000000000000000000000000000e+01
557 557 1.50000000000000000000000000000000000000000000000e+01
558 558 1.50000000000000000000000000000000000000000000000e+01
559 559 1.50000000000000000000000000000000000000000000000e+01
560 560 1.50000000000000000000000000000000000000000000000e+01
561 561 1.50000000000000000000000000000000000000000000000e+01
562 562 1.50000000000000000000000000000000000000000000000e+01
563 563 1.50000000000000000000000000000000000000000000000e+01
564 564 1.50000000000000000000000000000000000000000000000e+01
565 565 1.50000000000000000000000000000000000000000000000e+01
566 566 1.50000000000000000000000000000000000000000000000e+01
567 567 1.50000000000000000000000000000000000000000000000e+01
568 568 1.50000000000000000000000000000000000000000000000e+01
569 569 1.50000000000000000000000000000000000000000000000e+01
570 570 1.50000000000000000000000000000000000000000000000e+01
571 571 1.50000000000000000000000000000000000000000000000e+01
572 572 1.50000000000000000000000000000000000000000000000e+01
573 573 1.50000000000000000000000000000000000000000000000e+01
574 574 1.50000000000000000000000000000000000000000000000e+01
575 575 1.50000000000000000000000000000000000000000000000e+01
576 576 1.50000000000000000000000000000000000000000000000e+01
577 577 1.50000000000000000000000000000000000000000000000e+01
578 578 1.50000000000000000000000000000000000000000000000e+01
579 579 1.50000000000000000000000000000000000000000000000e+01
580 580 1.50000000000000000000000000000000000000000000000e+01
581 581 1.50000000000000000000000000000000000000000000000e+01
582 582 1.50000000000000000000000000000000000000000000000e+01
583 583 1.50000000000000000000000000000000000000000000000e+01
584 584 2.10000000000000000000000000000000000000000000000e+01
585 585 2.10000000000000000000000000000000000000000000000e+01
586 586 2.10000000000000000000000000000000000000000000000e+01
587 587 2.10000000000000000000000000000000000000000000000e+01
588 588 2.10000000000000000000000000000000000000000000000e+01
589 589 2.10000000000000000000000000000000000000000000000e+01
590 590 2.10000000000000000000000000000000000000000000000e+01
591 591 2.10000000000000000000000000000000000000000000000e+01
592 592 2.10000000000000000000000000000000000000000000000e+01
593 593 2.10000000000000000000000000000000000000000000000e+01
594 594 2.10000000000000000000000000000000000000000000000e+01
595 595 2.10000000000000000000000000000000000000000000000e+01
596 596 2.10000000000000000000000000000000000000000000000e+01
597 597 2.10000000000000000000000000000000000000000000000e+01
598 598 2.10000000000000000000000000000000000000000000000e+01
599 599 2.10000000000000000000000000000000000000000000000e+01
600 600 2.10000000000000000000000000000000000000000000000e+01
601 601 2.10000000000000000000000000000000000000000000000e+01
602 602 2.10000000000000000000000000000000000000000000000e+01
603 603 2.10000000000000000000000000000000000000000000000e+01
604 604 2.10000000000000000000000000000000000000000000000e+01
605 605 2.10000000000000000000000000000000000000000000000e+01
606 606 2.10000000000000000000000000000000000000000000000e+01
607 607 2.10000000000000000000000000000000000000000000000e+01
608 608 2.10000000000000000000000000000000000000000000000e+01
609 609 2.10000000000000000000000000000000000000000000000e+01
610 610 2.10000000000000000000000000000000000000000000000e+01
611 611 2.10000000000000000000000000000000000000000000000e+01
612 612 2.10000000000000000000000000000000000000000000000e+01
613 613 2.10000000000000000000000000000000000000000000000e+01
614 614 2.10000000000000000000000000000000000000000000000e+01
615 615 2.10000000000000000000000000000000000000000000000e+01
616 616 2.10000000000000000000000000000000000000000000000e+01
617 617 2.10000000000000000000000000000000000000000000000e+01
618 618 2.10000000000000000000000000000000000000000000000e+01
619 619 2.10000000000000000000000000000000000000000000000e+01
620 620 2.10000000000000000000000000000000000000000000000e+01
621 621 2.10000000000000000000000000000000000000000000000e+01
622 622 2.10000000000000000000000000000000000000000000000e+01
623 623 2.10000000000000000000000000000000000000000000000e+01
633 633 1.00000000000000000000000000000000000000000000000e+00
634 634 1.00000000000000000000000000000000000000000000000e+00
635 635 1.00000000000000000000000000000000000000000000000e+00
636 636 1.00000000000000000000000000000000000000000000000e+00
637 637 1.00000000000000000000000000000000000000000000000e+00
638 638 1.00000000000000000000000000000000000000000000000e+00
639 639 1.00000000000000000000000000000000000000000000000e+00
640 640 1.00000000000000000000000000000000000000000000000e+00
641 641 1.00000000000000000000000000000000000000000000000e+00
642 642 1.00000000000000000000000000000000000000000000000e+00
643 643 1.00000000000000000000000000000000000000000000000e+00
644 644 1.00000000000000000000000000000000000000000000000e+00
645 645 1.00000000000000000000000000000000000000000000000e+00
646 646 1.00000000000000000000000000000000000000000000000e+00
647 647 1.00000000000000000000000000000000000000000000000e+00
648 648 1.00000000000000000000000000000000000000000000000e+00
649 649 1.00000000000000000000000000000000000000000000000e+00
650 650 1.00000000000000000000000000000000000000000000000e+00
651 651 1.00000000000000000000000000000000000000000000000e+00
652 652 1.00000000000000000000000000000000000000000000000e+00
653 653 1.00000000000000000000000000000000000000000000000e+00
654 654 1.00000000000000000000000000000000000000000000000e+00
655 655 1.00000000000000000000000000000000000000000000000e+00
656 656 1.00000000000000000000000000000000000000000000000e+00
657 657 1.00000000000000000000000000000000000000000000000e+00
658 658 1.00000000000000000000000000000000000000000000000e+00
659 659 1.00000000000000000000000000000000000000000000000e+00
660 660 3.00000000000000000000000000000000000000000000000e+00
661 661 3.00000000000000000000000000000000000000000000000e+00
662 662 3.00000000000000000000000000000000000000000000000e+00
663 663 3.00000000000000000000000000000000000000000000000e+00
664 664 3.00000000000000000000000000000000000000000000000e+00
665 665 3.00000000000000000000000000000000000000000000000e+00
666 666 3.00000000000000000000000000000000000000000000000e+00
667 667 3.00000000000000000000000000000000000000000000000e+00
668 668 3.00000000000000000000000000000000000000000000000e+00
669 669 3.00000000000000000000000000000000000000000000000e+00
670 670 3.00000000000000000000000000000000000000000000000e+00
671 671 3.00000000000000000000000000000000000000000000000e+00
672 672 3.00000000000000000000000000000000000000000000000e+00
673 673 3.00000000000000000000000000000000000000000000000e+00
674 674 3.00000000000000000000000000000000000000000000000e+00
675 675 3.00000000000000000000000000000000000000000000000e+00
676 676 3.00000000000000000000000000000000000000000000000e+00
677 677 3.00000000000000000000000000000000000000000000000e+00
678 678 3.00000000000000000000000000000000000000000000000e+00
679 679 3.00000000000000000000000000000000000000000000000e+00
680 680 3.00000000000000000000000000000000000000000000000e+00
681 681 3.00000000000000000000000000000000000000000000000e+00
682 682 3.00000000000000000000000000000000000000000000000e+00
683 683 3.00000000000000000000000000000000000000000000000e+00
684 684 3.00000000000000000000000000000000000000000000000e+00
685 685 3.00000000000000000000000000000000000000000000000e+00
686 686 3.00000000000000000000000000000000000000000000000e+00
687 687 3.00000000000000000000000000000000000000000000000e+00
688 688 3.00000000000000000000000000000000000000000000000e+00
689 689 3.00000000000000000000000000000000000000000000000e+00
690 690 3.00000000000000000000000000000000000000000000000e+00
691 691 3.00000000000000000000000000000000000000000000000e+00
692 692 3.00000000000000000000000000000000000000000000000e+00
693 693 3.00000000000000000000000000000000000000000000000e+00
694 694 3.00000000000000000000000000000000000000000000000e+00
695 695 3.00000000000000000000000000000000000000000000000e+00
696 696 3.00000000000000000000000000000000000000000000000e+00
697 697 3.00000000000000000000000000000000000000000000000e+00
698 698 3.00000000000000000000000000000000000000000000000e+00
699 699 3.00000000000000000000000000000000000000000000000e+00
700 700 3.00000000000000000000000000000000000000000000000e+00
701 701 3.00000000000000000000000000000000000000000000000e+00
702 702 3.00000000000000000000000000000000000000000000000e+00
703 703 3.00000000000000000000000000000000000000000000000e+00
704 704 3.00000000000000000000000000000000000000000000000e+00
705 705 6.00000000000000000000000000000000000000000000000e+00
706 706 6.00000000000000000000000000000000000000000000000e+00
707 707 6.00000000000000000000000000000000000000000000000e+00
708 708 6.00000000000000000000000000000000000000000000000e+00
709 709 6.00000000000000000000000000000000000000000000000e+00
710 710 6.00000000000000000000000000000000000000000000000e+00
711 711 6.00000000000000000000000000000000000000000000000e+00
712 712 6.00000000000000000000000000000000000000000000000e+00
713 713 6.00000000000000000000000000000000000000000000000e+00
714 714 6.00000000000000000000000000000000000000000000000e+00
715 715 6.00000000000000000000000000000000000000000000000e+00
716 716 6.00000000000000000000000000000000000000000000000e+00
717 717 6.00000000000000000000000000000000000000000000000e+00
718 718 6.00000000000000000000000000000000000000000000000e+00
719 719 6.00000000000000000000000000000000000000000000000e+00
720 720 6.00000000000000000000000000000000000000000000000e+00
721 721 6.00000000000000000000000000000000000000000000000e+00
722 722 6.00000000000000000000000000000000000000000000000e+00
723 723 6.00000000000000000000000000000000000000000000000e+00
724 724 6.00000000000000000000000000000000000000000000000e+00
725 725 6.00000000000000000000000000000000000000000000000e+00
726 726 6.00000000000000000000000000000000000000000000000e+00
727 727 6.00000000000000000000000000000000000000000000000e+00
728 728 6.00000000000000000000000000000000000000000000000e+00
729 729 6.00000000000000000000000000000000000000000000000e+00
730 730 6.00000000000000000000000000000000000000000000000e+00
731 731 6.00000000000000000000000000000000000000000000000e+00
732 732 6.00000000000000000000000000000000000000000000000e+00
733 733 6.00000000000000000000000000000000000000000000000e+00
734 734 6.00000000000000000000000000000000000000000000000e+00
735 735 6.00000000000000000000000000000000000000000000000e+00
736 736 6.00000000000000000000000000000000000000000000000e+00
737 737 6.00000000000000000000000000000000000000000000000e+00
738 738 6.00000000000000000000000000000000000000000000000e+00
739 739 6.00000000000000000000000000000000000000000000000e+00
740 740 6.00000000000000000000000000000000000000000000000e+00
741 741 6.00000000000000000000000000000000000000000000000e+00
742 742 6.00000000000000000000000000000000000000000000000e+00
743 743 6.00000000000000000000000000000000000000000000000e+00
744 744 6.00000000000000000000000000000000000000000000000e+00
745 745 6.00000000000000000000000000000000000000000000000e+00
746 746 6.00000000000000000000000000000000000000000000000e+00
747 747 6.00000000000000000000000000000000000000000000000e+00
748 748 6.00000000000000000000000000000000000000000000000e+00
749 749 6.00000000000000000000000000000000000000000000000e+00
750 750 6.00000000000000000000000000000000000000000000000e+00
751 751 6.00000000000000000000000000000000000000000000000e+00
752 752 6.00000000000000000000000000000000000000000000000e+00
753 753 1.00000000000000000000000000000000000000000000000e+01
754 754 1.00000000000000000000000000000000000000000000000e+01
755 755 1.00000000000000000000000000000000000000000000000e+01
756 756 1.00000000000000000000000000000000000000000000000e+01
757 757 1.00000000000000000000000000000000000000000000000e+01
758 758 1.00000000000000000000000000000000000000000000000e+01
759 759 1.00000000000000000000000000000000000000000000000e+01
760 760 1.00000000000000000000000000000000000000000000000e+01
761 761 1.00000000000000000000000000000000000000000000000e+01
762 762 1.00000000000000000000000000000000000000000000000e+01
763 763 1.00000000000000000000000000000000000000000000000e+01
764 764 1.00000000000000000000000000000000000000000000000e+01
765 765 1.00000000000000000000000000000000000000000000000e+01
766 766 1.00000000000000000000000000000000000000000000000e+01
767 767 1.00000000000000000000000000000000000000000000000e+01
768 768 1.00000000000000000000000000000000000000000000000e+01
769 769 1.00000000000000000000000000000000000000000000000e+01
770 770 1.00000000000000000000000000000000000000000000000e+01
771 771 1.00000000000000000000000000000000000000000000000e+01
772 772 1.00000000000000000000000000000000000000000000000e+01
773 773 1.00000000000000000000000000000000000000000000000e+01
774 774 1.00000000000000000000000000000000000000000000000e+01
775 775 1.00000000000000000000000000000000000000000000000e+01
776 776 1.00000000000000000000000000000000000000000000000e+01
777 777 1.00000000000000000000000000000000000000000000000e+01
778 778 1.00000000000000000000000000000000000000000000000e+01
779 779 1.00000000000000000000000000000000000000000000000e+01
780 780 1.00000000000000000000000000000000000000000000000e+01
781 781 1.00000000000000000000000000000000000000000000000e+01
782 782 1.00000000000000000000000000000000000000000000000e+01
783 783 1.00000000000000000000000000000000000000000000000e+01
784 784 1.00000000000000000000000000000000000000000000000e+01
785 785 1.00000000000000000000000000000000000000000000000e+01
786 786 1.00000000000000000000000000000000000000000000000e+01
787 787 1.00000000000000000000000000000000000000000000000e+01
788 788 1.00000000000000000000000000000000000000000000000e+01
789 789 1.00000000000000000000000000000000000000000000000e+01
790 790 1.00000000000000000000000000000000000000000000000e+01
791 791 1.00000000000000000000000000000000000000000000000e+01
792 792 1.00000000000000000000000000000000000000000000000e+01
793 793 1.00000000000000000000000000000000000000000000000e+01
794 794 1.00000000000000000000000000000000000000000000000e+01
795 795 1.00000000000000000000000000000000000000000000000e+01
796 796 1.00000000000000000000000000000000000000000000000e+01
797 797 1.00000000000000000000000000000000000000000000000e+01
798 798 1.00000000000000000000000000000000000000000000000e+01
799 799 1.00000000000000000000000000000000000000000000000e+01
800 800 1.00000000000000000000000000000000000000000000000e+01
801 801 1.00000000000000000000000000000000000000000000000e+01
802 802 1.50000000000000000000000000000000000000000000000e+01
803 803 1.50000000000000000000000000000000000000000000000e+01
804 804 1.50000000000000000000000000000000000000000000000e+01
805 805 1.50000000000000000000000000000000000000000000000e+01
806 806 1.50000000000000000000000000000000000000000000000e+01
807 807 1.50000000000000000000000000000000000000000000000e+01
808 808 1.50000000000000000000000000000000000000000000000e+01
809 809 1.50000000000000000000000000000000000000000000000e+01
810 810 1.50000000000000000000000000000000000000000000000e+01
811 811 1.50000000000000000000000000000000000000000000000e+01
812 812 1.50000000000000000000000000000000000000000000000e+01
813 813 1.50000000000000000000000000000000000000000000000e+01
814 814 1.50000000000000000000000000000000000000000000000e+01
815 815 1.50000000000000000000000000000000000000000000000e+01
816 816 1.50000000000000000000000000000000000000000000000e+01
817 817 1.50000000000000000000000000000000000000000000000e+01
818 818 1.50000000000000000000000000000000000000000000000e+01
819 819 1.50000000000000000000000000000000000000000000000e+01
820 820 1.50000000000000000000000000000000000000000000000e+01
821 821 1.50000000000000000000000000000000000000000000000e+01
822 822 1.50000000000000000000000000000000000000000000000e+01
823 823 1.50000000000000000000000000000000000000000000000e+01
824 824 1.50000000000000000000000000000000000000000000000e+01
825 825 1.50000000000000000000000000000000000000000000000e+01
826 826 1.50000000000000000000000000000000000000000000000e+01
827 827 1.50000000000000000000000000000000000000000000000e+01
828 828 1.50000000000000000000000000000000000000000000000e+01
829 829 1.50000000000000000000000000000000000000000000000e+01
830 830 1.50000000000000000000000000000000000000000000000e+01
831 831 1.50000000000000000000000000000000000000000000000e+01
832 832 1.50000000000000000000000000000000000000000000000e+01
833 833 1.50000000000000000000000000000000000000000000000e+01
834 834 1.50000000000000000000000000000000000000000000000e+01
835 835 1.50000000000000000000000000000000000000000000000e+01
836 836 1.50000000000000000000000000000000000000000000000e+01
837 837 1.50000000000000000000000000000000000000000000000e+01
838 838 1.50000000000000000000000000000000000000000000000e+01
839 839 1.50000000000000000000000000000000000000000000000e+01
840 840 1.50000000000000000000000000000000000000000000000e+01
841 841 1.50000000000000000000000000000000000000000000000e+01
842 842 1.50000000000000000000000000000000000000000000000e+01
843 843 1.50000000000000000000000000000000000000000000000e+01
844 844 1.50000000000000000000000000000000000000000000000e+01
845 845 1.50000000000000000000000000000000000000000000000e+01
846 846 1.50000000000000000000000000000000000000000000000e+01
847 847 1.50000000000000000000000000000000000000000000000e+01
848 848 1.50000000000000000000000000000000000000000000000e+01
849 849 1.50000000000000000000000000000000000000000000000e+01
850 850 2.10000000000000000000000000000000000000000000000e+01
851 851 2.10000000000000000000000000000000000000000000000e+01
852 852 2.10000000000000000000000000000000000000000000000e+01
853 853 2.10000000000000000000000000000000000000000000000e+01
854 854 2.10000000000000000000000000000000000000000000000e+01
855 855 2.10000000000000000000000000000000000000000000000e+01
856 856 2.10000000000000000000000000000000000000000000000e+01
857 857 2.10000000000000000000000000000000000000000000000e+01
858 858 2.10000000000000000000000000000000000000000000000e+01
859 859 2.10000000000000000000000000000000000000000000000e+01
860 860 2.10000000000000000000000000000000000000000000000e+01
861 861 2.10000000000000000000000000000000000000000000000e+01
862 862 2.10000000000000000000000000000000000000000000000e+01
863 863 2.10000000000000000000000000000000000000000000000e+01
864 864 2.10000000000000000000000000000000000000000000000e+01
865 865 2.10000000000000000000000000000000000000000000000e+01
866 866 2.10000000000000000000000000000000000000000000000e+01
867 867 2.10000000000000000000000000000000000000000000000e+01
868 868 2.10000000000000000000000000000000000000000000000e+01
869 869 2.10000000000000000000000000000000000000000000000e+01
870 870 2.10000000000000000000000000000000000000000000000e+01
871 871 2.10000000000000000000000000000000000000000000000e+01
872 872 2.10000000000000000000000000000000000000000000000e+01
873 873 2.10000000000000000000000000000000000000000000000e+01
874 874 2.10000000000000000000000000000000000000000000000e+01
875 875 2.10000000000000000000000000000000000000000000000e+01
876 876 2.10000000000000000000000000000000000000000000000e+01
877 877 2.10000000000000000000000000000000000000000000000e+01
878 878 2.10000000000000000000000000000000000000000000000e+01
879 879 2.10000000000000000000000000000000000000000000000e+01
880 880 2.10000000000000000000000000000000000000000000000e+01
881 881 2.10000000000000000000000000000000000000000000000e+01
882 882 2.10000000000000000000000000000000000000000000000e+01
883 883 2.10000000000000000000000000000000000000000000000e+01
884 884 2.10000000000000000000000000000000000000000000000e+01
885 885 2.10000000000000000000000000000000000000000000000e+01
886 886 2.10000000000000000000000000000000000000000000000e+01
887 887 2.10000000000000000000000000000000000000000000000e+01
888 888 2.10000000000000000000000000000000000000000000000e+01
889 889 2.10000000000000000000000000000000000000000000000e+01
890 890 2.10000000000000000000000000000000000000000000000e+01
891 891 2.10000000000000000000000000000000000000000000000e+01
892 892 2.10000000000000000000000000000000000000000000000e+01
893 893 2.10000000000000000000000000000000000000000000000e+01
894 894 2.10000000000000000000000000000000000000000000000e+01
906 906 1.00000000000000000000000000000000000000000000000e+00
907 907 1.00000000000000000000000000000000000000000000000e+00
908 908 1.00000000000000000000000000000000000000000000000e+00
909 909 1.00000000000000000000000000000000000000000000000e+00
910 910 1.00000000000000000000000000000000000000000000000e+00
911 911 1.00000000000000000000000000000000000000000000000e+00
912 912 1.00000000000000000000000000000000000000000000000e+00
913 913 1.00000000000000000000000000000000000000000000000e+00
914 914 1.00000000000000000000000000000000000000000000000e+00
915 915 1.00000000000000000000000000000000000000000000000e+00
916 916 1.00000000000000000000000000000000000000000000000e+00
917 917 1.00000000000000000000000000000000000000000000000e+00
918 918 1.00000000000000000000000000000000000000000000000e+00
919 919 1.00000000000000000000000000000000000000000000000e+00
920 920 1.00000000000000000000000000000000000000000000000e+00
921 921 1.00000000000000000000000000000000000000000000000e+00
922 922 1.00000000000000000000000000000000000000000000000e+00
923 923 1.00000000000000000000000000000000000000000000000e+00
924 924 1.00000000000000000000000000000000000000000000000e+00
925 925 1.00000000000000000000000000000000000000000000000e+00
926 926 1.00000000000000000000000000000000000000000000000e+00
927 927 1.00000000000000000000000000000000000000000000000e+00
928 928 1.00000000000000000000000000000000000000000000000e+00
929 929 1.00000000000000000000000000000000000000000000000e+00
930 930 1.00000000000000000000000000000000000000000000000e+00
931 931 1.00000000000000000000000000000000000000000000000e+00
932 932 1.00000000000000000000000000000000000000000000000e+00
933 933 1.00000000000000000000000000000000000000000000000e+00
934 934 1.00000000000000000000000000000000000000000000000e+00
935 935 1.00000000000000000000000000000000000000000000000e+00
936 936 1.00000000000000000000000000000000000000000000000e+00
937 937 1.00000000000000000000000000000000000000000000000e+00
938 938 1.00000000000000000000000000000000000000000000000e+00
939 939 3.00000000000000000000000000000000000000000000000e+00
940 940 3.00000000000000000000000000000000000000000000000e+00
941 941 3.00000000000000000000000000000000000000000000000e+00
942 942 3.00000000000000000000000000000000000000000000000e+00
943 943 3.00000000000000000000000000000000000000000000000e+00
944 944 3.00000000000000000000000000000000000000000000000e+00
945 945 3.00000000000000000000000000000000000000000000000e+00
946 946 3.00000000000000000000000000000000000000000000000e+00
947 947 3.00000000000000000000000000000000000000000000000e+00
948 948 3.00000000000000000000000000000000000000000000000e+00
949 949 3.00000000000000000000000000000000000000000000000e+00
950 950 3.00000000000000000000000000000000000000000000000e+00
951 951 3.00000000000000000000000000000000000000000000000e+00
952 952 3.00000000000000000000000000000000000000000000000e+00
953 953 3.00000000000000000000000000000000000000000000000e+00
954 954 3.00000000000000000000000000000000000000000000000e+00
955 955 3.00000000000000000000000000000000000000000000000e+00
956 956 3.00000000000000000000000000000000000000000000000e+00
957 957 3.00000000000000000000000000000000000000000000000e+00
958 958 3.00000000000000000000000000000000000000000000000e+00
959 959 3.00000000000000000000000000000000000000000000000e+00
960 960 3.00000000000000000000000000000000000000000000000e+00
961 961 3.00000000000000000000000000000000000000000000000e+00
962 962 3.00000000000000000000000000000000000000000000000e+00
963 963 3.00000000000000000000000000000000000000000000000e+00
964 964 3.00000000000000000000000000000000000000000000000e+00
965 965 3.00000000000000000000000000000000000000000000000e+00
966 966 3.00000000000000000000000000000000000000000000000e+00
967 967 3.00000000000000000000000000000000000000000000000e+00
968 968 3.00000000000000000000000000000000000000000000000e+00
969 969 3.00000000000000000000000000000000000000000000000e+00
970 970 3.00000000000000000000000000000000000000000000000e+00
971 971 3.00000000000000000000000000000000000000000000000e+00
972 972 3.00000000000000000000000000000000000000000000000e+00
973 973 3.00000000000000000000000000000000000000000000000e+00
974 974 3.00000000000000000000000000000000000000000000000e+00
975 975 3.00000000000000000000000000000000000000000000000e+00
976 976 3.00000000000000000000000000000000000000000000000e+00
977 977 3.00000000000000000000000000000000000000000000000e+00
978 978 3.00000000000000000000000000000000000000000000000e+00
979 979 6.00000000000000000000000000000000000000000000000e+00
980 980 6.00000000000000000000000000000000000000000000000e+00
981 981 6.00000000000000000000000000000000000000000000000e+00
982 982 6.00000000000000000000000000000000000000000000000e+00
983 983 6.00000000000000000000000000000000000000000000000e+00
984 984 6.00000000000000000000000000000000000000000000000e+00
985 985 6.00000000000000000000000000000000000000000000000e+00
986 986 6.00000000000000000000000000000000000000000000000e+00
987 987 6.00000000000000000000000000000000000000000000000e+00
988 988 6.00000000000000000000000000000000000000000000000e+00
989 989 6.00000000000000000000000000000000000000000000000e+00
990 990 6.00000000000000000000000000000000000000000000000e+00
991 991 6.00000000000000000000000000000000000000000000000e+00
992 992 6.00000000000000000000000000000000000000000000000e+00
993 993 6.00000000000000000000000000000000000000000000000e+00
994 994 6.00000000000000000000000000000000000000000000000e+00
995 995 6.00000000000000000000000000000000000000000000000e+00
996 996 6.00000000000000000000000000000000000000000000000e+00
997 997 6.00000000000000000000000000000000000000000000000e+00
998 998 6.00000000000000000000000000000000000000000000000e+00
999 999 6.00000000000000000000000000000000000000000000000e+00
1000 1000 6.00000000000000000000000000000000000000000000000e+00
1001 1001 6.00000000000000000000000000000000000000000000000e+00
1002 1002 6.00000000000000000000000000000000000000000000000e+00
1003 1003 6.00000000000000000000000000000000000000000000000e+00
1004 1004 6.00000000000000000000000000000000000000000000000e+00
1005 1005 6.00000000000000000000000000000000000000000000000e+00
1006 1006 6.00000000000000000000000000000000000000000000000e+00
1007 1007 6.00000000000000000000000000000000000000000000000e+00
1008 1008 6.00000000000000000000000000000000000000000000000e+00
1009 1009 6.00000000000000000000000000000000000000000000000e+00
1010 1010 6.00000000000000000000000000000000000000000000000e+00
1011 1011 6.00000000000000000000000000000000000000000000000e+00
1012 1012 6.00000000000000000000000000000000000000000000000e+00
1013 1013 6.00000000000000000000000000000000000000000000000e+00
1014 1014 6.00000000000000000000000000000000000000000000000e+00
1015 1015 6.00000000000000000000000000000000000000000000000e+00
1016 1016 6.00000000000000000000000000000000000000000000000e+00
1017 1017 6.00000000000000000000000000000000000000000000000e+00
1018 1018 6.00000000000000000000000000000000000000000000000e+00
1019 1019 6.00000000000000000000000000000000000000000000000e+00
1020 1020 6.00000000000000000000000000000000000000000000000e+00
1021 1021 6.00000000000000000000000000000000000000000000000e+00
1022 1022 6.00000000000000000000000000000000000000000000000e+00
1023 1023 6.00000000000000000000000000000000000000000000000e+00
1024 1024 1.00000000000000000000000000000000000000000000000e+01
1025 1025 1.00000000000000000000000000000000000000000000000e+01
1026 1026 1.00000000000000000000000000000000000000000000000e+01
1027 1027 1.00000000000000000000000000000000000000000000000e+01
1028 1028 1.00000000000000000000000000000000000000000000000e+01
1029 1029 1.00000000000000000000000000000000000000000000000e+01
1030 1030 1.00000000000000000000000000000000000000000000000e+01
1031 1031 1.00000000000000000000000000000000000000000000000e+01
1032 1032 1.00000000000000000000000000000000000000000000000e+01
1033 1033 1.00000000000000000000000000000000000000000000000e+01
1034 1034 1.00000000000000000000000000000000000000000000000e+01
1035 1035 1.00000000000000000000000000000000000000000000000e+01
1036 1036 1.00000000000000000000000000000000000000000000000e+01
1037 1037 1.00000000000000000000000000000000000000000000000e+01
1038 1038 1.00000000000000000000000000000000000000000000000e+01
1039 1039 1.00000000000000000000000000000000000000000000000e+01
1040 1040 1.00000000000000000000000000000000000000000000000e+01
1041 1041 1.00000000000000000000000000000000000000000000000e+01
1042 1042 1.00000000000000000000000000000000000000000000000e+01
1043 1043 1.00000000000000000000000000000000000000000000000e+01
1044 1044 1.00000000000000000000000000000000000000000000000e+01
1045 1045 1.00000000000000000000000000000000000000000000000e+01
1046 1046 1.00000000000000000000000000000000000000000000000e+01
1047 1047 1.00000000000000000000000000000000000000000000000e+01
1048 1048 1.00000000000000000000000000000000000000000000000e+01
1049 1049 1.00000000000000000000000000000000000000000000000e+01
1050 1050 1.00000000000000000000000000000000000000000000000e+01
1051 1051 1.00000000000000000000000000000000000000000000000e+01
1052 1052 1.00000000000000000000000000000000000000000000000e+01
1053 1053 1.00000000000000000000000000000000000000000000000e+01
1054 1054 1.00000000000000000000000000000000000000000000000e+01
1055 1055 1.00000000000000000000000000000000000000000000000e+01
1056 1056 1.00000000000000000000000000000000000000000000000e+01
1057 1057 1.00000000000000000000000000000000000000000000000e+01
1058 1058 1.00000000000000000000000000000000000000000000000e+01
1059 1059 1.00000000000000000000000000000000000000000000000e+01
1060 1060 1.00000000000000000000000000000000000000000000000e+01
1061 1061 1.00000000000000000000000000000000000000000000000e+01
1062 1062 1.00000000000000000000000000000000000000000000000e+01
1063 1063 1.00000000000000000000000000000000000000000000000e+01
1064 1064 1.00000000000000000000000000000000000000000000000e+01
1065 1065 1.00000000000000000000000000000000000000000000000e+01
1066 1066 1.00000000000000000000000000000000000000000000000e+01
1067 1067 1.00000000000000000000000000000000000000000000000e+01
1068 1068 1.00000000000000000000000000000000000000000000000e+01
1069 1069 1.00000000000000000000000000000000000000000000000e+01
1070 1070 1.00000000000000000000000000000000000000000000000e+01
1071 1071 1.00000000000000000000000000000000000000000000000e+01
1072 1072 1.50000000000000000000000000000000000000000000000e+01
1073 1073 1.50000000000000000000000000000000000000000000000e+01
1074 1074 1.50000000000000000000000000000000000000000000000e+01
1075 1075 1.50000000000000000000000000000000000000000000000e+01
1076 1076 1.50000000000000000000000000000000000000000000000e+01
1077 1077 1.50000000000000000000000000000000000000000000000e+01
1078 1078 1.50000000000000000000000000000000000000000000000e+01
1079 1079 1.50000000000000000000000000000000000000000000000e+01
1080 1080 1.50000000000000000000000000000000000000000000000e+01
1081 1081 1.50000000000000000000000000000000000000000000000e+01
1082 1082 1.50000000000000000000000000000000000000000000000e+01
1083 1083 1.50000000000000000000000000000000000000000000000e+01
1084 1084 1.50000000000000000000000000000000000000000000000e+01
1085 1085 1.50000000000000000000000000000000000000000000000e+01
1086 1086 1.50000000000000000000000000000000000000000000000e+01
1087 1087 1.50000000000000000000000000000000000000000000000e+01
1088 1088 1.50000000000000000000000000000000000000000000000e+01
1089 1089 1.50000000000000000000000000000000000000000000000e+01
1090 1090 1.50000000000000000000000000000000000000000000000e+01
1091 1091 1.50000000000000000000000000000000000000000000000e+01
1092 1092 1.50000000000000000000000000000000000000000000000e+01
1093 1093 1.50000000000000000000000000000000000000000000000e+01
1094 1094 1.50000000000000000000000000000000000000000000000e+01
1095 1095 1.50000000000000000000000000000000000000000000000e+01
1096 1096 1.50000000000000000000000000000000000000000000000e+01
1097 1097 1.50000000000000000000000000000000000000000000000e+01
1098 1098 1.50000000000000000000000000000000000000000000000e+01
1099 1099 1.50000000000000000000000000000000000000000000000e+01
1100 1100 1.50000000000000000000000000000000000000000000000e+01
1101 1101 1.50000000000000000000000000000000000000000000000e+01
1102 1102 1.50000000000000000000000000000000000000000000000e+01
1103 1103 1.50000000000000000000000000000000000000000000000e+01
1104 1104 1.50000000000000000000000000000000000000000000000e+01
1105 1105 1.50000000000000000000000000000000000000000000000e+01
1106 1106 1.50000000000000000000000000000000000000000000000e+01
1107 1107 1.50000000000000000000000000000000000000000000000e+01
1108 1108 1.50000000000000000000000000000000000000000000000e+01
1109 1109 1.50000000000000000000000000000000000000000000000e+01
1110 1110 1.50000000000000000000000000000000000000000000000e+01
1111 1111 1.50000000000000000000000000000000000000000000000e+01
1112 1112 1.50000000000000000000000000000000000000000000000e+01
1113 1113 1.50000000000000000000000000000000000000000000000e+01
1114 1114 1.50000000000000000000000000000000000000000000000e+01
1115 1115 1.50000000000000000000000000000000000000000000000e+01
1116 1116 1.50000000000000000000000000000000000000000000000e+01
1117 1117 1.50000000000000000000000000000000000000000000000e+01
1118 1118 1.50000000000000000000000000000000000000000000000e+01
1119 1119 1.50000000000000000000000000000000000000000000000e+01
1120 1120 1.50000000000000000000000000000000000000000000000e+01
1121 1121 2.10000000000000000000000000000000000000000000000e+01
1122 1122 2.10000000000000000000000000000000000000000000000e+01
1123 1123 2.10000000000000000000000000000000000000000000000e+01
1124 1124 2.10000000000000000000000000000000000000000000000e+01
1125 1125 2.10000000000000000000000000000000000000000000000e+01
1126 1126 2.10000000000000000000000000000000000000000000000e+01
1127 1127 2.10000000000000000000000000000000000000000000000e+01
1128 1128 2.10000000000000000000000000000000000000000000000e+01
1129 1129 2.10000000000000000000000000000000000000000000000e+01
1130 1130 2.10000000000000000000000000000000000000000000000e+01
1131 1131 2.10000000000000000000000000000000000000000000000e+01
1132 1132 2.10000000000000000000000000000000000000000000000e+01
1133 1133 2.10000000000000000000000000000000000000000000000e+01
1134 1134 2.10000000000000000000000000000000000000000000000e+01
1135 1135 2.10000000000000000000000000000000000000000000000e+01
1136 1136 2.10000000000000000000000000000000000000000000000e+01
1137 1137 2.10000000000000000000000000000000000000000000000e+01
1138 1138 2.10000000000000000000000000000000000000000000000e+01
1139 1139 2.10000000000000000000000000000000000000000000000e+01
1140 1140 2.10000000000000000000000000000000000000000000000e+01
1141 1141 2.10000000000000000000000000000000000000000000000e+01
1142 1142 2.10000000000000000000000000000000000000000000000e+01
1143 1143 2.10000000000000000000000000000000000000000000000e+01
1144 1144 2.10000000000000000000000000000000000000000000000e+01
1145 1145 2.10000000000000000000000000000000000000000000000e+01
1146 1146 2.10000000000000000000000000000000000000000000000e+01
1147 1147 2.10000000000000000000000000000000000000000000000e+01
1148 1148 2.10000000000000000000000000000000000000000000000e+01
1149 1149 2.10000000000000000000000000000000000000000000000e+01
1150 1150 2.10000000000000000000000000000000000000000000000e+01
1151 1151 2.10000000000000000000000000000000000000000000000e+01
1152 1152 2.10000000000000000000000000000000000000000000000e+01
1153 1153 2.10000000000000000000000000000000000000000000000e+01
1154 1154 2.10000000000000000000000000000000000000000000000e+01
1155 1155 2.10000000000000000000000000000000000000000000000e+01
1156 1156 2.10000000000000000000000000000000000000000000000e+01
1157 1157 2.10000000000000000000000000000000000000000000000e+01
1158 1158 2.10000000000000000000000000000000000000000000000e+01
1159 1159 2.10000000000000000000000000000000000000000000000e+01
1160 1160 2.10000000000000000000000000000000000000000000000e+01
1161 1161 2.10000000000000000000000000000000000000000000000e+01
1162 1162 2.10000000000000000000000000000000000000000000000e+01
1163 1163 2.10000000000000000000000000000000000000000000000e+01
1164 1164 2.10000000000000000000000000000000000000000000000e+01
1165 1165 2.10000000000000000000000000000000000000000000000e+01
1166 1166 2.10000000000000000000000000000000000000000000000e+01
1167 1167 2.10000000000000000000000000000000000000000000000e+01
1168 1168 2.10000000000000000000000000000000000000000000000e+01
1182 1182 1.00000000000000000000000000000000000000000000000e+00
1183 1183 1.00000000000000000000000000000000000000000000000e+00
1184 1184 1.00000000000000000000000000000000000000000000000e+00
1185 1185 1.00000000000000000000000000000000000000000000000e+00
1186 1186 1.00000000000000000000000000000000000000000000000e+00
1187 1187 1.00000000000000000000000000000000000000000000000e+00
1188 1188 1.00000000000000000000000000000000000000000000000e+00
1189 1189 1.00000000000000000000000000000000000000000000000e+00
1190 1190 1.00000000000000000000000000000000000000000000000e+00
1191 1191 1.00000000000000000000000000000000000000000000000e+00
1192 1192 1.00000000000000000000000000000000000000000000000e+00
1193 1193 1.00000000000000000000000000000000000000000000000e+00
1194 1194 1.00000000000000000000000000000000000000000000000e+00
1195 1195 1.00000000000000000000000000000000000000000000000e+00
1196 1196 1.00000000000000000000000000000000000000000000000e+00
1197 1197 1.00000000000000000000000000000000000000000000000e+00
1198 1198 1.00000000000000000000000000000000000000000000000e+00
1199 1199 1.00000000000000000000000000000000000000000000000e+00
1200 1200 1.00000000000000000000000000000000000000000000000e+00
1201 1201 1.00000000000000000000000000000000000000000000000e+00
1202 1202 1.00000000000000000000000000000000000000000000000e+00
1203 1203 1.00000000000000000000000000000000000000000000000e+00
1204 1204 1.00000000000000000000000000000000000000000000000e+00
1205 1205 1.00000000000000000000000000000000000000000000000e+00
1206 1206 3.00000000000000000000000000000000000000000000000e+00
1207 1207 3.00000000000000000000000000000000000000000000000e+00
1208 1208 3.00000000000000000000000000000000000000000000000e+00
1209 1209 3.00000000000000000000000000000000000000000000000e+00
1210 1210 3.00000000000000000000000000000000000000000000000e+00
1211 1211 3.00000000000000000000000000000000000000000000000e+00
1212 1212 3.00000000000000000000000000000000000000000000000e+00
1213 1213 3.00000000000000000000000000000000000000000000000e+00
1214 1214 3.00000000000000000000000000000000000000000000000e+00
1215 1215 3.00000000000000000000000000000000000000000000000e+00
1216 1216 3.00000000000000000000000000000000000000000000000e+00
1217 1217 3.00000000000000000000000000000000000000000000000e+00
1218 1218 3.00000000000000000000000000000000000000000000000e+00
1219 1219 3.00000000000000000000000000000000000000000000000e+00
1220 1220 3.00000000000000000000000000000000000000000000000e+00
1221 1221 3.00000000000000000000000000000000000000000000000e+00
1222 1222 3.00000000000000000000000000000000000000000000000e+00
1223 1223 3.00000000000000000000000000000000000000000000000e+00
1224 1224 3.00000000000000000000000000000000000000000000000e+00
1225 1225 3.00000000000000000000000000000000000000000000000e+00
1226 1226 3.00000000000000000000000000000000000000000000000e+00
1227 1227 3.00000000000000000000000000000000000000000000000e+00
1228 1228 3.00000000000000000000000000000000000000000000000e+00
1229 1229 3.00000000000000000000000000000000000000000000000e+00
1230 1230 3.00000000000000000000000000000000000000000000000e+00
1231 1231 3.00000000000000000000000000000000000000000000000e+00
1232 1232 3.00000000000000000000000000000000000000000000000e+00
1233 1233 3.00000000000000000000000000000000000000000000000e+00
1234 1234 3.00000000000000000000000000000000000000000000000e+00
1235 1235 3.00000000000000000000000000000000000000000000000e+00
1236 1236 3.00000000000000000000000000000000000000000000000e+00
1237 1237 3.00000000000000000000000000000000000000000000000e+00
1238 1238 3.00000000000000000000000000000000000000000000000e+00
1239 1239 6.00000000000000000000000000000000000000000000000e+00
1240 1240 6.00000000000000000000000000000000000000000000000e+00
1241 1241 6.00000000000000000000000000000000000000000000000e+00
1242 1242 6.00000000000000000000000000000000000000000000000e+00
1243 1243 6.00000000000000000000000000000000000000000000000e+00
1244 1244 6.00000000000000000000000000000000000000000000000e+00
1245 1245 6.00000000000000000000000000000000000000000000000e+00
1246 1246 6.00000000000000000000000000000000000000000000000e+00
1247 1247 6.00000000000000000000000000000000000000000000000e+00
1248 1248 6.00000000000000000000000000000000000000000000000e+00
1249 1249 6.00000000000000000000000000000000000000000000000e+00
1250 1250 6.00000000000000000000000000000000000000000000000e+00
1251 1251 6.00000000000000000000000000000000000000000000000e+00
1252 1252 6.00000000000000000000000000000000000000000000000e+00
1253 1253 6.00000000000000000000000000000000000000000000000e+00
1254 1254 6.00000000000000000000000000000000000000000000000e+00
1255 1255 6.00000000000000000000000000000000000000000000000e+00
1256 1256 6.00000000000000000000000000000000000000000000000e+00
1257 1257 6.00000000000000000000000000000000000000000000000e+00
1258 1258 6.00000000000000000000000000000000000000000000000e+00
1259 1259 6.00000000000000000000000000000000000000000000000e+00
1260 1260 6.00000000000000000000000000000000000000000000000e+00
1261 1261 6.00000000000000000000000000000000000000000000000e+00
1262 1262 6.00000000000000000000000000000000000000000000000e+00
1263 1263 6.00000000000000000000000000000000000000000000000e+00
1264 1264 6.00000000000000000000000000000000000000000000000e+00
1265 1265 6.00000000000000000000000000000000000000000000000e+00
1266 1266 6.00000000000000000000000000000000000000000000000e+00
1267 1267 6.00000000000000000000000000000000000000000000000e+00
1268 1268 6.00000000000000000000000000000000000000000000000e+00
1269 1269 6.00000000000000000000000000000000000000000000000e+00
1270 1270 6.00000000000000000000000000000000000000000000000e+00
1271 1271 6.00000000000000000000000000000000000000000000000e+00
1272 1272 6.00000000000000000000000000000000000000000000000e+00
1273 1273 6.00000000000000000000000000000000000000000000000e+00
1274 1274 6.00000000000000000000000000000000000000000000000e+00
1275 1275 6.00000000000000000000000000000000000000000000000e+00
1276 1276 6.00000000000000000000000000000000000000000000000e+00
1277 1277 6.00000000000000000000000000000000000000000000000e+00
1278 1278 6.00000000000000000000000000000000000000000000000e+00
1279 1279 1.00000000000000000000000000000000000000000000000e+01
1280 1280 1.00000000000000000000000000000000000000000000000e+01
1281 1281 1.00000000000000000000000000000000000000000000000e+01
1282 1282 1.00000000000000000000000000000000000000000000000e+01
1283 1283 1.00000000000000000000000000000000000000000000000e+01
1284 1284 1.00000000000000000000000000000000000000000000000e+01
1285 1285 1.00000000000000000000000000000000000000000000000e+01
1286 1286 1.00000000000000000000000000000000000000000000000e+01
1287 1287 1.00000000000000000000000000000000000000000000000e+01
1288 1288 1.00000000000000000000000000000000000000000000000e+01
1289 1289 1.00000000000000000000000000000000000000000000000e+01
1290 1290 1.00000000000000000000000000000000000000000000000e+01
1291 1291 1.00000000000000000000000000000000000000000000000e+01
1292 1292 1.00000000000000000000000000000000000000000000000e+01
1293 1293 1.00000000000000000000000000000000000000000000000e+01
1294 1294 1.00000000000000000000000000000000000000000000000e+01
1295 1295 1.00000000000000000000000000000000000000000000000e+01
1296 1296 1.00000000000000000000000000000000000000000000000e+01
1297 1297 1.00000000000000000000000000000000000000000000000e+01
1298 1298 1.00000000000000000000000000000000000000000000000e+01
1299 1299 1.00000000000000000000000000000000000000000000000e+01
1300 1300 1.00000000000000000000000000000000000000000000000e+01
1301 1301 1.00000000000000000000000000000000000000000000000e+01
1302 1302 1.00000000000000000000000000000000000000000000000e+01
1303 1303 1.00000000000000000000000000000000000000000000000e+01
1304 1304 1.00000000000000000000000000000000000000000000000e+01
1305 1305 1.00000000000000000000000000000000000000000000000e+01
1306 1306 1.00000000000000000000000000000000000000000000000e+01
1307 1307 1.00000000000000000000000000000000000000000000000e+01
1308 1308 1.00000000000000000000000000000000000000000000000e+01
1309 1309 1.00000000000000000000000000000000000000000000000e+01
1310 1310 1.00000000000000000000000000000000000000000000000e+01
1311 1311 1.00000000000000000000000000000000000000000000000e+01
1312 1312 1.00000000000000000000000000000000000000000000000e+01
1313 1313 1.00000000000000000000000000000000000000000000000e+01
1314 1314 1.00000000000000000000000000000000000000000000000e+01
1315 1315 1.00000000000000000000000000000000000000000000000e+01
1316 1316 1.00000000000000000000000000000000000000000000000e+01
1317 1317 1.00000000000000000000000000000000000000000000000e+01
1318 1318 1.00000000000000000000000000000000000000000000000e+01
1319 1319 1.00000000000000000000000000000000000000000000000e+01
1320 1320 1.00000000000000000000000000000000000000000000000e+01
1321 1321 1.00000000000000000000000000000000000000000000000e+01
1322 1322 1.00000000000000000000000000000000000000000000000e+01
1323 1323 1.00000000000000000000000000000000000000000000000e+01
1324 1324 1.50000000000000000000000000000000000000000000000e+01
1325 1325 1.50000000000000000000000000000000000000000000000e+01
1326 1326 1.50000000000000000000000000000000000000000000000e+01
1327 1327 1.50000000000000000000000000000000000000000000000e+01
1328 1328 1.50000000000000000000000000000000000000000000000e+01
1329 1329 1.50000000000000000000000000000000000000000000000e+01
1330 1330 1.50000000000000000000000000000000000000000000000e+01
1331 1331 1.50000000000000000000000000000000000000000000000e+01
1332 1332 1.50000000000000000000000000000000000000000000000e+01
1333 1333 1.50000000000000000000000000000000000000000000000e+01
1334 1334 1.50000000000000000000000000000000000000000000000e+01
1335 1335 1.50000000000000000000000000000000000000000000000e+01
1336 1336 1.50000000000000000000000000000000000000000000000e+01
1337 1337 1.50000000000000000000000000000000000000000000000e+01
1338 1338 1.50000000000000000000000000000000000000000000000e+01
1339 1339 1.50000000000000000000000000000000000000000000000e+01
1340 1340 1.50000000000000000000000000000000000000000000000e+01
1341 1341 1.50000000000000000000000000000000000000000000000e+01
1342 1342 1.50000000000000000000000000000000000000000000000e+01
1343 1343 1.50000000000000000000000000000000000000000000000e+01
1344 1344 1.50000000000000000000000000000000000000000000000e+01
1345 1345 1.50000000000000000000000000000000000000000000000e+01
1346 1346 1.50000000000000000000000000000000000000000000000e+01
1347 1347 1.50000000000000000000000000000000000000000000000e+01
1348 1348 1.50000000000000000000000000000000000000000000000e+01
1349 1349 1.50000000000000000000000000000000000000000000000e+01
1350 1350 1.50000000000000000000000000000000000000000000000e+01
1351 1351 1.50000000000000000000000000000000000000000000000e+01
1352 1352 1.50000000000000000000000000000000000000000000000e+01
1353 1353 1.50000000000000000000000000000000000000000000000e+01
1354 1354 1.50000000000000000000000000000000000000000000000e+01
1355 1355 1.50000000000000000000000000000000000000000000000e+01
1356 1356 1.50000000000000000000000000000000000000000000000e+01
1357 1357 1.50000000000000000000000000000000000000000000000e+01
1358 1358 1.50000000000000000000000000000000000000000000000e+01
1359 1359 1.50000000000000000000000000000000000000000000000e+01
1360 1360 1.50000000000000000000000000000000000000000000000e+01
1361 1361 1.50000000000000000000000000000000000000000000000e+01
1362 1362 1.50000000000000000000000000000000000000000000000e+01
1363 1363 1.50000000000000000000000000000000000000000000000e+01
1364 1364 1.50000000000000000000000000000000000000000000000e+01
1365 1365 1.50000000000000000000000000000000000000000000000e+01
1366 1366 1.50000000000000000000000000000000000000000000000e+01
1367 1367 1.50000000000000000000000000000000000000000000000e+01
1368 1368 1.50000000000000000000000000000000000000000000000e+01
1369 1369 1.50000000000000000000000000000000000000000000000e+01
1370 1370 1.50000000000000000000000000000000000000000000000e+01
1371 1371 1.50000000000000000000000000000000000000000000000e+01
1372 1372 2.10000000000000000000000000000000000000000000000e+01
1373 1373 2.10000000000000000000000000000000000000000000000e+01
1374 1374 2.10000000000000000000000000000000000000000000000e+01
1375 1375 2.10000000000000000000000000000000000000000000000e+01
1376 1376 2.10000000000000000000000000000000000000000000000e+01
1377 1377 2.10000000000000000000000000000000000000000000000e+01
1378 1378 2.10000000000000000000000000000000000000000000000e+01
1379 1379 2.10000000000000000000000000000000000000000000000e+01
1380 1380 2.10000000000000000000000000000000000000000000000e+01
1381 1381 2.10000000000000000000000000000000000000000000000e+01
1382 1382 2.10000000000000000000000000000000000000000000000e+01
1383 1383 2.10000000000000000000000000000000000000000000000e+01
1384 1384 2.10000000000000000000000000000000000000000000000e+01
1385 1385 2.10000000000000000000000000000000000000000000000e+01
1386 1386 2.10000000000000000000000000000000000000000000000e+01
1387 1387 2.10000000000000000000000000000000000000000000000e+01
1388 1388 2.10000000000000000000000000000000000000000000000e+01
1389 1389 2.10000000000000000000000000000000000000000000000e+01
1390 1390 2.10000000000000000000000000000000000000000000000e+01
1391 1391 2.10000000000000000000000000000000000000000000000e+01
1392 1392 2.10000000000000000000000000000000000000000000000e+01
1393 1393 2.10000000000000000000000000000000000000000000000e+01
1394 1394 2.10000000000000000000000000000000000000000000000e+01
1395 1395 2.10000000000000000000000000000000000000000000000e+01
1396 1396 2.10000000000000000000000000000000000000000000000e+01
1397 1397 2.10000000000000000000000000000000000000000000000e+01
1398 1398 2.10000000000000000000000000000000000000000000000e+01
1399 1399 2.10000000000000000000000000000000000000000000000e+01
1400 1400 2.10000000000000000000000000000000000000000000000e+01
1401 1401 2.10000000000000000000000000000000000000000000000e+01
1402 1402 2.10000000000000000000000000000000000000000000000e+01
1403 1403 2.10000000000000000000000000000000000000000000000e+01
1404 1404 2.10000000000000000000000000000000000000000000000e+01
1405 1405 2.10000000000000000000000000000000000000000000000e+01
1406 1406 2.10000000000000000000000000000000000000000000000e+01
1407 1407 2.10000000000000000000000000000000000000000000000e+01
1408 1408 2.10000000000000000000000000000000000000000000000e+01
1409 1409 2.10000000000000000000000000000000000000000000000e+01
1410 1410 2.10000000000000000000000000000000000000000000000e+01
1411 1411 2.10000000000000000000000000000000000000000000000e+01
1412 1412 2.10000000000000000000000000000000000000000000000e+01
1413 1413 2.10000000000000000000000000000000000000000000000e+01
1414 1414 2.10000000000000000000000000000000000000000000000e+01
1415 1415 2.10000000000000000000000000000000000000000000000e+01
1416 1416 2.10000000000000000000000000000000000000000000000e+01
1417 1417 2.10000000000000000000000000000000000000000000000e+01
1418 1418 2.10000000000000000000000000000000000000000000000e+01
1419 1419 2.10000000000000000000000000000000000000000000000e+01
1420 1420 2.10000000000000000000000000000000000000000000000e+01
