49 49 1.00000000000000000000000000000000000000000000000e+00
50 50 1.00000000000000000000000000000000000000000000000e+00
51 51 1.00000000000000000000000000000000000000000000000e+00
52 52 1.00000000000000000000000000000000000000000000000e+00
53 53 1.00000000000000000000000000000000000000000000000e+00
54 54 1.00000000000000000000000000000000000000000000000e+00
55 55 1.00000000000000000000000000000000000000000000000e+00
56 56 1.00000000000000000000000000000000000000000000000e+00
57 57 1.00000000000000000000000000000000000000000000000e+00
58 58 1.00000000000000000000000000000000000000000000000e+00
59 59 1.00000000000000000000000000000000000000000000000e+00
60 60 1.00000000000000000000000000000000000000000000000e+00
61 61 1.00000000000000000000000000000000000000000000000e+00
62 62 1.00000000000000000000000000000000000000000000000e+00
63 63 1.00000000000000000000000000000000000000000000000e+00
64 64 1.00000000000000000000000000000000000000000000000e+00
65 65 1.00000000000000000000000000000000000000000000000e+00
66 66 1.00000000000000000000000000000000000000000000000e+00
67 67 1.00000000000000000000000000000000000000000000000e+00
68 68 1.00000000000000000000000000000000000000000000000e+00
69 69 1.00000000000000000000000000000000000000000000000e+00
70 70 1.00000000000000000000000000000000000000000000000e+00
71 71 1.00000000000000000000000000000000000000000000000e+00
72 72 1.00000000000000000000000000000000000000000000000e+00
73 73 1.00000000000000000000000000000000000000000000000e+00
74 74 1.00000000000000000000000000000000000000000000000e+00
75 75 1.00000000000000000000000000000000000000000000000e+00
76 76 1.00000000000000000000000000000000000000000000000e+00
77 77 1.00000000000000000000000000000000000000000000000e+00
78 78 1.00000000000000000000000000000000000000000000000e+00
79 79 1.00000000000000000000000000000000000000000000000e+00
80 80 1.00000000000000000000000000000000000000000000000e+00
81 81 1.00000000000000000000000000000000000000000000000e+00
82 82 1.00000000000000000000000000000000000000000000000e+00
83 83 1.00000000000000000000000000000000000000000000000e+00
84 84 1.00000000000000000000000000000000000000000000000e+00
85 85 1.00000000000000000000000000000000000000000000000e+00
86 86 1.00000000000000000000000000000000000000000000000e+00
87 87 1.00000000000000000000000000000000000000000000000e+00
88 88 1.00000000000000000000000000000000000000000000000e+00
89 89 1.00000000000000000000000000000000000000000000000e+00
90 90 1.00000000000000000000000000000000000000000000000e+00
91 91 1.00000000000000000000000000000000000000000000000e+00
92 92 1.00000000000000000000000000000000000000000000000e+00
93 93 1.00000000000000000000000000000000000000000000000e+00
94 94 1.00000000000000000000000000000000000000000000000e+00
95 95 1.00000000000000000000000000000000000000000000000e+00
96 96 1.00000000000000000000000000000000000000000000000e+00
97 97 1.00000000000000000000000000000000000000000000000e+00
98 98 1.00000000000000000000000000000000000000000000000e+00
99 99 1.00000000000000000000000000000000000000000000000e+00
100 100 1.00000000000000000000000000000000000000000000000e+00
101 101 1.00000000000000000000000000000000000000000000000e+00
102 102 1.00000000000000000000000000000000000000000000000e+00
103 103 1.00000000000000000000000000000000000000000000000e+00
104 104 1.00000000000000000000000000000000000000000000000e+00
105 105 1.00000000000000000000000000000000000000000000000e+00
106 106 1.00000000000000000000000000000000000000000000000e+00
107 107 1.00000000000000000000000000000000000000000000000e+00
108 108 1.00000000000000000000000000000000000000000000000e+00
109 109 1.00000000000000000000000000000000000000000000000e+00
110 110 1.00000000000000000000000000000000000000000000000e+00
111 111 1.00000000000000000000000000000000000000000000000e+00
112 112 1.00000000000000000000000000000000000000000000000e+00
113 113 1.00000000000000000000000000000000000000000000000e+00
114 114 1.00000000000000000000000000000000000000000000000e+00
115 115 1.00000000000000000000000000000000000000000000000e+00
116 116 1.00000000000000000000000000000000000000000000000e+00
117 117 1.00000000000000000000000000000000000000000000000e+00
118 118 1.00000000000000000000000000000000000000000000000e+00
119 119 1.00000000000000000000000000000000000000000000000e+00
120 120 1.00000000000000000000000000000000000000000000000e+00
121 121 1.00000000000000000000000000000000000000000000000e+00
122 122 1.00000000000000000000000000000000000000000000000e+00
123 123 1.00000000000000000000000000000000000000000000000e+00
124 124 1.00000000000000000000000000000000000000000000000e+00
125 125 1.00000000000000000000000000000000000000000000000e+00
126 126 1.00000000000000000000000000000000000000000000000e+00
127 127 1.00000000000000000000000000000000000000000000000e+00
128 128 1.00000000000000000000000000000000000000000000000e+00
129 129 1.00000000000000000000000000000000000000000000000e+00
130 130 1.00000000000000000000000000000000000000000000000e+00
131 131 1.00000000000000000000000000000000000000000000000e+00
132 132 1.00000000000000000000000000000000000000000000000e+00
133 133 1.00000000000000000000000000000000000000000000000e+00
134 134 1.00000000000000000000000000000000000000000000000e+00
135 135 1.00000000000000000000000000000000000000000000000e+00
136 136 1.00000000000000000000000000000000000000000000000e+00
137 137 1.00000000000000000000000000000000000000000000000e+00
138 138 1.00000000000000000000000000000000000000000000000e+00
139 139 1.00000000000000000000000000000000000000000000000e+00
140 140 1.00000000000000000000000000000000000000000000000e+00
141 141 1.00000000000000000000000000000000000000000000000e+00
142 142 1.00000000000000000000000000000000000000000000000e+00
143 143 1.00000000000000000000000000000000000000000000000e+00
144 144 1.00000000000000000000000000000000000000000000000e+00
145 145 1.00000000000000000000000000000000000000000000000e+00
146 146 1.00000000000000000000000000000000000000000000000e+00
147 147 1.00000000000000000000000000000000000000000000000e+00
148 148 1.00000000000000000000000000000000000000000000000e+00
149 149 1.00000000000000000000000000000000000000000000000e+00
150 150 1.00000000000000000000000000000000000000000000000e+00
151 151 1.00000000000000000000000000000000000000000000000e+00
152 152 1.00000000000000000000000000000000000000000000000e+00
153 153 1.00000000000000000000000000000000000000000000000e+00
154 154 1.00000000000000000000000000000000000000000000000e+00
155 155 1.00000000000000000000000000000000000000000000000e+00
156 156 1.00000000000000000000000000000000000000000000000e+00
157 157 1.00000000000000000000000000000000000000000000000e+00
158 158 1.00000000000000000000000000000000000000000000000e+00
159 159 1.00000000000000000000000000000000000000000000000e+00
160 160 1.00000000000000000000000000000000000000000000000e+00
161 161 1.00000000000000000000000000000000000000000000000e+00
162 162 1.00000000000000000000000000000000000000000000000e+00
163 163 1.00000000000000000000000000000000000000000000000e+00
164 164 1.00000000000000000000000000000000000000000000000e+00
165 165 1.00000000000000000000000000000000000000000000000e+00
166 166 1.00000000000000000000000000000000000000000000000e+00
167 167 1.00000000000000000000000000000000000000000000000e+00
168 168 1.00000000000000000000000000000000000000000000000e+00
169 169 1.00000000000000000000000000000000000000000000000e+00
170 170 1.00000000000000000000000000000000000000000000000e+00
171 171 1.00000000000000000000000000000000000000000000000e+00
172 172 1.00000000000000000000000000000000000000000000000e+00
173 173 1.00000000000000000000000000000000000000000000000e+00
174 174 1.00000000000000000000000000000000000000000000000e+00
175 175 1.00000000000000000000000000000000000000000000000e+00
176 176 1.00000000000000000000000000000000000000000000000e+00
177 177 1.00000000000000000000000000000000000000000000000e+00
178 178 1.00000000000000000000000000000000000000000000000e+00
179 179 1.00000000000000000000000000000000000000000000000e+00
180 180 1.00000000000000000000000000000000000000000000000e+00
181 181 3.00000000000000000000000000000000000000000000000e+00
182 182 3.00000000000000000000000000000000000000000000000e+00
183 183 3.00000000000000000000000000000000000000000000000e+00
184 184 3.00000000000000000000000000000000000000000000000e+00
185 185 3.00000000000000000000000000000000000000000000000e+00
186 186 3.00000000000000000000000000000000000000000000000e+00
187 187 3.00000000000000000000000000000000000000000000000e+00
188 188 3.00000000000000000000000000000000000000000000000e+00
189 189 3.00000000000000000000000000000000000000000000000e+00
190 190 3.00000000000000000000000000000000000000000000000e+00
191 191 3.00000000000000000000000000000000000000000000000e+00
192 192 3.00000000000000000000000000000000000000000000000e+00
193 193 3.00000000000000000000000000000000000000000000000e+00
194 194 3.00000000000000000000000000000000000000000000000e+00
195 195 3.00000000000000000000000000000000000000000000000e+00
196 196 3.00000000000000000000000000000000000000000000000e+00
197 197 3.00000000000000000000000000000000000000000000000e+00
198 198 3.00000000000000000000000000000000000000000000000e+00
199 199 3.00000000000000000000000000000000000000000000000e+00
200 200 3.00000000000000000000000000000000000000000000000e+00
201 201 3.00000000000000000000000000000000000000000000000e+00
202 202 3.00000000000000000000000000000000000000000000000e+00
203 203 3.00000000000000000000000000000000000000000000000e+00
204 204 3.00000000000000000000000000000000000000000000000e+00
205 205 3.00000000000000000000000000000000000000000000000e+00
206 206 3.00000000000000000000000000000000000000000000000e+00
207 207 3.00000000000000000000000000000000000000000000000e+00
208 208 3.00000000000000000000000000000000000000000000000e+00
209 209 3.00000000000000000000000000000000000000000000000e+00
210 210 3.00000000000000000000000000000000000000000000000e+00
211 211 3.00000000000000000000000000000000000000000000000e+00
212 212 3.00000000000000000000000000000000000000000000000e+00
213 213 3.00000000000000000000000000000000000000000000000e+00
214 214 3.00000000000000000000000000000000000000000000000e+00
215 215 3.00000000000000000000000000000000000000000000000e+00
216 216 3.00000000000000000000000000000000000000000000000e+00
217 217 3.00000000000000000000000000000000000000000000000e+00
218 218 3.00000000000000000000000000000000000000000000000e+00
219 219 3.00000000000000000000000000000000000000000000000e+00
220 220 3.00000000000000000000000000000000000000000000000e+00
221 221 3.00000000000000000000000000000000000000000000000e+00
222 222 3.00000000000000000000000000000000000000000000000e+00
223 223 3.00000000000000000000000000000000000000000000000e+00
224 224 3.00000000000000000000000000000000000000000000000e+00
225 225 3.00000000000000000000000000000000000000000000000e+00
226 226 3.00000000000000000000000000000000000000000000000e+00
227 227 3.00000000000000000000000000000000000000000000000e+00
228 228 3.00000000000000000000000000000000000000000000000e+00
229 229 3.00000000000000000000000000000000000000000000000e+00
230 230 3.00000000000000000000000000000000000000000000000e+00
231 231 3.00000000000000000000000000000000000000000000000e+00
232 232 3.00000000000000000000000000000000000000000000000e+00
233 233 3.00000000000000000000000000000000000000000000000e+00
234 234 3.00000000000000000000000000000000000000000000000e+00
235 235 3.00000000000000000000000000000000000000000000000e+00
236 236 3.00000000000000000000000000000000000000000000000e+00
237 237 3.00000000000000000000000000000000000000000000000e+00
238 238 3.00000000000000000000000000000000000000000000000e+00
239 239 3.00000000000000000000000000000000000000000000000e+00
240 240 3.00000000000000000000000000000000000000000000000e+00
241 241 3.00000000000000000000000000000000000000000000000e+00
242 242 3.00000000000000000000000000000000000000000000000e+00
243 243 3.00000000000000000000000000000000000000000000000e+00
244 244 3.00000000000000000000000000000000000000000000000e+00
245 245 3.00000000000000000000000000000000000000000000000e+00
246 246 3.00000000000000000000000000000000000000000000000e+00
247 247 3.00000000000000000000000000000000000000000000000e+00
248 248 3.00000000000000000000000000000000000000000000000e+00
249 249 3.00000000000000000000000000000000000000000000000e+00
250 250 3.00000000000000000000000000000000000000000000000e+00
251 251 3.00000000000000000000000000000000000000000000000e+00
252 252 3.00000000000000000000000000000000000000000000000e+00
253 253 3.00000000000000000000000000000000000000000000000e+00
254 254 3.00000000000000000000000000000000000000000000000e+00
255 255 3.00000000000000000000000000000000000000000000000e+00
256 256 3.00000000000000000000000000000000000000000000000e+00
257 257 3.00000000000000000000000000000000000000000000000e+00
258 258 3.00000000000000000000000000000000000000000000000e+00
259 259 3.00000000000000000000000000000000000000000000000e+00
260 260 3.00000000000000000000000000000000000000000000000e+00
261 261 3.00000000000000000000000000000000000000000000000e+00
262 262 3.00000000000000000000000000000000000000000000000e+00
263 263 3.00000000000000000000000000000000000000000000000e+00
264 264 3.00000000000000000000000000000000000000000000000e+00
265 265 3.00000000000000000000000000000000000000000000000e+00
266 266 3.00000000000000000000000000000000000000000000000e+00
267 267 3.00000000000000000000000000000000000000000000000e+00
268 268 3.00000000000000000000000000000000000000000000000e+00
269 269 3.00000000000000000000000000000000000000000000000e+00
270 270 3.00000000000000000000000000000000000000000000000e+00
271 271 3.00000000000000000000000000000000000000000000000e+00
272 272 3.00000000000000000000000000000000000000000000000e+00
273 273 3.00000000000000000000000000000000000000000000000e+00
274 274 3.00000000000000000000000000000000000000000000000e+00
275 275 3.00000000000000000000000000000000000000000000000e+00
276 276 3.00000000000000000000000000000000000000000000000e+00
277 277 3.00000000000000000000000000000000000000000000000e+00
278 278 3.00000000000000000000000000000000000000000000000e+00
279 279 3.00000000000000000000000000000000000000000000000e+00
280 280 3.00000000000000000000000000000000000000000000000e+00
281 281 3.00000000000000000000000000000000000000000000000e+00
282 282 3.00000000000000000000000000000000000000000000000e+00
283 283 3.00000000000000000000000000000000000000000000000e+00
284 284 3.00000000000000000000000000000000000000000000000e+00
285 285 3.00000000000000000000000000000000000000000000000e+00
286 286 3.00000000000000000000000000000000000000000000000e+00
287 287 3.00000000000000000000000000000000000000000000000e+00
288 288 3.00000000000000000000000000000000000000000000000e+00
289 289 3.00000000000000000000000000000000000000000000000e+00
290 290 3.00000000000000000000000000000000000000000000000e+00
291 291 3.00000000000000000000000000000000000000000000000e+00
292 292 3.00000000000000000000000000000000000000000000000e+00
293 293 3.00000000000000000000000000000000000000000000000e+00
294 294 3.00000000000000000000000000000000000000000000000e+00
295 295 3.00000000000000000000000000000000000000000000000e+00
296 296 3.00000000000000000000000000000000000000000000000e+00
297 297 3.00000000000000000000000000000000000000000000000e+00
298 298 3.00000000000000000000000000000000000000000000000e+00
299 299 3.00000000000000000000000000000000000000000000000e+00
300 300 3.00000000000000000000000000000000000000000000000e+00
301 301 3.00000000000000000000000000000000000000000000000e+00
302 302 3.00000000000000000000000000000000000000000000000e+00
303 303 3.00000000000000000000000000000000000000000000000e+00
304 304 3.00000000000000000000000000000000000000000000000e+00
305 305 3.00000000000000000000000000000000000000000000000e+00
306 306 3.00000000000000000000000000000000000000000000000e+00
307 307 3.00000000000000000000000000000000000000000000000e+00
308 308 3.00000000000000000000000000000000000000000000000e+00
309 309 3.00000000000000000000000000000000000000000000000e+00
310 310 3.00000000000000000000000000000000000000000000000e+00
311 311 3.00000000000000000000000000000000000000000000000e+00
312 312 3.00000000000000000000000000000000000000000000000e+00
313 313 3.00000000000000000000000000000000000000000000000e+00
314 314 3.00000000000000000000000000000000000000000000000e+00
315 315 3.00000000000000000000000000000000000000000000000e+00
316 316 3.00000000000000000000000000000000000000000000000e+00
317 317 3.00000000000000000000000000000000000000000000000e+00
318 318 3.00000000000000000000000000000000000000000000000e+00
319 319 3.00000000000000000000000000000000000000000000000e+00
320 320 3.00000000000000000000000000000000000000000000000e+00
321 321 3.00000000000000000000000000000000000000000000000e+00
322 322 3.00000000000000000000000000000000000000000000000e+00
323 323 3.00000000000000000000000000000000000000000000000e+00
324 324 3.00000000000000000000000000000000000000000000000e+00
325 325 3.00000000000000000000000000000000000000000000000e+00
326 326 3.00000000000000000000000000000000000000000000000e+00
327 327 3.00000000000000000000000000000000000000000000000e+00
328 328 3.00000000000000000000000000000000000000000000000e+00
329 329 3.00000000000000000000000000000000000000000000000e+00
330 330 3.00000000000000000000000000000000000000000000000e+00
331 331 3.00000000000000000000000000000000000000000000000e+00
332 332 3.00000000000000000000000000000000000000000000000e+00
333 333 3.00000000000000000000000000000000000000000000000e+00
334 334 3.00000000000000000000000000000000000000000000000e+00
335 335 3.00000000000000000000000000000000000000000000000e+00
336 336 3.00000000000000000000000000000000000000000000000e+00
337 337 3.00000000000000000000000000000000000000000000000e+00
338 338 3.00000000000000000000000000000000000000000000000e+00
339 339 3.00000000000000000000000000000000000000000000000e+00
340 340 3.00000000000000000000000000000000000000000000000e+00
341 341 3.00000000000000000000000000000000000000000000000e+00
342 342 3.00000000000000000000000000000000000000000000000e+00
343 343 3.00000000000000000000000000000000000000000000000e+00
344 344 3.00000000000000000000000000000000000000000000000e+00
345 345 3.00000000000000000000000000000000000000000000000e+00
346 346 3.00000000000000000000000000000000000000000000000e+00
347 347 3.00000000000000000000000000000000000000000000000e+00
348 348 3.00000000000000000000000000000000000000000000000e+00
349 349 3.00000000000000000000000000000000000000000000000e+00
350 350 3.00000000000000000000000000000000000000000000000e+00
351 351 3.00000000000000000000000000000000000000000000000e+00
352 352 3.00000000000000000000000000000000000000000000000e+00
353 353 3.00000000000000000000000000000000000000000000000e+00
354 354 3.00000000000000000000000000000000000000000000000e+00
355 355 3.00000000000000000000000000000000000000000000000e+00
356 356 3.00000000000000000000000000000000000000000000000e+00
357 357 3.00000000000000000000000000000000000000000000000e+00
358 358 3.00000000000000000000000000000000000000000000000e+00
359 359 3.00000000000000000000000000000000000000000000000e+00
360 360 3.00000000000000000000000000000000000000000000000e+00
361 361 3.00000000000000000000000000000000000000000000000e+00
362 362 3.00000000000000000000000000000000000000000000000e+00
363 363 3.00000000000000000000000000000000000000000000000e+00
364 364 3.00000000000000000000000000000000000000000000000e+00
365 365 3.00000000000000000000000000000000000000000000000e+00
366 366 3.00000000000000000000000000000000000000000000000e+00
367 367 3.00000000000000000000000000000000000000000000000e+00
368 368 3.00000000000000000000000000000000000000000000000e+00
369 369 3.00000000000000000000000000000000000000000000000e+00
370 370 3.00000000000000000000000000000000000000000000000e+00
371 371 3.00000000000000000000000000000000000000000000000e+00
372 372 3.00000000000000000000000000000000000000000000000e+00
373 373 3.00000000000000000000000000000000000000000000000e+00
374 374 3.00000000000000000000000000000000000000000000000e+00
375 375 3.00000000000000000000000000000000000000000000000e+00
376 376 3.00000000000000000000000000000000000000000000000e+00
377 377 3.00000000000000000000000000000000000000000000000e+00
378 378 3.00000000000000000000000000000000000000000000000e+00
379 379 6.00000000000000000000000000000000000000000000000e+00
380 380 6.00000000000000000000000000000000000000000000000e+00
381 381 6.00000000000000000000000000000000000000000000000e+00
382 382 6.00000000000000000000000000000000000000000000000e+00
383 383 6.00000000000000000000000000000000000000000000000e+00
384 384 6.00000000000000000000000000000000000000000000000e+00
385 385 6.00000000000000000000000000000000000000000000000e+00
386 386 6.00000000000000000000000000000000000000000000000e+00
387 387 6.00000000000000000000000000000000000000000000000e+00
388 388 6.00000000000000000000000000000000000000000000000e+00
389 389 6.00000000000000000000000000000000000000000000000e+00
390 390 6.00000000000000000000000000000000000000000000000e+00
391 391 6.00000000000000000000000000000000000000000000000e+00
392 392 6.00000000000000000000000000000000000000000000000e+00
393 393 6.00000000000000000000000000000000000000000000000e+00
394 394 6.00000000000000000000000000000000000000000000000e+00
395 395 6.00000000000000000000000000000000000000000000000e+00
396 396 6.00000000000000000000000000000000000000000000000e+00
397 397 6.00000000000000000000000000000000000000000000000e+00
398 398 6.00000000000000000000000000000000000000000000000e+00
399 399 6.00000000000000000000000000000000000000000000000e+00
400 400 6.00000000000000000000000000000000000000000000000e+00
401 401 6.00000000000000000000000000000000000000000000000e+00
402 402 6.00000000000000000000000000000000000000000000000e+00
403 403 6.00000000000000000000000000000000000000000000000e+00
404 404 6.00000000000000000000000000000000000000000000000e+00
405 405 6.00000000000000000000000000000000000000000000000e+00
406 406 6.00000000000000000000000000000000000000000000000e+00
407 407 6.00000000000000000000000000000000000000000000000e+00
408 408 6.00000000000000000000000000000000000000000000000e+00
409 409 6.00000000000000000000000000000000000000000000000e+00
410 410 6.00000000000000000000000000000000000000000000000e+00
411 411 6.00000000000000000000000000000000000000000000000e+00
412 412 6.00000000000000000000000000000000000000000000000e+00
413 413 6.00000000000000000000000000000000000000000000000e+00
414 414 6.00000000000000000000000000000000000000000000000e+00
415 415 6.00000000000000000000000000000000000000000000000e+00
416 416 6.00000000000000000000000000000000000000000000000e+00
417 417 6.00000000000000000000000000000000000000000000000e+00
418 418 6.00000000000000000000000000000000000000000000000e+00
419 419 6.00000000000000000000000000000000000000000000000e+00
420 420 6.00000000000000000000000000000000000000000000000e+00
421 421 6.00000000000000000000000000000000000000000000000e+00
422 422 6.00000000000000000000000000000000000000000000000e+00
423 423 6.00000000000000000000000000000000000000000000000e+00
424 424 6.00000000000000000000000000000000000000000000000e+00
425 425 6.00000000000000000000000000000000000000000000000e+00
426 426 6.00000000000000000000000000000000000000000000000e+00
427 427 6.00000000000000000000000000000000000000000000000e+00
428 428 6.00000000000000000000000000000000000000000000000e+00
429 429 6.00000000000000000000000000000000000000000000000e+00
430 430 6.00000000000000000000000000000000000000000000000e+00
431 431 6.00000000000000000000000000000000000000000000000e+00
432 432 6.00000000000000000000000000000000000000000000000e+00
433 433 6.00000000000000000000000000000000000000000000000e+00
434 434 6.00000000000000000000000000000000000000000000000e+00
435 435 6.00000000000000000000000000000000000000000000000e+00
436 436 6.00000000000000000000000000000000000000000000000e+00
437 437 6.00000000000000000000000000000000000000000000000e+00
438 438 6.00000000000000000000000000000000000000000000000e+00
439 439 6.00000000000000000000000000000000000000000000000e+00
440 440 6.00000000000000000000000000000000000000000000000e+00
441 441 6.00000000000000000000000000000000000000000000000e+00
442 442 6.00000000000000000000000000000000000000000000000e+00
443 443 6.00000000000000000000000000000000000000000000000e+00
444 444 6.00000000000000000000000000000000000000000000000e+00
445 445 6.00000000000000000000000000000000000000000000000e+00
446 446 6.00000000000000000000000000000000000000000000000e+00
447 447 6.00000000000000000000000000000000000000000000000e+00
448 448 6.00000000000000000000000000000000000000000000000e+00
449 449 6.00000000000000000000000000000000000000000000000e+00
450 450 6.00000000000000000000000000000000000000000000000e+00
451 451 6.00000000000000000000000000000000000000000000000e+00
452 452 6.00000000000000000000000000000000000000000000000e+00
453 453 6.00000000000000000000000000000000000000000000000e+00
454 454 6.00000000000000000000000000000000000000000000000e+00
455 455 6.00000000000000000000000000000000000000000000000e+00
456 456 6.00000000000000000000000000000000000000000000000e+00
457 457 6.00000000000000000000000000000000000000000000000e+00
458 458 6.00000000000000000000000000000000000000000000000e+00
459 459 6.00000000000000000000000000000000000000000000000e+00
460 460 6.00000000000000000000000000000000000000000000000e+00
461 461 6.00000000000000000000000000000000000000000000000e+00
462 462 6.00000000000000000000000000000000000000000000000e+00
463 463 6.00000000000000000000000000000000000000000000000e+00
464 464 6.00000000000000000000000000000000000000000000000e+00
465 465 6.00000000000000000000000000000000000000000000000e+00
466 466 6.00000000000000000000000000000000000000000000000e+00
467 467 6.00000000000000000000000000000000000000000000000e+00
468 468 6.00000000000000000000000000000000000000000000000e+00
469 469 6.00000000000000000000000000000000000000000000000e+00
470 470 6.00000000000000000000000000000000000000000000000e+00
471 471 6.00000000000000000000000000000000000000000000000e+00
472 472 6.00000000000000000000000000000000000000000000000e+00
473 473 6.00000000000000000000000000000000000000000000000e+00
474 474 6.00000000000000000000000000000000000000000000000e+00
475 475 6.00000000000000000000000000000000000000000000000e+00
476 476 6.00000000000000000000000000000000000000000000000e+00
477 477 6.00000000000000000000000000000000000000000000000e+00
478 478 6.00000000000000000000000000000000000000000000000e+00
479 479 6.00000000000000000000000000000000000000000000000e+00
480 480 6.00000000000000000000000000000000000000000000000e+00
481 481 6.00000000000000000000000000000000000000000000000e+00
482 482 6.00000000000000000000000000000000000000000000000e+00
483 483 6.00000000000000000000000000000000000000000000000e+00
484 484 6.00000000000000000000000000000000000000000000000e+00
485 485 6.00000000000000000000000000000000000000000000000e+00
486 486 6.00000000000000000000000000000000000000000000000e+00
487 487 6.00000000000000000000000000000000000000000000000e+00
488 488 6.00000000000000000000000000000000000000000000000e+00
489 489 6.00000000000000000000000000000000000000000000000e+00
490 490 6.00000000000000000000000000000000000000000000000e+00
491 491 6.00000000000000000000000000000000000000000000000e+00
492 492 6.00000000000000000000000000000000000000000000000e+00
493 493 6.00000000000000000000000000000000000000000000000e+00
494 494 6.00000000000000000000000000000000000000000000000e+00
495 495 6.00000000000000000000000000000000000000000000000e+00
496 496 6.00000000000000000000000000000000000000000000000e+00
497 497 6.00000000000000000000000000000000000000000000000e+00
498 498 6.00000000000000000000000000000000000000000000000e+00
499 499 6.00000000000000000000000000000000000000000000000e+00
500 500 6.00000000000000000000000000000000000000000000000e+00
501 501 6.00000000000000000000000000000000000000000000000e+00
502 502 6.00000000000000000000000000000000000000000000000e+00
503 503 6.00000000000000000000000000000000000000000000000e+00
504 504 6.00000000000000000000000000000000000000000000000e+00
505 505 6.00000000000000000000000000000000000000000000000e+00
506 506 6.00000000000000000000000000000000000000000000000e+00
507 507 6.00000000000000000000000000000000000000000000000e+00
508 508 6.00000000000000000000000000000000000000000000000e+00
509 509 6.00000000000000000000000000000000000000000000000e+00
510 510 6.00000000000000000000000000000000000000000000000e+00
511 511 6.00000000000000000000000000000000000000000000000e+00
512 512 6.00000000000000000000000000000000000000000000000e+00
513 513 6.00000000000000000000000000000000000000000000000e+00
514 514 6.00000000000000000000000000000000000000000000000e+00
515 515 6.00000000000000000000000000000000000000000000000e+00
516 516 6.00000000000000000000000000000000000000000000000e+00
517 517 6.00000000000000000000000000000000000000000000000e+00
518 518 6.00000000000000000000000000000000000000000000000e+00
519 519 6.00000000000000000000000000000000000000000000000e+00
520 520 6.00000000000000000000000000000000000000000000000e+00
521 521 6.00000000000000000000000000000000000000000000000e+00
522 522 6.00000000000000000000000000000000000000000000000e+00
523 523 6.00000000000000000000000000000000000000000000000e+00
524 524 6.00000000000000000000000000000000000000000000000e+00
525 525 6.00000000000000000000000000000000000000000000000e+00
526 526 6.00000000000000000000000000000000000000000000000e+00
527 527 6.00000000000000000000000000000000000000000000000e+00
528 528 6.00000000000000000000000000000000000000000000000e+00
529 529 6.00000000000000000000000000000000000000000000000e+00
530 530 6.00000000000000000000000000000000000000000000000e+00
531 531 6.00000000000000000000000000000000000000000000000e+00
532 532 6.00000000000000000000000000000000000000000000000e+00
533 533 6.00000000000000000000000000000000000000000000000e+00
534 534 6.00000000000000000000000000000000000000000000000e+00
535 535 6.00000000000000000000000000000000000000000000000e+00
536 536 6.00000000000000000000000000000000000000000000000e+00
537 537 6.00000000000000000000000000000000000000000000000e+00
538 538 6.00000000000000000000000000000000000000000000000e+00
539 539 6.00000000000000000000000000000000000000000000000e+00
540 540 6.00000000000000000000000000000000000000000000000e+00
541 541 6.00000000000000000000000000000000000000000000000e+00
542 542 6.00000000000000000000000000000000000000000000000e+00
543 543 6.00000000000000000000000000000000000000000000000e+00
544 544 6.00000000000000000000000000000000000000000000000e+00
545 545 6.00000000000000000000000000000000000000000000000e+00
546 546 6.00000000000000000000000000000000000000000000000e+00
547 547 6.00000000000000000000000000000000000000000000000e+00
548 548 6.00000000000000000000000000000000000000000000000e+00
549 549 6.00000000000000000000000000000000000000000000000e+00
550 550 6.00000000000000000000000000000000000000000000000e+00
551 551 6.00000000000000000000000000000000000000000000000e+00
552 552 6.00000000000000000000000000000000000000000000000e+00
553 553 6.00000000000000000000000000000000000000000000000e+00
554 554 6.00000000000000000000000000000000000000000000000e+00
555 555 6.00000000000000000000000000000000000000000000000e+00
556 556 6.00000000000000000000000000000000000000000000000e+00
557 557 6.00000000000000000000000000000000000000000000000e+00
558 558 6.00000000000000000000000000000000000000000000000e+00
559 559 6.00000000000000000000000000000000000000000000000e+00
560 560 6.00000000000000000000000000000000000000000000000e+00
561 561 6.00000000000000000000000000000000000000000000000e+00
562 562 6.00000000000000000000000000000000000000000000000e+00
563 563 6.00000000000000000000000000000000000000000000000e+00
564 564 6.00000000000000000000000000000000000000000000000e+00
565 565 6.00000000000000000000000000000000000000000000000e+00
566 566 6.00000000000000000000000000000000000000000000000e+00
567 567 6.00000000000000000000000000000000000000000000000e+00
568 568 6.00000000000000000000000000000000000000000000000e+00
569 569 6.00000000000000000000000000000000000000000000000e+00
570 570 6.00000000000000000000000000000000000000000000000e+00
571 571 6.00000000000000000000000000000000000000000000000e+00
572 572 6.00000000000000000000000000000000000000000000000e+00
573 573 6.00000000000000000000000000000000000000000000000e+00
574 574 6.00000000000000000000000000000000000000000000000e+00
575 575 6.00000000000000000000000000000000000000000000000e+00
576 576 6.00000000000000000000000000000000000000000000000e+00
577 577 6.00000000000000000000000000000000000000000000000e+00
578 578 6.00000000000000000000000000000000000000000000000e+00
579 579 6.00000000000000000000000000000000000000000000000e+00
580 580 6.00000000000000000000000000000000000000000000000e+00
581 581 6.00000000000000000000000000000000000000000000000e+00
582 582 6.00000000000000000000000000000000000000000000000e+00
583 583 6.00000000000000000000000000000000000000000000000e+00
584 584 6.00000000000000000000000000000000000000000000000e+00
585 585 6.00000000000000000000000000000000000000000000000e+00
586 586 6.00000000000000000000000000000000000000000000000e+00
587 587 6.00000000000000000000000000000000000000000000000e+00
588 588 6.00000000000000000000000000000000000000000000000e+00
589 589 6.00000000000000000000000000000000000000000000000e+00
590 590 6.00000000000000000000000000000000000000000000000e+00
591 591 6.00000000000000000000000000000000000000000000000e+00
592 592 6.00000000000000000000000000000000000000000000000e+00
593 593 6.00000000000000000000000000000000000000000000000e+00
594 594 6.00000000000000000000000000000000000000000000000e+00
595 595 6.00000000000000000000000000000000000000000000000e+00
596 596 6.00000000000000000000000000000000000000000000000e+00
597 597 6.00000000000000000000000000000000000000000000000e+00
598 598 6.00000000000000000000000000000000000000000000000e+00
599 599 6.00000000000000000000000000000000000000000000000e+00
600 600 6.00000000000000000000000000000000000000000000000e+00
601 601 6.00000000000000000000000000000000000000000000000e+00
602 602 6.00000000000000000000000000000000000000000000000e+00
603 603 6.00000000000000000000000000000000000000000000000e+00
604 604 6.00000000000000000000000000000000000000000000000e+00
605 605 6.00000000000000000000000000000000000000000000000e+00
606 606 6.00000000000000000000000000000000000000000000000e+00
607 607 6.00000000000000000000000000000000000000000000000e+00
608 608 6.00000000000000000000000000000000000000000000000e+00
609 609 6.00000000000000000000000000000000000000000000000e+00
610 610 6.00000000000000000000000000000000000000000000000e+00
611 611 6.00000000000000000000000000000000000000000000000e+00
612 612 6.00000000000000000000000000000000000000000000000e+00
613 613 6.00000000000000000000000000000000000000000000000e+00
614 614 6.00000000000000000000000000000000000000000000000e+00
615 615 6.00000000000000000000000000000000000000000000000e+00
616 616 6.00000000000000000000000000000000000000000000000e+00
617 617 6.00000000000000000000000000000000000000000000000e+00
618 618 6.00000000000000000000000000000000000000000000000e+00
619 619 6.00000000000000000000000000000000000000000000000e+00
620 620 6.00000000000000000000000000000000000000000000000e+00
621 621 6.00000000000000000000000000000000000000000000000e+00
622 622 6.00000000000000000000000000000000000000000000000e+00
623 623 6.00000000000000000000000000000000000000000000000e+00
624 624 1.00000000000000000000000000000000000000000000000e+01
625 625 1.00000000000000000000000000000000000000000000000e+01
626 626 1.00000000000000000000000000000000000000000000000e+01
627 627 1.00000000000000000000000000000000000000000000000e+01
628 628 1.00000000000000000000000000000000000000000000000e+01
629 629 1.00000000000000000000000000000000000000000000000e+01
630 630 1.00000000000000000000000000000000000000000000000e+01
631 631 1.00000000000000000000000000000000000000000000000e+01
632 632 1.00000000000000000000000000000000000000000000000e+01
633 633 1.00000000000000000000000000000000000000000000000e+01
634 634 1.00000000000000000000000000000000000000000000000e+01
635 635 1.00000000000000000000000000000000000000000000000e+01
636 636 1.00000000000000000000000000000000000000000000000e+01
637 637 1.00000000000000000000000000000000000000000000000e+01
638 638 1.00000000000000000000000000000000000000000000000e+01
639 639 1.00000000000000000000000000000000000000000000000e+01
640 640 1.00000000000000000000000000000000000000000000000e+01
641 641 1.00000000000000000000000000000000000000000000000e+01
642 642 1.00000000000000000000000000000000000000000000000e+01
643 643 1.00000000000000000000000000000000000000000000000e+01
644 644 1.00000000000000000000000000000000000000000000000e+01
645 645 1.00000000000000000000000000000000000000000000000e+01
646 646 1.00000000000000000000000000000000000000000000000e+01
647 647 1.00000000000000000000000000000000000000000000000e+01
648 648 1.00000000000000000000000000000000000000000000000e+01
649 649 1.00000000000000000000000000000000000000000000000e+01
650 650 1.00000000000000000000000000000000000000000000000e+01
651 651 1.00000000000000000000000000000000000000000000000e+01
652 652 1.00000000000000000000000000000000000000000000000e+01
653 653 1.00000000000000000000000000000000000000000000000e+01
654 654 1.00000000000000000000000000000000000000000000000e+01
655 655 1.00000000000000000000000000000000000000000000000e+01
656 656 1.00000000000000000000000000000000000000000000000e+01
657 657 1.00000000000000000000000000000000000000000000000e+01
658 658 1.00000000000000000000000000000000000000000000000e+01
659 659 1.00000000000000000000000000000000000000000000000e+01
660 660 1.00000000000000000000000000000000000000000000000e+01
661 661 1.00000000000000000000000000000000000000000000000e+01
662 662 1.00000000000000000000000000000000000000000000000e+01
663 663 1.00000000000000000000000000000000000000000000000e+01
664 664 1.00000000000000000000000000000000000000000000000e+01
665 665 1.00000000000000000000000000000000000000000000000e+01
666 666 1.00000000000000000000000000000000000000000000000e+01
667 667 1.00000000000000000000000000000000000000000000000e+01
668 668 1.00000000000000000000000000000000000000000000000e+01
669 669 1.00000000000000000000000000000000000000000000000e+01
670 670 1.00000000000000000000000000000000000000000000000e+01
671 671 1.00000000000000000000000000000000000000000000000e+01
672 672 1.00000000000000000000000000000000000000000000000e+01
673 673 1.00000000000000000000000000000000000000000000000e+01
674 674 1.00000000000000000000000000000000000000000000000e+01
675 675 1.00000000000000000000000000000000000000000000000e+01
676 676 1.00000000000000000000000000000000000000000000000e+01
677 677 1.00000000000000000000000000000000000000000000000e+01
678 678 1.00000000000000000000000000000000000000000000000e+01
679 679 1.00000000000000000000000000000000000000000000000e+01
680 680 1.00000000000000000000000000000000000000000000000e+01
681 681 1.00000000000000000000000000000000000000000000000e+01
682 682 1.00000000000000000000000000000000000000000000000e+01
683 683 1.00000000000000000000000000000000000000000000000e+01
684 684 1.00000000000000000000000000000000000000000000000e+01
685 685 1.00000000000000000000000000000000000000000000000e+01
686 686 1.00000000000000000000000000000000000000000000000e+01
687 687 1.00000000000000000000000000000000000000000000000e+01
688 688 1.00000000000000000000000000000000000000000000000e+01
689 689 1.00000000000000000000000000000000000000000000000e+01
690 690 1.00000000000000000000000000000000000000000000000e+01
691 691 1.00000000000000000000000000000000000000000000000e+01
692 692 1.00000000000000000000000000000000000000000000000e+01
693 693 1.00000000000000000000000000000000000000000000000e+01
694 694 1.00000000000000000000000000000000000000000000000e+01
695 695 1.00000000000000000000000000000000000000000000000e+01
696 696 1.00000000000000000000000000000000000000000000000e+01
697 697 1.00000000000000000000000000000000000000000000000e+01
698 698 1.00000000000000000000000000000000000000000000000e+01
699 699 1.00000000000000000000000000000000000000000000000e+01
700 700 1.00000000000000000000000000000000000000000000000e+01
701 701 1.00000000000000000000000000000000000000000000000e+01
702 702 1.00000000000000000000000000000000000000000000000e+01
703 703 1.00000000000000000000000000000000000000000000000e+01
704 704 1.00000000000000000000000000000000000000000000000e+01
705 705 1.00000000000000000000000000000000000000000000000e+01
706 706 1.00000000000000000000000000000000000000000000000e+01
707 707 1.00000000000000000000000000000000000000000000000e+01
708 708 1.00000000000000000000000000000000000000000000000e+01
709 709 1.00000000000000000000000000000000000000000000000e+01
710 710 1.00000000000000000000000000000000000000000000000e+01
711 711 1.00000000000000000000000000000000000000000000000e+01
712 712 1.00000000000000000000000000000000000000000000000e+01
713 713 1.00000000000000000000000000000000000000000000000e+01
714 714 1.00000000000000000000000000000000000000000000000e+01
715 715 1.00000000000000000000000000000000000000000000000e+01
716 716 1.00000000000000000000000000000000000000000000000e+01
717 717 1.00000000000000000000000000000000000000000000000e+01
718 718 1.00000000000000000000000000000000000000000000000e+01
719 719 1.00000000000000000000000000000000000000000000000e+01
720 720 1.00000000000000000000000000000000000000000000000e+01
721 721 1.00000000000000000000000000000000000000000000000e+01
722 722 1.00000000000000000000000000000000000000000000000e+01
723 723 1.00000000000000000000000000000000000000000000000e+01
724 724 1.00000000000000000000000000000000000000000000000e+01
725 725 1.00000000000000000000000000000000000000000000000e+01
726 726 1.00000000000000000000000000000000000000000000000e+01
727 727 1.00000000000000000000000000000000000000000000000e+01
728 728 1.00000000000000000000000000000000000000000000000e+01
729 729 1.00000000000000000000000000000000000000000000000e+01
730 730 1.00000000000000000000000000000000000000000000000e+01
731 731 1.00000000000000000000000000000000000000000000000e+01
732 732 1.00000000000000000000000000000000000000000000000e+01
733 733 1.00000000000000000000000000000000000000000000000e+01
734 734 1.00000000000000000000000000000000000000000000000e+01
735 735 1.00000000000000000000000000000000000000000000000e+01
736 736 1.00000000000000000000000000000000000000000000000e+01
737 737 1.00000000000000000000000000000000000000000000000e+01
738 738 1.00000000000000000000000000000000000000000000000e+01
739 739 1.00000000000000000000000000000000000000000000000e+01
740 740 1.00000000000000000000000000000000000000000000000e+01
741 741 1.00000000000000000000000000000000000000000000000e+01
742 742 1.00000000000000000000000000000000000000000000000e+01
743 743 1.00000000000000000000000000000000000000000000000e+01
744 744 1.00000000000000000000000000000000000000000000000e+01
745 745 1.00000000000000000000000000000000000000000000000e+01
746 746 1.00000000000000000000000000000000000000000000000e+01
747 747 1.00000000000000000000000000000000000000000000000e+01
748 748 1.00000000000000000000000000000000000000000000000e+01
749 749 1.00000000000000000000000000000000000000000000000e+01
750 750 1.00000000000000000000000000000000000000000000000e+01
751 751 1.00000000000000000000000000000000000000000000000e+01
752 752 1.00000000000000000000000000000000000000000000000e+01
753 753 1.00000000000000000000000000000000000000000000000e+01
754 754 1.00000000000000000000000000000000000000000000000e+01
755 755 1.00000000000000000000000000000000000000000000000e+01
756 756 1.00000000000000000000000000000000000000000000000e+01
757 757 1.00000000000000000000000000000000000000000000000e+01
758 758 1.00000000000000000000000000000000000000000000000e+01
759 759 1.00000000000000000000000000000000000000000000000e+01
760 760 1.00000000000000000000000000000000000000000000000e+01
761 761 1.00000000000000000000000000000000000000000000000e+01
762 762 1.00000000000000000000000000000000000000000000000e+01
763 763 1.00000000000000000000000000000000000000000000000e+01
764 764 1.00000000000000000000000000000000000000000000000e+01
765 765 1.00000000000000000000000000000000000000000000000e+01
766 766 1.00000000000000000000000000000000000000000000000e+01
767 767 1.00000000000000000000000000000000000000000000000e+01
768 768 1.00000000000000000000000000000000000000000000000e+01
769 769 1.00000000000000000000000000000000000000000000000e+01
770 770 1.00000000000000000000000000000000000000000000000e+01
771 771 1.00000000000000000000000000000000000000000000000e+01
772 772 1.00000000000000000000000000000000000000000000000e+01
773 773 1.00000000000000000000000000000000000000000000000e+01
774 774 1.00000000000000000000000000000000000000000000000e+01
775 775 1.00000000000000000000000000000000000000000000000e+01
776 776 1.00000000000000000000000000000000000000000000000e+01
777 777 1.00000000000000000000000000000000000000000000000e+01
778 778 1.00000000000000000000000000000000000000000000000e+01
779 779 1.00000000000000000000000000000000000000000000000e+01
780 780 1.00000000000000000000000000000000000000000000000e+01
781 781 1.00000000000000000000000000000000000000000000000e+01
782 782 1.00000000000000000000000000000000000000000000000e+01
783 783 1.00000000000000000000000000000000000000000000000e+01
784 784 1.00000000000000000000000000000000000000000000000e+01
785 785 1.00000000000000000000000000000000000000000000000e+01
786 786 1.00000000000000000000000000000000000000000000000e+01
787 787 1.00000000000000000000000000000000000000000000000e+01
788 788 1.00000000000000000000000000000000000000000000000e+01
789 789 1.00000000000000000000000000000000000000000000000e+01
790 790 1.00000000000000000000000000000000000000000000000e+01
791 791 1.00000000000000000000000000000000000000000000000e+01
792 792 1.00000000000000000000000000000000000000000000000e+01
793 793 1.00000000000000000000000000000000000000000000000e+01
794 794 1.00000000000000000000000000000000000000000000000e+01
795 795 1.00000000000000000000000000000000000000000000000e+01
796 796 1.00000000000000000000000000000000000000000000000e+01
797 797 1.00000000000000000000000000000000000000000000000e+01
798 798 1.00000000000000000000000000000000000000000000000e+01
799 799 1.00000000000000000000000000000000000000000000000e+01
800 800 1.00000000000000000000000000000000000000000000000e+01
801 801 1.00000000000000000000000000000000000000000000000e+01
802 802 1.00000000000000000000000000000000000000000000000e+01
803 803 1.00000000000000000000000000000000000000000000000e+01
804 804 1.00000000000000000000000000000000000000000000000e+01
805 805 1.00000000000000000000000000000000000000000000000e+01
806 806 1.00000000000000000000000000000000000000000000000e+01
807 807 1.00000000000000000000000000000000000000000000000e+01
808 808 1.00000000000000000000000000000000000000000000000e+01
809 809 1.00000000000000000000000000000000000000000000000e+01
810 810 1.00000000000000000000000000000000000000000000000e+01
811 811 1.00000000000000000000000000000000000000000000000e+01
812 812 1.00000000000000000000000000000000000000000000000e+01
813 813 1.00000000000000000000000000000000000000000000000e+01
814 814 1.00000000000000000000000000000000000000000000000e+01
815 815 1.00000000000000000000000000000000000000000000000e+01
816 816 1.00000000000000000000000000000000000000000000000e+01
817 817 1.00000000000000000000000000000000000000000000000e+01
818 818 1.00000000000000000000000000000000000000000000000e+01
819 819 1.00000000000000000000000000000000000000000000000e+01
820 820 1.00000000000000000000000000000000000000000000000e+01
821 821 1.00000000000000000000000000000000000000000000000e+01
822 822 1.00000000000000000000000000000000000000000000000e+01
823 823 1.00000000000000000000000000000000000000000000000e+01
824 824 1.00000000000000000000000000000000000000000000000e+01
825 825 1.00000000000000000000000000000000000000000000000e+01
826 826 1.00000000000000000000000000000000000000000000000e+01
827 827 1.00000000000000000000000000000000000000000000000e+01
828 828 1.00000000000000000000000000000000000000000000000e+01
829 829 1.00000000000000000000000000000000000000000000000e+01
830 830 1.00000000000000000000000000000000000000000000000e+01
831 831 1.00000000000000000000000000000000000000000000000e+01
832 832 1.00000000000000000000000000000000000000000000000e+01
833 833 1.00000000000000000000000000000000000000000000000e+01
834 834 1.00000000000000000000000000000000000000000000000e+01
835 835 1.00000000000000000000000000000000000000000000000e+01
836 836 1.00000000000000000000000000000000000000000000000e+01
837 837 1.00000000000000000000000000000000000000000000000e+01
838 838 1.00000000000000000000000000000000000000000000000e+01
839 839 1.00000000000000000000000000000000000000000000000e+01
840 840 1.00000000000000000000000000000000000000000000000e+01
841 841 1.00000000000000000000000000000000000000000000000e+01
842 842 1.00000000000000000000000000000000000000000000000e+01
843 843 1.00000000000000000000000000000000000000000000000e+01
844 844 1.00000000000000000000000000000000000000000000000e+01
845 845 1.00000000000000000000000000000000000000000000000e+01
846 846 1.00000000000000000000000000000000000000000000000e+01
847 847 1.00000000000000000000000000000000000000000000000e+01
848 848 1.00000000000000000000000000000000000000000000000e+01
849 849 1.00000000000000000000000000000000000000000000000e+01
850 850 1.00000000000000000000000000000000000000000000000e+01
851 851 1.00000000000000000000000000000000000000000000000e+01
852 852 1.00000000000000000000000000000000000000000000000e+01
853 853 1.00000000000000000000000000000000000000000000000e+01
854 854 1.00000000000000000000000000000000000000000000000e+01
855 855 1.00000000000000000000000000000000000000000000000e+01
856 856 1.00000000000000000000000000000000000000000000000e+01
857 857 1.00000000000000000000000000000000000000000000000e+01
858 858 1.00000000000000000000000000000000000000000000000e+01
859 859 1.00000000000000000000000000000000000000000000000e+01
860 860 1.00000000000000000000000000000000000000000000000e+01
861 861 1.00000000000000000000000000000000000000000000000e+01
862 862 1.00000000000000000000000000000000000000000000000e+01
863 863 1.00000000000000000000000000000000000000000000000e+01
864 864 1.00000000000000000000000000000000000000000000000e+01
865 865 1.00000000000000000000000000000000000000000000000e+01
866 866 1.00000000000000000000000000000000000000000000000e+01
867 867 1.00000000000000000000000000000000000000000000000e+01
868 868 1.00000000000000000000000000000000000000000000000e+01
869 869 1.00000000000000000000000000000000000000000000000e+01
870 870 1.00000000000000000000000000000000000000000000000e+01
871 871 1.00000000000000000000000000000000000000000000000e+01
872 872 1.00000000000000000000000000000000000000000000000e+01
873 873 1.00000000000000000000000000000000000000000000000e+01
874 874 1.00000000000000000000000000000000000000000000000e+01
875 875 1.00000000000000000000000000000000000000000000000e+01
876 876 1.00000000000000000000000000000000000000000000000e+01
877 877 1.00000000000000000000000000000000000000000000000e+01
878 878 1.00000000000000000000000000000000000000000000000e+01
879 879 1.00000000000000000000000000000000000000000000000e+01
880 880 1.00000000000000000000000000000000000000000000000e+01
881 881 1.00000000000000000000000000000000000000000000000e+01
882 882 1.00000000000000000000000000000000000000000000000e+01
883 883 1.00000000000000000000000000000000000000000000000e+01
884 884 1.00000000000000000000000000000000000000000000000e+01
885 885 1.00000000000000000000000000000000000000000000000e+01
886 886 1.00000000000000000000000000000000000000000000000e+01
887 887 1.00000000000000000000000000000000000000000000000e+01
888 888 1.00000000000000000000000000000000000000000000000e+01
889 889 1.00000000000000000000000000000000000000000000000e+01
890 890 1.00000000000000000000000000000000000000000000000e+01
891 891 1.00000000000000000000000000000000000000000000000e+01
892 892 1.00000000000000000000000000000000000000000000000e+01
893 893 1.00000000000000000000000000000000000000000000000e+01
894 894 1.00000000000000000000000000000000000000000000000e+01
895 895 1.50000000000000000000000000000000000000000000000e+01
896 896 1.50000000000000000000000000000000000000000000000e+01
897 897 1.50000000000000000000000000000000000000000000000e+01
898 898 1.50000000000000000000000000000000000000000000000e+01
899 899 1.50000000000000000000000000000000000000000000000e+01
900 900 1.50000000000000000000000000000000000000000000000e+01
901 901 1.50000000000000000000000000000000000000000000000e+01
902 902 1.50000000000000000000000000000000000000000000000e+01
903 903 1.50000000000000000000000000000000000000000000000e+01
904 904 1.50000000000000000000000000000000000000000000000e+01
905 905 1.50000000000000000000000000000000000000000000000e+01
906 906 1.50000000000000000000000000000000000000000000000e+01
907 907 1.50000000000000000000000000000000000000000000000e+01
908 908 1.50000000000000000000000000000000000000000000000e+01
909 909 1.50000000000000000000000000000000000000000000000e+01
910 910 1.50000000000000000000000000000000000000000000000e+01
911 911 1.50000000000000000000000000000000000000000000000e+01
912 912 1.50000000000000000000000000000000000000000000000e+01
913 913 1.50000000000000000000000000000000000000000000000e+01
914 914 1.50000000000000000000000000000000000000000000000e+01
915 915 1.50000000000000000000000000000000000000000000000e+01
916 916 1.50000000000000000000000000000000000000000000000e+01
917 917 1.50000000000000000000000000000000000000000000000e+01
918 918 1.50000000000000000000000000000000000000000000000e+01
919 919 1.50000000000000000000000000000000000000000000000e+01
920 920 1.50000000000000000000000000000000000000000000000e+01
921 921 1.50000000000000000000000000000000000000000000000e+01
922 922 1.50000000000000000000000000000000000000000000000e+01
923 923 1.50000000000000000000000000000000000000000000000e+01
924 924 1.50000000000000000000000000000000000000000000000e+01
925 925 1.50000000000000000000000000000000000000000000000e+01
926 926 1.50000000000000000000000000000000000000000000000e+01
927 927 1.50000000000000000000000000000000000000000000000e+01
928 928 1.50000000000000000000000000000000000000000000000e+01
929 929 1.50000000000000000000000000000000000000000000000e+01
930 930 1.50000000000000000000000000000000000000000000000e+01
931 931 1.50000000000000000000000000000000000000000000000e+01
932 932 1.50000000000000000000000000000000000000000000000e+01
933 933 1.50000000000000000000000000000000000000000000000e+01
934 934 1.50000000000000000000000000000000000000000000000e+01
935 935 1.50000000000000000000000000000000000000000000000e+01
936 936 1.50000000000000000000000000000000000000000000000e+01
937 937 1.50000000000000000000000000000000000000000000000e+01
938 938 1.50000000000000000000000000000000000000000000000e+01
939 939 1.50000000000000000000000000000000000000000000000e+01
940 940 1.50000000000000000000000000000000000000000000000e+01
941 941 1.50000000000000000000000000000000000000000000000e+01
942 942 1.50000000000000000000000000000000000000000000000e+01
943 943 1.50000000000000000000000000000000000000000000000e+01
944 944 1.50000000000000000000000000000000000000000000000e+01
945 945 1.50000000000000000000000000000000000000000000000e+01
946 946 1.50000000000000000000000000000000000000000000000e+01
947 947 1.50000000000000000000000000000000000000000000000e+01
948 948 1.50000000000000000000000000000000000000000000000e+01
949 949 1.50000000000000000000000000000000000000000000000e+01
950 950 1.50000000000000000000000000000000000000000000000e+01
951 951 1.50000000000000000000000000000000000000000000000e+01
952 952 1.50000000000000000000000000000000000000000000000e+01
953 953 1.50000000000000000000000000000000000000000000000e+01
954 954 1.50000000000000000000000000000000000000000000000e+01
955 955 1.50000000000000000000000000000000000000000000000e+01
956 956 1.50000000000000000000000000000000000000000000000e+01
957 957 1.50000000000000000000000000000000000000000000000e+01
958 958 1.50000000000000000000000000000000000000000000000e+01
959 959 1.50000000000000000000000000000000000000000000000e+01
960 960 1.50000000000000000000000000000000000000000000000e+01
961 961 1.50000000000000000000000000000000000000000000000e+01
962 962 1.50000000000000000000000000000000000000000000000e+01
963 963 1.50000000000000000000000000000000000000000000000e+01
964 964 1.50000000000000000000000000000000000000000000000e+01
965 965 1.50000000000000000000000000000000000000000000000e+01
966 966 1.50000000000000000000000000000000000000000000000e+01
967 967 1.50000000000000000000000000000000000000000000000e+01
968 968 1.50000000000000000000000000000000000000000000000e+01
969 969 1.50000000000000000000000000000000000000000000000e+01
970 970 1.50000000000000000000000000000000000000000000000e+01
971 971 1.50000000000000000000000000000000000000000000000e+01
972 972 1.50000000000000000000000000000000000000000000000e+01
973 973 1.50000000000000000000000000000000000000000000000e+01
974 974 1.50000000000000000000000000000000000000000000000e+01
975 975 1.50000000000000000000000000000000000000000000000e+01
976 976 1.50000000000000000000000000000000000000000000000e+01
977 977 1.50000000000000000000000000000000000000000000000e+01
978 978 1.50000000000000000000000000000000000000000000000e+01
979 979 1.50000000000000000000000000000000000000000000000e+01
980 980 1.50000000000000000000000000000000000000000000000e+01
981 981 1.50000000000000000000000000000000000000000000000e+01
982 982 1.50000000000000000000000000000000000000000000000e+01
983 983 1.50000000000000000000000000000000000000000000000e+01
984 984 1.50000000000000000000000000000000000000000000000e+01
985 985 1.50000000000000000000000000000000000000000000000e+01
986 986 1.50000000000000000000000000000000000000000000000e+01
987 987 1.50000000000000000000000000000000000000000000000e+01
988 988 1.50000000000000000000000000000000000000000000000e+01
989 989 1.50000000000000000000000000000000000000000000000e+01
990 990 1.50000000000000000000000000000000000000000000000e+01
991 991 1.50000000000000000000000000000000000000000000000e+01
992 992 1.50000000000000000000000000000000000000000000000e+01
993 993 1.50000000000000000000000000000000000000000000000e+01
994 994 1.50000000000000000000000000000000000000000000000e+01
995 995 1.50000000000000000000000000000000000000000000000e+01
996 996 1.50000000000000000000000000000000000000000000000e+01
997 997 1.50000000000000000000000000000000000000000000000e+01
998 998 1.50000000000000000000000000000000000000000000000e+01
999 999 1.50000000000000000000000000000000000000000000000e+01
1000 1000 1.50000000000000000000000000000000000000000000000e+01
1001 1001 1.50000000000000000000000000000000000000000000000e+01
1002 1002 1.50000000000000000000000000000000000000000000000e+01
1003 1003 1.50000000000000000000000000000000000000000000000e+01
1004 1004 1.50000000000000000000000000000000000000000000000e+01
1005 1005 1.50000000000000000000000000000000000000000000000e+01
1006 1006 1.50000000000000000000000000000000000000000000000e+01
1007 1007 1.50000000000000000000000000000000000000000000000e+01
1008 1008 1.50000000000000000000000000000000000000000000000e+01
1009 1009 1.50000000000000000000000000000000000000000000000e+01
1010 1010 1.50000000000000000000000000000000000000000000000e+01
1011 1011 1.50000000000000000000000000000000000000000000000e+01
1012 1012 1.50000000000000000000000000000000000000000000000e+01
1013 1013 1.50000000000000000000000000000000000000000000000e+01
1014 1014 1.50000000000000000000000000000000000000000000000e+01
1015 1015 1.50000000000000000000000000000000000000000000000e+01
1016 1016 1.50000000000000000000000000000000000000000000000e+01
1017 1017 1.50000000000000000000000000000000000000000000000e+01
1018 1018 1.50000000000000000000000000000000000000000000000e+01
1019 1019 1.50000000000000000000000000000000000000000000000e+01
1020 1020 1.50000000000000000000000000000000000000000000000e+01
1021 1021 1.50000000000000000000000000000000000000000000000e+01
1022 1022 1.50000000000000000000000000000000000000000000000e+01
1023 1023 1.50000000000000000000000000000000000000000000000e+01
1024 1024 1.50000000000000000000000000000000000000000000000e+01
1025 1025 1.50000000000000000000000000000000000000000000000e+01
1026 1026 1.50000000000000000000000000000000000000000000000e+01
1027 1027 1.50000000000000000000000000000000000000000000000e+01
1028 1028 1.50000000000000000000000000000000000000000000000e+01
1029 1029 1.50000000000000000000000000000000000000000000000e+01
1030 1030 1.50000000000000000000000000000000000000000000000e+01
1031 1031 1.50000000000000000000000000000000000000000000000e+01
1032 1032 1.50000000000000000000000000000000000000000000000e+01
1033 1033 1.50000000000000000000000000000000000000000000000e+01
1034 1034 1.50000000000000000000000000000000000000000000000e+01
1035 1035 1.50000000000000000000000000000000000000000000000e+01
1036 1036 1.50000000000000000000000000000000000000000000000e+01
1037 1037 1.50000000000000000000000000000000000000000000000e+01
1038 1038 1.50000000000000000000000000000000000000000000000e+01
1039 1039 1.50000000000000000000000000000000000000000000000e+01
1040 1040 1.50000000000000000000000000000000000000000000000e+01
1041 1041 1.50000000000000000000000000000000000000000000000e+01
1042 1042 1.50000000000000000000000000000000000000000000000e+01
1043 1043 1.50000000000000000000000000000000000000000000000e+01
1044 1044 1.50000000000000000000000000000000000000000000000e+01
1045 1045 1.50000000000000000000000000000000000000000000000e+01
1046 1046 1.50000000000000000000000000000000000000000000000e+01
1047 1047 1.50000000000000000000000000000000000000000000000e+01
1048 1048 1.50000000000000000000000000000000000000000000000e+01
1049 1049 1.50000000000000000000000000000000000000000000000e+01
1050 1050 1.50000000000000000000000000000000000000000000000e+01
1051 1051 1.50000000000000000000000000000000000000000000000e+01
1052 1052 1.50000000000000000000000000000000000000000000000e+01
1053 1053 1.50000000000000000000000000000000000000000000000e+01
1054 1054 1.50000000000000000000000000000000000000000000000e+01
1055 1055 1.50000000000000000000000000000000000000000000000e+01
1056 1056 1.50000000000000000000000000000000000000000000000e+01
1057 1057 1.50000000000000000000000000000000000000000000000e+01
1058 1058 1.50000000000000000000000000000000000000000000000e+01
1059 1059 1.50000000000000000000000000000000000000000000000e+01
1060 1060 1.50000000000000000000000000000000000000000000000e+01
1061 1061 1.50000000000000000000000000000000000000000000000e+01
1062 1062 1.50000000000000000000000000000000000000000000000e+01
1063 1063 1.50000000000000000000000000000000000000000000000e+01
1064 1064 1.50000000000000000000000000000000000000000000000e+01
1065 1065 1.50000000000000000000000000000000000000000000000e+01
1066 1066 1.50000000000000000000000000000000000000000000000e+01
1067 1067 1.50000000000000000000000000000000000000000000000e+01
1068 1068 1.50000000000000000000000000000000000000000000000e+01
1069 1069 1.50000000000000000000000000000000000000000000000e+01
1070 1070 1.50000000000000000000000000000000000000000000000e+01
1071 1071 1.50000000000000000000000000000000000000000000000e+01
1072 1072 1.50000000000000000000000000000000000000000000000e+01
1073 1073 1.50000000000000000000000000000000000000000000000e+01
1074 1074 1.50000000000000000000000000000000000000000000000e+01
1075 1075 1.50000000000000000000000000000000000000000000000e+01
1076 1076 1.50000000000000000000000000000000000000000000000e+01
1077 1077 1.50000000000000000000000000000000000000000000000e+01
1078 1078 1.50000000000000000000000000000000000000000000000e+01
1079 1079 1.50000000000000000000000000000000000000000000000e+01
1080 1080 1.50000000000000000000000000000000000000000000000e+01
1081 1081 1.50000000000000000000000000000000000000000000000e+01
1082 1082 1.50000000000000000000000000000000000000000000000e+01
1083 1083 1.50000000000000000000000000000000000000000000000e+01
1084 1084 1.50000000000000000000000000000000000000000000000e+01
1085 1085 1.50000000000000000000000000000000000000000000000e+01
1086 1086 1.50000000000000000000000000000000000000000000000e+01
1087 1087 1.50000000000000000000000000000000000000000000000e+01
1088 1088 1.50000000000000000000000000000000000000000000000e+01
1089 1089 1.50000000000000000000000000000000000000000000000e+01
1090 1090 1.50000000000000000000000000000000000000000000000e+01
1091 1091 1.50000000000000000000000000000000000000000000000e+01
1092 1092 1.50000000000000000000000000000000000000000000000e+01
1093 1093 1.50000000000000000000000000000000000000000000000e+01
1094 1094 1.50000000000000000000000000000000000000000000000e+01
1095 1095 1.50000000000000000000000000000000000000000000000e+01
1096 1096 1.50000000000000000000000000000000000000000000000e+01
1097 1097 1.50000000000000000000000000000000000000000000000e+01
1098 1098 1.50000000000000000000000000000000000000000000000e+01
1099 1099 1.50000000000000000000000000000000000000000000000e+01
1100 1100 1.50000000000000000000000000000000000000000000000e+01
1101 1101 1.50000000000000000000000000000000000000000000000e+01
1102 1102 1.50000000000000000000000000000000000000000000000e+01
1103 1103 1.50000000000000000000000000000000000000000000000e+01
1104 1104 1.50000000000000000000000000000000000000000000000e+01
1105 1105 1.50000000000000000000000000000000000000000000000e+01
1106 1106 1.50000000000000000000000000000000000000000000000e+01
1107 1107 1.50000000000000000000000000000000000000000000000e+01
1108 1108 1.50000000000000000000000000000000000000000000000e+01
1109 1109 1.50000000000000000000000000000000000000000000000e+01
1110 1110 1.50000000000000000000000000000000000000000000000e+01
1111 1111 1.50000000000000000000000000000000000000000000000e+01
1112 1112 1.50000000000000000000000000000000000000000000000e+01
1113 1113 1.50000000000000000000000000000000000000000000000e+01
1114 1114 1.50000000000000000000000000000000000000000000000e+01
1115 1115 1.50000000000000000000000000000000000000000000000e+01
1116 1116 1.50000000000000000000000000000000000000000000000e+01
1117 1117 1.50000000000000000000000000000000000000000000000e+01
1118 1118 1.50000000000000000000000000000000000000000000000e+01
1119 1119 1.50000000000000000000000000000000000000000000000e+01
1120 1120 1.50000000000000000000000000000000000000000000000e+01
1121 1121 1.50000000000000000000000000000000000000000000000e+01
1122 1122 1.50000000000000000000000000000000000000000000000e+01
1123 1123 1.50000000000000000000000000000000000000000000000e+01
1124 1124 1.50000000000000000000000000000000000000000000000e+01
1125 1125 1.50000000000000000000000000000000000000000000000e+01
1126 1126 1.50000000000000000000000000000000000000000000000e+01
1127 1127 1.50000000000000000000000000000000000000000000000e+01
1128 1128 1.50000000000000000000000000000000000000000000000e+01
1129 1129 1.50000000000000000000000000000000000000000000000e+01
1130 1130 1.50000000000000000000000000000000000000000000000e+01
1131 1131 1.50000000000000000000000000000000000000000000000e+01
1132 1132 1.50000000000000000000000000000000000000000000000e+01
1133 1133 1.50000000000000000000000000000000000000000000000e+01
1134 1134 1.50000000000000000000000000000000000000000000000e+01
1135 1135 1.50000000000000000000000000000000000000000000000e+01
1136 1136 1.50000000000000000000000000000000000000000000000e+01
1137 1137 1.50000000000000000000000000000000000000000000000e+01
1138 1138 1.50000000000000000000000000000000000000000000000e+01
1139 1139 1.50000000000000000000000000000000000000000000000e+01
1140 1140 1.50000000000000000000000000000000000000000000000e+01
1141 1141 1.50000000000000000000000000000000000000000000000e+01
1142 1142 1.50000000000000000000000000000000000000000000000e+01
1143 1143 1.50000000000000000000000000000000000000000000000e+01
1144 1144 1.50000000000000000000000000000000000000000000000e+01
1145 1145 1.50000000000000000000000000000000000000000000000e+01
1146 1146 1.50000000000000000000000000000000000000000000000e+01
1147 1147 1.50000000000000000000000000000000000000000000000e+01
1148 1148 1.50000000000000000000000000000000000000000000000e+01
1149 1149 1.50000000000000000000000000000000000000000000000e+01
1150 1150 1.50000000000000000000000000000000000000000000000e+01
1151 1151 1.50000000000000000000000000000000000000000000000e+01
1152 1152 1.50000000000000000000000000000000000000000000000e+01
1153 1153 1.50000000000000000000000000000000000000000000000e+01
1154 1154 1.50000000000000000000000000000000000000000000000e+01
1155 1155 1.50000000000000000000000000000000000000000000000e+01
1156 1156 1.50000000000000000000000000000000000000000000000e+01
1157 1157 1.50000000000000000000000000000000000000000000000e+01
1158 1158 1.50000000000000000000000000000000000000000000000e+01
1159 1159 1.50000000000000000000000000000000000000000000000e+01
1160 1160 1.50000000000000000000000000000000000000000000000e+01
1161 1161 1.50000000000000000000000000000000000000000000000e+01
1162 1162 1.50000000000000000000000000000000000000000000000e+01
1163 1163 1.50000000000000000000000000000000000000000000000e+01
1164 1164 1.50000000000000000000000000000000000000000000000e+01
1165 1165 1.50000000000000000000000000000000000000000000000e+01
1166 1166 1.50000000000000000000000000000000000000000000000e+01
1167 1167 1.50000000000000000000000000000000000000000000000e+01
1168 1168 1.50000000000000000000000000000000000000000000000e+01
1169 1169 2.10000000000000000000000000000000000000000000000e+01
1170 1170 2.10000000000000000000000000000000000000000000000e+01
1171 1171 2.10000000000000000000000000000000000000000000000e+01
1172 1172 2.10000000000000000000000000000000000000000000000e+01
1173 1173 2.10000000000000000000000000000000000000000000000e+01
1174 1174 2.10000000000000000000000000000000000000000000000e+01
1175 1175 2.10000000000000000000000000000000000000000000000e+01
1176 1176 2.10000000000000000000000000000000000000000000000e+01
1177 1177 2.10000000000000000000000000000000000000000000000e+01
1178 1178 2.10000000000000000000000000000000000000000000000e+01
1179 1179 2.10000000000000000000000000000000000000000000000e+01
1180 1180 2.10000000000000000000000000000000000000000000000e+01
1181 1181 2.10000000000000000000000000000000000000000000000e+01
1182 1182 2.10000000000000000000000000000000000000000000000e+01
1183 1183 2.10000000000000000000000000000000000000000000000e+01
1184 1184 2.10000000000000000000000000000000000000000000000e+01
1185 1185 2.10000000000000000000000000000000000000000000000e+01
1186 1186 2.10000000000000000000000000000000000000000000000e+01
1187 1187 2.10000000000000000000000000000000000000000000000e+01
1188 1188 2.10000000000000000000000000000000000000000000000e+01
1189 1189 2.10000000000000000000000000000000000000000000000e+01
1190 1190 2.10000000000000000000000000000000000000000000000e+01
1191 1191 2.10000000000000000000000000000000000000000000000e+01
1192 1192 2.10000000000000000000000000000000000000000000000e+01
1193 1193 2.10000000000000000000000000000000000000000000000e+01
1194 1194 2.10000000000000000000000000000000000000000000000e+01
1195 1195 2.10000000000000000000000000000000000000000000000e+01
1196 1196 2.10000000000000000000000000000000000000000000000e+01
1197 1197 2.10000000000000000000000000000000000000000000000e+01
1198 1198 2.10000000000000000000000000000000000000000000000e+01
1199 1199 2.10000000000000000000000000000000000000000000000e+01
1200 1200 2.10000000000000000000000000000000000000000000000e+01
1201 1201 2.10000000000000000000000000000000000000000000000e+01
1202 1202 2.10000000000000000000000000000000000000000000000e+01
1203 1203 2.10000000000000000000000000000000000000000000000e+01
1204 1204 2.10000000000000000000000000000000000000000000000e+01
1205 1205 2.10000000000000000000000000000000000000000000000e+01
1206 1206 2.10000000000000000000000000000000000000000000000e+01
1207 1207 2.10000000000000000000000000000000000000000000000e+01
1208 1208 2.10000000000000000000000000000000000000000000000e+01
1209 1209 2.10000000000000000000000000000000000000000000000e+01
1210 1210 2.10000000000000000000000000000000000000000000000e+01
1211 1211 2.10000000000000000000000000000000000000000000000e+01
1212 1212 2.10000000000000000000000000000000000000000000000e+01
1213 1213 2.10000000000000000000000000000000000000000000000e+01
1214 1214 2.10000000000000000000000000000000000000000000000e+01
1215 1215 2.10000000000000000000000000000000000000000000000e+01
1216 1216 2.10000000000000000000000000000000000000000000000e+01
1217 1217 2.10000000000000000000000000000000000000000000000e+01
1218 1218 2.10000000000000000000000000000000000000000000000e+01
1219 1219 2.10000000000000000000000000000000000000000000000e+01
1220 1220 2.10000000000000000000000000000000000000000000000e+01
1221 1221 2.10000000000000000000000000000000000000000000000e+01
1222 1222 2.10000000000000000000000000000000000000000000000e+01
1223 1223 2.10000000000000000000000000000000000000000000000e+01
1224 1224 2.10000000000000000000000000000000000000000000000e+01
1225 1225 2.10000000000000000000000000000000000000000000000e+01
1226 1226 2.10000000000000000000000000000000000000000000000e+01
1227 1227 2.10000000000000000000000000000000000000000000000e+01
1228 1228 2.10000000000000000000000000000000000000000000000e+01
1229 1229 2.10000000000000000000000000000000000000000000000e+01
1230 1230 2.10000000000000000000000000000000000000000000000e+01
1231 1231 2.10000000000000000000000000000000000000000000000e+01
1232 1232 2.10000000000000000000000000000000000000000000000e+01
1233 1233 2.10000000000000000000000000000000000000000000000e+01
1234 1234 2.10000000000000000000000000000000000000000000000e+01
1235 1235 2.10000000000000000000000000000000000000000000000e+01
1236 1236 2.10000000000000000000000000000000000000000000000e+01
1237 1237 2.10000000000000000000000000000000000000000000000e+01
1238 1238 2.10000000000000000000000000000000000000000000000e+01
1239 1239 2.10000000000000000000000000000000000000000000000e+01
1240 1240 2.10000000000000000000000000000000000000000000000e+01
1241 1241 2.10000000000000000000000000000000000000000000000e+01
1242 1242 2.10000000000000000000000000000000000000000000000e+01
1243 1243 2.10000000000000000000000000000000000000000000000e+01
1244 1244 2.10000000000000000000000000000000000000000000000e+01
1245 1245 2.10000000000000000000000000000000000000000000000e+01
1246 1246 2.10000000000000000000000000000000000000000000000e+01
1247 1247 2.10000000000000000000000000000000000000000000000e+01
1248 1248 2.10000000000000000000000000000000000000000000000e+01
1249 1249 2.10000000000000000000000000000000000000000000000e+01
1250 1250 2.10000000000000000000000000000000000000000000000e+01
1251 1251 2.10000000000000000000000000000000000000000000000e+01
1252 1252 2.10000000000000000000000000000000000000000000000e+01
1253 1253 2.10000000000000000000000000000000000000000000000e+01
1254 1254 2.10000000000000000000000000000000000000000000000e+01
1255 1255 2.10000000000000000000000000000000000000000000000e+01
1256 1256 2.10000000000000000000000000000000000000000000000e+01
1257 1257 2.10000000000000000000000000000000000000000000000e+01
1258 1258 2.10000000000000000000000000000000000000000000000e+01
1259 1259 2.10000000000000000000000000000000000000000000000e+01
1260 1260 2.10000000000000000000000000000000000000000000000e+01
1261 1261 2.10000000000000000000000000000000000000000000000e+01
1262 1262 2.10000000000000000000000000000000000000000000000e+01
1263 1263 2.10000000000000000000000000000000000000000000000e+01
1264 1264 2.10000000000000000000000000000000000000000000000e+01
1265 1265 2.10000000000000000000000000000000000000000000000e+01
1266 1266 2.10000000000000000000000000000000000000000000000e+01
1267 1267 2.10000000000000000000000000000000000000000000000e+01
1268 1268 2.10000000000000000000000000000000000000000000000e+01
1269 1269 2.10000000000000000000000000000000000000000000000e+01
1270 1270 2.10000000000000000000000000000000000000000000000e+01
1271 1271 2.10000000000000000000000000000000000000000000000e+01
1272 1272 2.10000000000000000000000000000000000000000000000e+01
1273 1273 2.10000000000000000000000000000000000000000000000e+01
1274 1274 2.10000000000000000000000000000000000000000000000e+01
1275 1275 2.10000000000000000000000000000000000000000000000e+01
1276 1276 2.10000000000000000000000000000000000000000000000e+01
1277 1277 2.10000000000000000000000000000000000000000000000e+01
1278 1278 2.10000000000000000000000000000000000000000000000e+01
1279 1279 2.10000000000000000000000000000000000000000000000e+01
1280 1280 2.10000000000000000000000000000000000000000000000e+01
1281 1281 2.10000000000000000000000000000000000000000000000e+01
1282 1282 2.10000000000000000000000000000000000000000000000e+01
1283 1283 2.10000000000000000000000000000000000000000000000e+01
1284 1284 2.10000000000000000000000000000000000000000000000e+01
1285 1285 2.10000000000000000000000000000000000000000000000e+01
1286 1286 2.10000000000000000000000000000000000000000000000e+01
1287 1287 2.10000000000000000000000000000000000000000000000e+01
1288 1288 2.10000000000000000000000000000000000000000000000e+01
1289 1289 2.10000000000000000000000000000000000000000000000e+01
1290 1290 2.10000000000000000000000000000000000000000000000e+01
1291 1291 2.10000000000000000000000000000000000000000000000e+01
1292 1292 2.10000000000000000000000000000000000000000000000e+01
1293 1293 2.10000000000000000000000000000000000000000000000e+01
1294 1294 2.10000000000000000000000000000000000000000000000e+01
1295 1295 2.10000000000000000000000000000000000000000000000e+01
1296 1296 2.10000000000000000000000000000000000000000000000e+01
1297 1297 2.10000000000000000000000000000000000000000000000e+01
1298 1298 2.10000000000000000000000000000000000000000000000e+01
1299 1299 2.10000000000000000000000000000000000000000000000e+01
1300 1300 2.10000000000000000000000000000000000000000000000e+01
1301 1301 2.10000000000000000000000000000000000000000000000e+01
1302 1302 2.10000000000000000000000000000000000000000000000e+01
1303 1303 2.10000000000000000000000000000000000000000000000e+01
1304 1304 2.10000000000000000000000000000000000000000000000e+01
1305 1305 2.10000000000000000000000000000000000000000000000e+01
1306 1306 2.10000000000000000000000000000000000000000000000e+01
1307 1307 2.10000000000000000000000000000000000000000000000e+01
1308 1308 2.10000000000000000000000000000000000000000000000e+01
1309 1309 2.10000000000000000000000000000000000000000000000e+01
1310 1310 2.10000000000000000000000000000000000000000000000e+01
1311 1311 2.10000000000000000000000000000000000000000000000e+01
1312 1312 2.10000000000000000000000000000000000000000000000e+01
1313 1313 2.10000000000000000000000000000000000000000000000e+01
1314 1314 2.10000000000000000000000000000000000000000000000e+01
1315 1315 2.10000000000000000000000000000000000000000000000e+01
1316 1316 2.10000000000000000000000000000000000000000000000e+01
1317 1317 2.10000000000000000000000000000000000000000000000e+01
1318 1318 2.10000000000000000000000000000000000000000000000e+01
1319 1319 2.10000000000000000000000000000000000000000000000e+01
1320 1320 2.10000000000000000000000000000000000000000000000e+01
1321 1321 2.10000000000000000000000000000000000000000000000e+01
1322 1322 2.10000000000000000000000000000000000000000000000e+01
1323 1323 2.10000000000000000000000000000000000000000000000e+01
1324 1324 2.10000000000000000000000000000000000000000000000e+01
1325 1325 2.10000000000000000000000000000000000000000000000e+01
1326 1326 2.10000000000000000000000000000000000000000000000e+01
1327 1327 2.10000000000000000000000000000000000000000000000e+01
1328 1328 2.10000000000000000000000000000000000000000000000e+01
1329 1329 2.10000000000000000000000000000000000000000000000e+01
1330 1330 2.10000000000000000000000000000000000000000000000e+01
1331 1331 2.10000000000000000000000000000000000000000000000e+01
1332 1332 2.10000000000000000000000000000000000000000000000e+01
1333 1333 2.10000000000000000000000000000000000000000000000e+01
1334 1334 2.10000000000000000000000000000000000000000000000e+01
1335 1335 2.10000000000000000000000000000000000000000000000e+01
1336 1336 2.10000000000000000000000000000000000000000000000e+01
1337 1337 2.10000000000000000000000000000000000000000000000e+01
1338 1338 2.10000000000000000000000000000000000000000000000e+01
1339 1339 2.10000000000000000000000000000000000000000000000e+01
1340 1340 2.10000000000000000000000000000000000000000000000e+01
1341 1341 2.10000000000000000000000000000000000000000000000e+01
1342 1342 2.10000000000000000000000000000000000000000000000e+01
1343 1343 2.10000000000000000000000000000000000000000000000e+01
1344 1344 2.10000000000000000000000000000000000000000000000e+01
1345 1345 2.10000000000000000000000000000000000000000000000e+01
1346 1346 2.10000000000000000000000000000000000000000000000e+01
1347 1347 2.10000000000000000000000000000000000000000000000e+01
1348 1348 2.10000000000000000000000000000000000000000000000e+01
1349 1349 2.10000000000000000000000000000000000000000000000e+01
1350 1350 2.10000000000000000000000000000000000000000000000e+01
1351 1351 2.10000000000000000000000000000000000000000000000e+01
1352 1352 2.10000000000000000000000000000000000000000000000e+01
1353 1353 2.10000000000000000000000000000000000000000000000e+01
1354 1354 2.10000000000000000000000000000000000000000000000e+01
1355 1355 2.10000000000000000000000000000000000000000000000e+01
1356 1356 2.10000000000000000000000000000000000000000000000e+01
1357 1357 2.10000000000000000000000000000000000000000000000e+01
1358 1358 2.10000000000000000000000000000000000000000000000e+01
1359 1359 2.10000000000000000000000000000000000000000000000e+01
1360 1360 2.10000000000000000000000000000000000000000000000e+01
1361 1361 2.10000000000000000000000000000000000000000000000e+01
1362 1362 2.10000000000000000000000000000000000000000000000e+01
1363 1363 2.10000000000000000000000000000000000000000000000e+01
1364 1364 2.10000000000000000000000000000000000000000000000e+01
1365 1365 2.10000000000000000000000000000000000000000000000e+01
1366 1366 2.10000000000000000000000000000000000000000000000e+01
1367 1367 2.10000000000000000000000000000000000000000000000e+01
1368 1368 2.10000000000000000000000000000000000000000000000e+01
1369 1369 2.10000000000000000000000000000000000000000000000e+01
1370 1370 2.10000000000000000000000000000000000000000000000e+01
1371 1371 2.10000000000000000000000000000000000000000000000e+01
1372 1372 2.10000000000000000000000000000000000000000000000e+01
1373 1373 2.10000000000000000000000000000000000000000000000e+01
1374 1374 2.10000000000000000000000000000000000000000000000e+01
1375 1375 2.10000000000000000000000000000000000000000000000e+01
1376 1376 2.10000000000000000000000000000000000000000000000e+01
1377 1377 2.10000000000000000000000000000000000000000000000e+01
1378 1378 2.10000000000000000000000000000000000000000000000e+01
1379 1379 2.10000000000000000000000000000000000000000000000e+01
1380 1380 2.10000000000000000000000000000000000000000000000e+01
1381 1381 2.10000000000000000000000000000000000000000000000e+01
1382 1382 2.10000000000000000000000000000000000000000000000e+01
1383 1383 2.10000000000000000000000000000000000000000000000e+01
1384 1384 2.10000000000000000000000000000000000000000000000e+01
1385 1385 2.10000000000000000000000000000000000000000000000e+01
1386 1386 2.10000000000000000000000000000000000000000000000e+01
1387 1387 2.10000000000000000000000000000000000000000000000e+01
1388 1388 2.10000000000000000000000000000000000000000000000e+01
1389 1389 2.10000000000000000000000000000000000000000000000e+01
1390 1390 2.10000000000000000000000000000000000000000000000e+01
1391 1391 2.10000000000000000000000000000000000000000000000e+01
1392 1392 2.10000000000000000000000000000000000000000000000e+01
1393 1393 2.10000000000000000000000000000000000000000000000e+01
1394 1394 2.10000000000000000000000000000000000000000000000e+01
1395 1395 2.10000000000000000000000000000000000000000000000e+01
1396 1396 2.10000000000000000000000000000000000000000000000e+01
1397 1397 2.10000000000000000000000000000000000000000000000e+01
1398 1398 2.10000000000000000000000000000000000000000000000e+01
1399 1399 2.10000000000000000000000000000000000000000000000e+01
1400 1400 2.10000000000000000000000000000000000000000000000e+01
1401 1401 2.10000000000000000000000000000000000000000000000e+01
1402 1402 2.10000000000000000000000000000000000000000000000e+01
1403 1403 2.10000000000000000000000000000000000000000000000e+01
1404 1404 2.10000000000000000000000000000000000000000000000e+01
1405 1405 2.10000000000000000000000000000000000000000000000e+01
1406 1406 2.10000000000000000000000000000000000000000000000e+01
1407 1407 2.10000000000000000000000000000000000000000000000e+01
1408 1408 2.10000000000000000000000000000000000000000000000e+01
1409 1409 2.10000000000000000000000000000000000000000000000e+01
1410 1410 2.10000000000000000000000000000000000000000000000e+01
1411 1411 2.10000000000000000000000000000000000000000000000e+01
1412 1412 2.10000000000000000000000000000000000000000000000e+01
1413 1413 2.10000000000000000000000000000000000000000000000e+01
1414 1414 2.10000000000000000000000000000000000000000000000e+01
1415 1415 2.10000000000000000000000000000000000000000000000e+01
1416 1416 2.10000000000000000000000000000000000000000000000e+01
1417 1417 2.10000000000000000000000000000000000000000000000e+01
1418 1418 2.10000000000000000000000000000000000000000000000e+01
1419 1419 2.10000000000000000000000000000000000000000000000e+01
1420 1420 2.10000000000000000000000000000000000000000000000e+01
