1 0 1 1 -1
2 0 1 1 0
3 0 1 1 1
4 0 2 2 -2
5 0 2 2 -1
6 0 2 2 0
7 0 2 2 1
8 0 2 2 2
9 0 3 3 -3
10 0 3 3 -2
11 0 3 3 -1
12 0 3 3 0
13 0 3 3 1
14 0 3 3 2
15 0 3 3 3
16 0 4 4 -4
17 0 4 4 -3
18 0 4 4 -2
19 0 4 4 -1
20 0 4 4 0
21 0 4 4 1
22 0 4 4 2
23 0 4 4 3
24 0 4 4 4
25 0 5 5 -5
26 0 5 5 -4
27 0 5 5 -3
28 0 5 5 -2
29 0 5 5 -1
30 0 5 5 0
31 0 5 5 1
32 0 5 5 2
33 0 5 5 3
34 0 5 5 4
35 0 5 5 5
36 0 6 6 -6
37 0 6 6 -5
38 0 6 6 -4
39 0 6 6 -3
40 0 6 6 -2
41 0 6 6 -1
42 0 6 6 0
43 0 6 6 1
44 0 6 6 2
45 0 6 6 3
46 0 6 6 4
47 0 6 6 5
48 0 6 6 6
49 0 7 7 -7
50 0 7 7 -6
51 0 7 7 -5
52 0 7 7 -4
53 0 7 7 -3
54 0 7 7 -2
55 0 7 7 -1
56 0 7 7 0
57 0 7 7 1
58 0 7 7 2
59 0 7 7 3
60 0 7 7 4
61 0 7 7 5
62 0 7 7 6
63 0 7 7 7
64 1 0 1 -1
65 1 0 1 0
66 1 0 1 1
67 1 1 0 0
68 1 1 1 -1
69 1 1 1 0
70 1 1 1 1
71 1 1 2 -2
72 1 1 2 -1
73 1 1 2 0
74 1 1 2 1
75 1 1 2 2
76 1 2 1 -1
77 1 2 1 0
78 1 2 1 1
79 1 2 2 -2
80 1 2 2 -1
81 1 2 2 0
82 1 2 2 1
83 1 2 2 2
84 1 2 3 -3
85 1 2 3 -2
86 1 2 3 -1
87 1 2 3 0
88 1 2 3 1
89 1 2 3 2
90 1 2 3 3
91 1 3 2 -2
92 1 3 2 -1
93 1 3 2 0
94 1 3 2 1
95 1 3 2 2
96 1 3 3 -3
97 1 3 3 -2
98 1 3 3 -1
99 1 3 3 0
100 1 3 3 1
101 1 3 3 2
102 1 3 3 3
103 1 3 4 -4
104 1 3 4 -3
105 1 3 4 -2
106 1 3 4 -1
107 1 3 4 0
108 1 3 4 1
109 1 3 4 2
110 1 3 4 3
111 1 3 4 4
112 1 4 3 -3
113 1 4 3 -2
114 1 4 3 -1
115 1 4 3 0
116 1 4 3 1
117 1 4 3 2
118 1 4 3 3
119 1 4 4 -4
120 1 4 4 -3
121 1 4 4 -2
122 1 4 4 -1
123 1 4 4 0
124 1 4 4 1
125 1 4 4 2
126 1 4 4 3
127 1 4 4 4
128 1 4 5 -5
129 1 4 5 -4
130 1 4 5 -3
131 1 4 5 -2
132 1 4 5 -1
133 1 4 5 0
134 1 4 5 1
135 1 4 5 2
136 1 4 5 3
137 1 4 5 4
138 1 4 5 5
139 1 5 4 -4
140 1 5 4 -3
141 1 5 4 -2
142 1 5 4 -1
143 1 5 4 0
144 1 5 4 1
145 1 5 4 2
146 1 5 4 3
147 1 5 4 4
148 1 5 5 -5
149 1 5 5 -4
150 1 5 5 -3
151 1 5 5 -2
152 1 5 5 -1
153 1 5 5 0
154 1 5 5 1
155 1 5 5 2
156 1 5 5 3
157 1 5 5 4
158 1 5 5 5
159 1 5 6 -6
160 1 5 6 -5
161 1 5 6 -4
162 1 5 6 -3
163 1 5 6 -2
164 1 5 6 -1
165 1 5 6 0
166 1 5 6 1
167 1 5 6 2
168 1 5 6 3
169 1 5 6 4
170 1 5 6 5
171 1 5 6 6
172 1 6 5 -5
173 1 6 5 -4
174 1 6 5 -3
175 1 6 5 -2
176 1 6 5 -1
177 1 6 5 0
178 1 6 5 1
179 1 6 5 2
180 1 6 5 3
181 1 6 5 4
182 1 6 5 5
183 1 6 6 -6
184 1 6 6 -5
185 1 6 6 -4
186 1 6 6 -3
187 1 6 6 -2
188 1 6 6 -1
189 1 6 6 0
190 1 6 6 1
191 1 6 6 2
192 1 6 6 3
193 1 6 6 4
194 1 6 6 5
195 1 6 6 6
196 1 6 7 -7
197 1 6 7 -6
198 1 6 7 -5
199 1 6 7 -4
200 1 6 7 -3
201 1 6 7 -2
202 1 6 7 -1
203 1 6 7 0
204 1 6 7 1
205 1 6 7 2
206 1 6 7 3
207 1 6 7 4
208 1 6 7 5
209 1 6 7 6
210 1 6 7 7
211 1 7 6 -6
212 1 7 6 -5
213 1 7 6 -4
214 1 7 6 -3
215 1 7 6 -2
216 1 7 6 -1
217 1 7 6 0
218 1 7 6 1
219 1 7 6 2
220 1 7 6 3
221 1 7 6 4
222 1 7 6 5
223 1 7 6 6
224 1 7 7 -7
225 1 7 7 -6
226 1 7 7 -5
227 1 7 7 -4
228 1 7 7 -3
229 1 7 7 -2
230 1 7 7 -1
231 1 7 7 0
232 1 7 7 1
233 1 7 7 2
234 1 7 7 3
235 1 7 7 4
236 1 7 7 5
237 1 7 7 6
238 1 7 7 7
239 2 0 2 -2
240 2 0 2 -1
241 2 0 2 0
242 2 0 2 1
243 2 0 2 2
244 2 1 1 -1
245 2 1 1 0
246 2 1 1 1
247 2 1 2 -2
248 2 1 2 -1
249 2 1 2 0
250 2 1 2 1
251 2 1 2 2
252 2 1 3 -3
253 2 1 3 -2
254 2 1 3 -1
255 2 1 3 0
256 2 1 3 1
257 2 1 3 2
258 2 1 3 3
259 2 2 0 0
260 2 2 1 -1
261 2 2 1 0
262 2 2 1 1
263 2 2 2 -2
264 2 2 2 -1
265 2 2 2 0
266 2 2 2 1
267 2 2 2 2
268 2 2 3 -3
269 2 2 3 -2
270 2 2 3 -1
271 2 2 3 0
272 2 2 3 1
273 2 2 3 2
274 2 2 3 3
275 2 2 4 -4
276 2 2 4 -3
277 2 2 4 -2
278 2 2 4 -1
279 2 2 4 0
280 2 2 4 1
281 2 2 4 2
282 2 2 4 3
283 2 2 4 4
284 2 3 1 -1
285 2 3 1 0
286 2 3 1 1
287 2 3 2 -2
288 2 3 2 -1
289 2 3 2 0
290 2 3 2 1
291 2 3 2 2
292 2 3 3 -3
293 2 3 3 -2
294 2 3 3 -1
295 2 3 3 0
296 2 3 3 1
297 2 3 3 2
298 2 3 3 3
299 2 3 4 -4
300 2 3 4 -3
301 2 3 4 -2
302 2 3 4 -1
303 2 3 4 0
304 2 3 4 1
305 2 3 4 2
306 2 3 4 3
307 2 3 4 4
308 2 3 5 -5
309 2 3 5 -4
310 2 3 5 -3
311 2 3 5 -2
312 2 3 5 -1
313 2 3 5 0
314 2 3 5 1
315 2 3 5 2
316 2 3 5 3
317 2 3 5 4
318 2 3 5 5
319 2 4 2 -2
320 2 4 2 -1
321 2 4 2 0
322 2 4 2 1
323 2 4 2 2
324 2 4 3 -3
325 2 4 3 -2
326 2 4 3 -1
327 2 4 3 0
328 2 4 3 1
329 2 4 3 2
330 2 4 3 3
331 2 4 4 -4
332 2 4 4 -3
333 2 4 4 -2
334 2 4 4 -1
335 2 4 4 0
336 2 4 4 1
337 2 4 4 2
338 2 4 4 3
339 2 4 4 4
340 2 4 5 -5
341 2 4 5 -4
342 2 4 5 -3
343 2 4 5 -2
344 2 4 5 -1
345 2 4 5 0
346 2 4 5 1
347 2 4 5 2
348 2 4 5 3
349 2 4 5 4
350 2 4 5 5
351 2 4 6 -6
352 2 4 6 -5
353 2 4 6 -4
354 2 4 6 -3
355 2 4 6 -2
356 2 4 6 -1
357 2 4 6 0
358 2 4 6 1
359 2 4 6 2
360 2 4 6 3
361 2 4 6 4
362 2 4 6 5
363 2 4 6 6
364 2 5 3 -3
365 2 5 3 -2
366 2 5 3 -1
367 2 5 3 0
368 2 5 3 1
369 2 5 3 2
370 2 5 3 3
371 2 5 4 -4
372 2 5 4 -3
373 2 5 4 -2
374 2 5 4 -1
375 2 5 4 0
376 2 5 4 1
377 2 5 4 2
378 2 5 4 3
379 2 5 4 4
380 2 5 5 -5
381 2 5 5 -4
382 2 5 5 -3
383 2 5 5 -2
384 2 5 5 -1
385 2 5 5 0
386 2 5 5 1
387 2 5 5 2
388 2 5 5 3
389 2 5 5 4
390 2 5 5 5
391 2 5 6 -6
392 2 5 6 -5
393 2 5 6 -4
394 2 5 6 -3
395 2 5 6 -2
396 2 5 6 -1
397 2 5 6 0
398 2 5 6 1
399 2 5 6 2
400 2 5 6 3
401 2 5 6 4
402 2 5 6 5
403 2 5 6 6
404 2 5 7 -7
405 2 5 7 -6
406 2 5 7 -5
407 2 5 7 -4
408 2 5 7 -3
409 2 5 7 -2
410 2 5 7 -1
411 2 5 7 0
412 2 5 7 1
413 2 5 7 2
414 2 5 7 3
415 2 5 7 4
416 2 5 7 5
417 2 5 7 6
418 2 5 7 7
419 2 6 4 -4
420 2 6 4 -3
421 2 6 4 -2
422 2 6 4 -1
423 2 6 4 0
424 2 6 4 1
425 2 6 4 2
426 2 6 4 3
427 2 6 4 4
428 2 6 5 -5
429 2 6 5 -4
430 2 6 5 -3
431 2 6 5 -2
432 2 6 5 -1
433 2 6 5 0
434 2 6 5 1
435 2 6 5 2
436 2 6 5 3
437 2 6 5 4
438 2 6 5 5
439 2 6 6 -6
440 2 6 6 -5
441 2 6 6 -4
442 2 6 6 -3
443 2 6 6 -2
444 2 6 6 -1
445 2 6 6 0
446 2 6 6 1
447 2 6 6 2
448 2 6 6 3
449 2 6 6 4
450 2 6 6 5
451 2 6 6 6
452 2 6 7 -7
453 2 6 7 -6
454 2 6 7 -5
455 2 6 7 -4
456 2 6 7 -3
457 2 6 7 -2
458 2 6 7 -1
459 2 6 7 0
460 2 6 7 1
461 2 6 7 2
462 2 6 7 3
463 2 6 7 4
464 2 6 7 5
465 2 6 7 6
466 2 6 7 7
467 2 7 5 -5
468 2 7 5 -4
469 2 7 5 -3
470 2 7 5 -2
471 2 7 5 -1
472 2 7 5 0
473 2 7 5 1
474 2 7 5 2
475 2 7 5 3
476 2 7 5 4
477 2 7 5 5
478 2 7 6 -6
479 2 7 6 -5
480 2 7 6 -4
481 2 7 6 -3
482 2 7 6 -2
483 2 7 6 -1
484 2 7 6 0
485 2 7 6 1
486 2 7 6 2
487 2 7 6 3
488 2 7 6 4
489 2 7 6 5
490 2 7 6 6
491 2 7 7 -7
492 2 7 7 -6
493 2 7 7 -5
494 2 7 7 -4
495 2 7 7 -3
496 2 7 7 -2
497 2 7 7 -1
498 2 7 7 0
499 2 7 7 1
500 2 7 7 2
501 2 7 7 3
502 2 7 7 4
503 2 7 7 5
504 2 7 7 6
505 2 7 7 7
506 3 0 3 -3
507 3 0 3 -2
508 3 0 3 -1
509 3 0 3 0
510 3 0 3 1
511 3 0 3 2
512 3 0 3 3
513 3 1 2 -2
514 3 1 2 -1
515 3 1 2 0
516 3 1 2 1
517 3 1 2 2
518 3 1 3 -3
519 3 1 3 -2
520 3 1 3 -1
521 3 1 3 0
522 3 1 3 1
523 3 1 3 2
524 3 1 3 3
525 3 1 4 -4
526 3 1 4 -3
527 3 1 4 -2
528 3 1 4 -1
529 3 1 4 0
530 3 1 4 1
531 3 1 4 2
532 3 1 4 3
533 3 1 4 4
534 3 2 1 -1
535 3 2 1 0
536 3 2 1 1
537 3 2 2 -2
538 3 2 2 -1
539 3 2 2 0
540 3 2 2 1
541 3 2 2 2
542 3 2 3 -3
543 3 2 3 -2
544 3 2 3 -1
545 3 2 3 0
546 3 2 3 1
547 3 2 3 2
548 3 2 3 3
549 3 2 4 -4
550 3 2 4 -3
551 3 2 4 -2
552 3 2 4 -1
553 3 2 4 0
554 3 2 4 1
555 3 2 4 2
556 3 2 4 3
557 3 2 4 4
558 3 2 5 -5
559 3 2 5 -4
560 3 2 5 -3
561 3 2 5 -2
562 3 2 5 -1
563 3 2 5 0
564 3 2 5 1
565 3 2 5 2
566 3 2 5 3
567 3 2 5 4
568 3 2 5 5
569 3 3 0 0
570 3 3 1 -1
571 3 3 1 0
572 3 3 1 1
573 3 3 2 -2
574 3 3 2 -1
575 3 3 2 0
576 3 3 2 1
577 3 3 2 2
578 3 3 3 -3
579 3 3 3 -2
580 3 3 3 -1
581 3 3 3 0
582 3 3 3 1
583 3 3 3 2
584 3 3 3 3
585 3 3 4 -4
586 3 3 4 -3
587 3 3 4 -2
588 3 3 4 -1
589 3 3 4 0
590 3 3 4 1
591 3 3 4 2
592 3 3 4 3
593 3 3 4 4
594 3 3 5 -5
595 3 3 5 -4
596 3 3 5 -3
597 3 3 5 -2
598 3 3 5 -1
599 3 3 5 0
600 3 3 5 1
601 3 3 5 2
602 3 3 5 3
603 3 3 5 4
604 3 3 5 5
605 3 3 6 -6
606 3 3 6 -5
607 3 3 6 -4
608 3 3 6 -3
609 3 3 6 -2
610 3 3 6 -1
611 3 3 6 0
612 3 3 6 1
613 3 3 6 2
614 3 3 6 3
615 3 3 6 4
616 3 3 6 5
617 3 3 6 6
618 3 4 1 -1
619 3 4 1 0
620 3 4 1 1
621 3 4 2 -2
622 3 4 2 -1
623 3 4 2 0
624 3 4 2 1
625 3 4 2 2
626 3 4 3 -3
627 3 4 3 -2
628 3 4 3 -1
629 3 4 3 0
630 3 4 3 1
631 3 4 3 2
632 3 4 3 3
633 3 4 4 -4
634 3 4 4 -3
635 3 4 4 -2
636 3 4 4 -1
637 3 4 4 0
638 3 4 4 1
639 3 4 4 2
640 3 4 4 3
641 3 4 4 4
642 3 4 5 -5
643 3 4 5 -4
644 3 4 5 -3
645 3 4 5 -2
646 3 4 5 -1
647 3 4 5 0
648 3 4 5 1
649 3 4 5 2
650 3 4 5 3
651 3 4 5 4
652 3 4 5 5
653 3 4 6 -6
654 3 4 6 -5
655 3 4 6 -4
656 3 4 6 -3
657 3 4 6 -2
658 3 4 6 -1
659 3 4 6 0
660 3 4 6 1
661 3 4 6 2
662 3 4 6 3
663 3 4 6 4
664 3 4 6 5
665 3 4 6 6
666 3 4 7 -7
667 3 4 7 -6
668 3 4 7 -5
669 3 4 7 -4
670 3 4 7 -3
671 3 4 7 -2
672 3 4 7 -1
673 3 4 7 0
674 3 4 7 1
675 3 4 7 2
676 3 4 7 3
677 3 4 7 4
678 3 4 7 5
679 3 4 7 6
680 3 4 7 7
681 3 5 2 -2
682 3 5 2 -1
683 3 5 2 0
684 3 5 2 1
685 3 5 2 2
686 3 5 3 -3
687 3 5 3 -2
688 3 5 3 -1
689 3 5 3 0
690 3 5 3 1
691 3 5 3 2
692 3 5 3 3
693 3 5 4 -4
694 3 5 4 -3
695 3 5 4 -2
696 3 5 4 -1
697 3 5 4 0
698 3 5 4 1
699 3 5 4 2
700 3 5 4 3
701 3 5 4 4
702 3 5 5 -5
703 3 5 5 -4
704 3 5 5 -3
705 3 5 5 -2
706 3 5 5 -1
707 3 5 5 0
708 3 5 5 1
709 3 5 5 2
710 3 5 5 3
711 3 5 5 4
712 3 5 5 5
713 3 5 6 -6
714 3 5 6 -5
715 3 5 6 -4
716 3 5 6 -3
717 3 5 6 -2
718 3 5 6 -1
719 3 5 6 0
720 3 5 6 1
721 3 5 6 2
722 3 5 6 3
723 3 5 6 4
724 3 5 6 5
725 3 5 6 6
726 3 5 7 -7
727 3 5 7 -6
728 3 5 7 -5
729 3 5 7 -4
730 3 5 7 -3
731 3 5 7 -2
732 3 5 7 -1
733 3 5 7 0
734 3 5 7 1
735 3 5 7 2
736 3 5 7 3
737 3 5 7 4
738 3 5 7 5
739 3 5 7 6
740 3 5 7 7
741 3 6 3 -3
742 3 6 3 -2
743 3 6 3 -1
744 3 6 3 0
745 3 6 3 1
746 3 6 3 2
747 3 6 3 3
748 3 6 4 -4
749 3 6 4 -3
750 3 6 4 -2
751 3 6 4 -1
752 3 6 4 0
753 3 6 4 1
754 3 6 4 2
755 3 6 4 3
756 3 6 4 4
757 3 6 5 -5
758 3 6 5 -4
759 3 6 5 -3
760 3 6 5 -2
761 3 6 5 -1
762 3 6 5 0
763 3 6 5 1
764 3 6 5 2
765 3 6 5 3
766 3 6 5 4
767 3 6 5 5
768 3 6 6 -6
769 3 6 6 -5
770 3 6 6 -4
771 3 6 6 -3
772 3 6 6 -2
773 3 6 6 -1
774 3 6 6 0
775 3 6 6 1
776 3 6 6 2
777 3 6 6 3
778 3 6 6 4
779 3 6 6 5
780 3 6 6 6
781 3 6 7 -7
782 3 6 7 -6
783 3 6 7 -5
784 3 6 7 -4
785 3 6 7 -3
786 3 6 7 -2
787 3 6 7 -1
788 3 6 7 0
789 3 6 7 1
790 3 6 7 2
791 3 6 7 3
792 3 6 7 4
793 3 6 7 5
794 3 6 7 6
795 3 6 7 7
796 3 7 4 -4
797 3 7 4 -3
798 3 7 4 -2
799 3 7 4 -1
800 3 7 4 0
801 3 7 4 1
802 3 7 4 2
803 3 7 4 3
804 3 7 4 4
805 3 7 5 -5
806 3 7 5 -4
807 3 7 5 -3
808 3 7 5 -2
809 3 7 5 -1
810 3 7 5 0
811 3 7 5 1
812 3 7 5 2
813 3 7 5 3
814 3 7 5 4
815 3 7 5 5
816 3 7 6 -6
817 3 7 6 -5
818 3 7 6 -4
819 3 7 6 -3
820 3 7 6 -2
821 3 7 6 -1
822 3 7 6 0
823 3 7 6 1
824 3 7 6 2
825 3 7 6 3
826 3 7 6 4
827 3 7 6 5
828 3 7 6 6
829 3 7 7 -7
830 3 7 7 -6
831 3 7 7 -5
832 3 7 7 -4
833 3 7 7 -3
834 3 7 7 -2
835 3 7 7 -1
836 3 7 7 0
837 3 7 7 1
838 3 7 7 2
839 3 7 7 3
840 3 7 7 4
841 3 7 7 5
842 3 7 7 6
843 3 7 7 7
844 4 0 4 -4
845 4 0 4 -3
846 4 0 4 -2
847 4 0 4 -1
848 4 0 4 0
849 4 0 4 1
850 4 0 4 2
851 4 0 4 3
852 4 0 4 4
853 4 1 3 -3
854 4 1 3 -2
855 4 1 3 -1
856 4 1 3 0
857 4 1 3 1
858 4 1 3 2
859 4 1 3 3
860 4 1 4 -4
861 4 1 4 -3
862 4 1 4 -2
863 4 1 4 -1
864 4 1 4 0
865 4 1 4 1
866 4 1 4 2
867 4 1 4 3
868 4 1 4 4
869 4 1 5 -5
870 4 1 5 -4
871 4 1 5 -3
872 4 1 5 -2
873 4 1 5 -1
874 4 1 5 0
875 4 1 5 1
876 4 1 5 2
877 4 1 5 3
878 4 1 5 4
879 4 1 5 5
880 4 2 2 -2
881 4 2 2 -1
882 4 2 2 0
883 4 2 2 1
884 4 2 2 2
885 4 2 3 -3
886 4 2 3 -2
887 4 2 3 -1
888 4 2 3 0
889 4 2 3 1
890 4 2 3 2
891 4 2 3 3
892 4 2 4 -4
893 4 2 4 -3
894 4 2 4 -2
895 4 2 4 -1
896 4 2 4 0
897 4 2 4 1
898 4 2 4 2
899 4 2 4 3
900 4 2 4 4
901 4 2 5 -5
902 4 2 5 -4
903 4 2 5 -3
904 4 2 5 -2
905 4 2 5 -1
906 4 2 5 0
907 4 2 5 1
908 4 2 5 2
909 4 2 5 3
910 4 2 5 4
911 4 2 5 5
912 4 2 6 -6
913 4 2 6 -5
914 4 2 6 -4
915 4 2 6 -3
916 4 2 6 -2
917 4 2 6 -1
918 4 2 6 0
919 4 2 6 1
920 4 2 6 2
921 4 2 6 3
922 4 2 6 4
923 4 2 6 5
924 4 2 6 6
925 4 3 1 -1
926 4 3 1 0
927 4 3 1 1
928 4 3 2 -2
929 4 3 2 -1
930 4 3 2 0
931 4 3 2 1
932 4 3 2 2
933 4 3 3 -3
934 4 3 3 -2
935 4 3 3 -1
936 4 3 3 0
937 4 3 3 1
938 4 3 3 2
939 4 3 3 3
940 4 3 4 -4
941 4 3 4 -3
942 4 3 4 -2
943 4 3 4 -1
944 4 3 4 0
945 4 3 4 1
946 4 3 4 2
947 4 3 4 3
948 4 3 4 4
949 4 3 5 -5
950 4 3 5 -4
951 4 3 5 -3
952 4 3 5 -2
953 4 3 5 -1
954 4 3 5 0
955 4 3 5 1
956 4 3 5 2
957 4 3 5 3
958 4 3 5 4
959 4 3 5 5
960 4 3 6 -6
961 4 3 6 -5
962 4 3 6 -4
963 4 3 6 -3
964 4 3 6 -2
965 4 3 6 -1
966 4 3 6 0
967 4 3 6 1
968 4 3 6 2
969 4 3 6 3
970 4 3 6 4
971 4 3 6 5
972 4 3 6 6
973 4 3 7 -7
974 4 3 7 -6
975 4 3 7 -5
976 4 3 7 -4
977 4 3 7 -3
978 4 3 7 -2
979 4 3 7 -1
980 4 3 7 0
981 4 3 7 1
982 4 3 7 2
983 4 3 7 3
984 4 3 7 4
985 4 3 7 5
986 4 3 7 6
987 4 3 7 7
988 4 4 0 0
989 4 4 1 -1
990 4 4 1 0
991 4 4 1 1
992 4 4 2 -2
993 4 4 2 -1
994 4 4 2 0
995 4 4 2 1
996 4 4 2 2
997 4 4 3 -3
998 4 4 3 -2
999 4 4 3 -1
1000 4 4 3 0
1001 4 4 3 1
1002 4 4 3 2
1003 4 4 3 3
1004 4 4 4 -4
1005 4 4 4 -3
1006 4 4 4 -2
1007 4 4 4 -1
1008 4 4 4 0
1009 4 4 4 1
1010 4 4 4 2
1011 4 4 4 3
1012 4 4 4 4
1013 4 4 5 -5
1014 4 4 5 -4
1015 4 4 5 -3
1016 4 4 5 -2
1017 4 4 5 -1
1018 4 4 5 0
1019 4 4 5 1
1020 4 4 5 2
1021 4 4 5 3
1022 4 4 5 4
1023 4 4 5 5
1024 4 4 6 -6
1025 4 4 6 -5
1026 4 4 6 -4
1027 4 4 6 -3
1028 4 4 6 -2
1029 4 4 6 -1
1030 4 4 6 0
1031 4 4 6 1
1032 4 4 6 2
1033 4 4 6 3
1034 4 4 6 4
1035 4 4 6 5
1036 4 4 6 6
1037 4 4 7 -7
1038 4 4 7 -6
1039 4 4 7 -5
1040 4 4 7 -4
1041 4 4 7 -3
1042 4 4 7 -2
1043 4 4 7 -1
1044 4 4 7 0
1045 4 4 7 1
1046 4 4 7 2
1047 4 4 7 3
1048 4 4 7 4
1049 4 4 7 5
1050 4 4 7 6
1051 4 4 7 7
1052 4 5 1 -1
1053 4 5 1 0
1054 4 5 1 1
1055 4 5 2 -2
1056 4 5 2 -1
1057 4 5 2 0
1058 4 5 2 1
1059 4 5 2 2
1060 4 5 3 -3
1061 4 5 3 -2
1062 4 5 3 -1
1063 4 5 3 0
1064 4 5 3 1
1065 4 5 3 2
1066 4 5 3 3
1067 4 5 4 -4
1068 4 5 4 -3
1069 4 5 4 -2
1070 4 5 4 -1
1071 4 5 4 0
1072 4 5 4 1
1073 4 5 4 2
1074 4 5 4 3
1075 4 5 4 4
1076 4 5 5 -5
1077 4 5 5 -4
1078 4 5 5 -3
1079 4 5 5 -2
1080 4 5 5 -1
1081 4 5 5 0
1082 4 5 5 1
1083 4 5 5 2
1084 4 5 5 3
1085 4 5 5 4
1086 4 5 5 5
1087 4 5 6 -6
1088 4 5 6 -5
1089 4 5 6 -4
1090 4 5 6 -3
1091 4 5 6 -2
1092 4 5 6 -1
1093 4 5 6 0
1094 4 5 6 1
1095 4 5 6 2
1096 4 5 6 3
1097 4 5 6 4
1098 4 5 6 5
1099 4 5 6 6
1100 4 5 7 -7
1101 4 5 7 -6
1102 4 5 7 -5
1103 4 5 7 -4
1104 4 5 7 -3
1105 4 5 7 -2
1106 4 5 7 -1
1107 4 5 7 0
1108 4 5 7 1
1109 4 5 7 2
1110 4 5 7 3
1111 4 5 7 4
1112 4 5 7 5
1113 4 5 7 6
1114 4 5 7 7
1115 4 6 2 -2
1116 4 6 2 -1
1117 4 6 2 0
1118 4 6 2 1
1119 4 6 2 2
1120 4 6 3 -3
1121 4 6 3 -2
1122 4 6 3 -1
1123 4 6 3 0
1124 4 6 3 1
1125 4 6 3 2
1126 4 6 3 3
1127 4 6 4 -4
1128 4 6 4 -3
1129 4 6 4 -2
1130 4 6 4 -1
1131 4 6 4 0
1132 4 6 4 1
1133 4 6 4 2
1134 4 6 4 3
1135 4 6 4 4
1136 4 6 5 -5
1137 4 6 5 -4
1138 4 6 5 -3
1139 4 6 5 -2
1140 4 6 5 -1
1141 4 6 5 0
1142 4 6 5 1
1143 4 6 5 2
1144 4 6 5 3
1145 4 6 5 4
1146 4 6 5 5
1147 4 6 6 -6
1148 4 6 6 -5
1149 4 6 6 -4
1150 4 6 6 -3
1151 4 6 6 -2
1152 4 6 6 -1
1153 4 6 6 0
1154 4 6 6 1
1155 4 6 6 2
1156 4 6 6 3
1157 4 6 6 4
1158 4 6 6 5
1159 4 6 6 6
1160 4 6 7 -7
1161 4 6 7 -6
1162 4 6 7 -5
1163 4 6 7 -4
1164 4 6 7 -3
1165 4 6 7 -2
1166 4 6 7 -1
1167 4 6 7 0
1168 4 6 7 1
1169 4 6 7 2
1170 4 6 7 3
1171 4 6 7 4
1172 4 6 7 5
1173 4 6 7 6
1174 4 6 7 7
1175 4 7 3 -3
1176 4 7 3 -2
1177 4 7 3 -1
1178 4 7 3 0
1179 4 7 3 1
1180 4 7 3 2
1181 4 7 3 3
1182 4 7 4 -4
1183 4 7 4 -3
1184 4 7 4 -2
1185 4 7 4 -1
1186 4 7 4 0
1187 4 7 4 1
1188 4 7 4 2
1189 4 7 4 3
1190 4 7 4 4
1191 4 7 5 -5
1192 4 7 5 -4
1193 4 7 5 -3
1194 4 7 5 -2
1195 4 7 5 -1
1196 4 7 5 0
1197 4 7 5 1
1198 4 7 5 2
1199 4 7 5 3
1200 4 7 5 4
1201 4 7 5 5
1202 4 7 6 -6
1203 4 7 6 -5
1204 4 7 6 -4
1205 4 7 6 -3
1206 4 7 6 -2
1207 4 7 6 -1
1208 4 7 6 0
1209 4 7 6 1
1210 4 7 6 2
1211 4 7 6 3
1212 4 7 6 4
1213 4 7 6 5
1214 4 7 6 6
1215 4 7 7 -7
1216 4 7 7 -6
1217 4 7 7 -5
1218 4 7 7 -4
1219 4 7 7 -3
1220 4 7 7 -2
1221 4 7 7 -1
1222 4 7 7 0
1223 4 7 7 1
1224 4 7 7 2
1225 4 7 7 3
1226 4 7 7 4
1227 4 7 7 5
1228 4 7 7 6
1229 4 7 7 7
1230 5 0 5 -5
1231 5 0 5 -4
1232 5 0 5 -3
1233 5 0 5 -2
1234 5 0 5 -1
1235 5 0 5 0
1236 5 0 5 1
1237 5 0 5 2
1238 5 0 5 3
1239 5 0 5 4
1240 5 0 5 5
1241 5 1 4 -4
1242 5 1 4 -3
1243 5 1 4 -2
1244 5 1 4 -1
1245 5 1 4 0
1246 5 1 4 1
1247 5 1 4 2
1248 5 1 4 3
1249 5 1 4 4
1250 5 1 5 -5
1251 5 1 5 -4
1252 5 1 5 -3
1253 5 1 5 -2
1254 5 1 5 -1
1255 5 1 5 0
1256 5 1 5 1
1257 5 1 5 2
1258 5 1 5 3
1259 5 1 5 4
1260 5 1 5 5
1261 5 1 6 -6
1262 5 1 6 -5
1263 5 1 6 -4
1264 5 1 6 -3
1265 5 1 6 -2
1266 5 1 6 -1
1267 5 1 6 0
1268 5 1 6 1
1269 5 1 6 2
1270 5 1 6 3
1271 5 1 6 4
1272 5 1 6 5
1273 5 1 6 6
1274 5 2 3 -3
1275 5 2 3 -2
1276 5 2 3 -1
1277 5 2 3 0
1278 5 2 3 1
1279 5 2 3 2
1280 5 2 3 3
1281 5 2 4 -4
1282 5 2 4 -3
1283 5 2 4 -2
1284 5 2 4 -1
1285 5 2 4 0
1286 5 2 4 1
1287 5 2 4 2
1288 5 2 4 3
1289 5 2 4 4
1290 5 2 5 -5
1291 5 2 5 -4
1292 5 2 5 -3
1293 5 2 5 -2
1294 5 2 5 -1
1295 5 2 5 0
1296 5 2 5 1
1297 5 2 5 2
1298 5 2 5 3
1299 5 2 5 4
1300 5 2 5 5
1301 5 2 6 -6
1302 5 2 6 -5
1303 5 2 6 -4
1304 5 2 6 -3
1305 5 2 6 -2
1306 5 2 6 -1
1307 5 2 6 0
1308 5 2 6 1
1309 5 2 6 2
1310 5 2 6 3
1311 5 2 6 4
1312 5 2 6 5
1313 5 2 6 6
1314 5 2 7 -7
1315 5 2 7 -6
1316 5 2 7 -5
1317 5 2 7 -4
1318 5 2 7 -3
1319 5 2 7 -2
1320 5 2 7 -1
1321 5 2 7 0
1322 5 2 7 1
1323 5 2 7 2
1324 5 2 7 3
1325 5 2 7 4
1326 5 2 7 5
1327 5 2 7 6
1328 5 2 7 7
1329 5 3 2 -2
1330 5 3 2 -1
1331 5 3 2 0
1332 5 3 2 1
1333 5 3 2 2
1334 5 3 3 -3
1335 5 3 3 -2
1336 5 3 3 -1
1337 5 3 3 0
1338 5 3 3 1
1339 5 3 3 2
1340 5 3 3 3
1341 5 3 4 -4
1342 5 3 4 -3
1343 5 3 4 -2
1344 5 3 4 -1
1345 5 3 4 0
1346 5 3 4 1
1347 5 3 4 2
1348 5 3 4 3
1349 5 3 4 4
1350 5 3 5 -5
1351 5 3 5 -4
1352 5 3 5 -3
1353 5 3 5 -2
1354 5 3 5 -1
1355 5 3 5 0
1356 5 3 5 1
1357 5 3 5 2
1358 5 3 5 3
1359 5 3 5 4
1360 5 3 5 5
1361 5 3 6 -6
1362 5 3 6 -5
1363 5 3 6 -4
1364 5 3 6 -3
1365 5 3 6 -2
1366 5 3 6 -1
1367 5 3 6 0
1368 5 3 6 1
1369 5 3 6 2
1370 5 3 6 3
1371 5 3 6 4
1372 5 3 6 5
1373 5 3 6 6
1374 5 3 7 -7
1375 5 3 7 -6
1376 5 3 7 -5
1377 5 3 7 -4
1378 5 3 7 -3
1379 5 3 7 -2
1380 5 3 7 -1
1381 5 3 7 0
1382 5 3 7 1
1383 5 3 7 2
1384 5 3 7 3
1385 5 3 7 4
1386 5 3 7 5
1387 5 3 7 6
1388 5 3 7 7
1389 5 4 1 -1
1390 5 4 1 0
1391 5 4 1 1
1392 5 4 2 -2
1393 5 4 2 -1
1394 5 4 2 0
1395 5 4 2 1
1396 5 4 2 2
1397 5 4 3 -3
1398 5 4 3 -2
1399 5 4 3 -1
1400 5 4 3 0
1401 5 4 3 1
1402 5 4 3 2
1403 5 4 3 3
1404 5 4 4 -4
1405 5 4 4 -3
1406 5 4 4 -2
1407 5 4 4 -1
1408 5 4 4 0
1409 5 4 4 1
1410 5 4 4 2
1411 5 4 4 3
1412 5 4 4 4
1413 5 4 5 -5
1414 5 4 5 -4
1415 5 4 5 -3
1416 5 4 5 -2
1417 5 4 5 -1
1418 5 4 5 0
1419 5 4 5 1
1420 5 4 5 2
1421 5 4 5 3
1422 5 4 5 4
1423 5 4 5 5
1424 5 4 6 -6
1425 5 4 6 -5
1426 5 4 6 -4
1427 5 4 6 -3
1428 5 4 6 -2
1429 5 4 6 -1
1430 5 4 6 0
1431 5 4 6 1
1432 5 4 6 2
1433 5 4 6 3
1434 5 4 6 4
1435 5 4 6 5
1436 5 4 6 6
1437 5 4 7 -7
1438 5 4 7 -6
1439 5 4 7 -5
1440 5 4 7 -4
1441 5 4 7 -3
1442 5 4 7 -2
1443 5 4 7 -1
1444 5 4 7 0
1445 5 4 7 1
1446 5 4 7 2
1447 5 4 7 3
1448 5 4 7 4
1449 5 4 7 5
1450 5 4 7 6
1451 5 4 7 7
1452 5 5 0 0
1453 5 5 1 -1
1454 5 5 1 0
1455 5 5 1 1
1456 5 5 2 -2
1457 5 5 2 -1
1458 5 5 2 0
1459 5 5 2 1
1460 5 5 2 2
1461 5 5 3 -3
1462 5 5 3 -2
1463 5 5 3 -1
1464 5 5 3 0
1465 5 5 3 1
1466 5 5 3 2
1467 5 5 3 3
1468 5 5 4 -4
1469 5 5 4 -3
1470 5 5 4 -2
1471 5 5 4 -1
1472 5 5 4 0
1473 5 5 4 1
1474 5 5 4 2
1475 5 5 4 3
1476 5 5 4 4
1477 5 5 5 -5
1478 5 5 5 -4
1479 5 5 5 -3
1480 5 5 5 -2
1481 5 5 5 -1
1482 5 5 5 0
1483 5 5 5 1
1484 5 5 5 2
1485 5 5 5 3
1486 5 5 5 4
1487 5 5 5 5
1488 5 5 6 -6
1489 5 5 6 -5
1490 5 5 6 -4
1491 5 5 6 -3
1492 5 5 6 -2
1493 5 5 6 -1
1494 5 5 6 0
1495 5 5 6 1
1496 5 5 6 2
1497 5 5 6 3
1498 5 5 6 4
1499 5 5 6 5
1500 5 5 6 6
1501 5 5 7 -7
1502 5 5 7 -6
1503 5 5 7 -5
1504 5 5 7 -4
1505 5 5 7 -3
1506 5 5 7 -2
1507 5 5 7 -1
1508 5 5 7 0
1509 5 5 7 1
1510 5 5 7 2
1511 5 5 7 3
1512 5 5 7 4
1513 5 5 7 5
1514 5 5 7 6
1515 5 5 7 7
1516 5 6 1 -1
1517 5 6 1 0
1518 5 6 1 1
1519 5 6 2 -2
1520 5 6 2 -1
1521 5 6 2 0
1522 5 6 2 1
1523 5 6 2 2
1524 5 6 3 -3
1525 5 6 3 -2
1526 5 6 3 -1
1527 5 6 3 0
1528 5 6 3 1
1529 5 6 3 2
1530 5 6 3 3
1531 5 6 4 -4
1532 5 6 4 -3
1533 5 6 4 -2
1534 5 6 4 -1
1535 5 6 4 0
1536 5 6 4 1
1537 5 6 4 2
1538 5 6 4 3
1539 5 6 4 4
1540 5 6 5 -5
1541 5 6 5 -4
1542 5 6 5 -3
1543 5 6 5 -2
1544 5 6 5 -1
1545 5 6 5 0
1546 5 6 5 1
1547 5 6 5 2
1548 5 6 5 3
1549 5 6 5 4
1550 5 6 5 5
1551 5 6 6 -6
1552 5 6 6 -5
1553 5 6 6 -4
1554 5 6 6 -3
1555 5 6 6 -2
1556 5 6 6 -1
1557 5 6 6 0
1558 5 6 6 1
1559 5 6 6 2
1560 5 6 6 3
1561 5 6 6 4
1562 5 6 6 5
1563 5 6 6 6
1564 5 6 7 -7
1565 5 6 7 -6
1566 5 6 7 -5
1567 5 6 7 -4
1568 5 6 7 -3
1569 5 6 7 -2
1570 5 6 7 -1
1571 5 6 7 0
1572 5 6 7 1
1573 5 6 7 2
1574 5 6 7 3
1575 5 6 7 4
1576 5 6 7 5
1577 5 6 7 6
1578 5 6 7 7
1579 5 7 2 -2
1580 5 7 2 -1
1581 5 7 2 0
1582 5 7 2 1
1583 5 7 2 2
1584 5 7 3 -3
1585 5 7 3 -2
1586 5 7 3 -1
1587 5 7 3 0
1588 5 7 3 1
1589 5 7 3 2
1590 5 7 3 3
1591 5 7 4 -4
1592 5 7 4 -3
1593 5 7 4 -2
1594 5 7 4 -1
1595 5 7 4 0
1596 5 7 4 1
1597 5 7 4 2
1598 5 7 4 3
1599 5 7 4 4
1600 5 7 5 -5
1601 5 7 5 -4
1602 5 7 5 -3
1603 5 7 5 -2
1604 5 7 5 -1
1605 5 7 5 0
1606 5 7 5 1
1607 5 7 5 2
1608 5 7 5 3
1609 5 7 5 4
1610 5 7 5 5
1611 5 7 6 -6
1612 5 7 6 -5
1613 5 7 6 -4
1614 5 7 6 -3
1615 5 7 6 -2
1616 5 7 6 -1
1617 5 7 6 0
1618 5 7 6 1
1619 5 7 6 2
1620 5 7 6 3
1621 5 7 6 4
1622 5 7 6 5
1623 5 7 6 6
1624 5 7 7 -7
1625 5 7 7 -6
1626 5 7 7 -5
1627 5 7 7 -4
1628 5 7 7 -3
1629 5 7 7 -2
1630 5 7 7 -1
1631 5 7 7 0
1632 5 7 7 1
1633 5 7 7 2
1634 5 7 7 3
1635 5 7 7 4
1636 5 7 7 5
1637 5 7 7 6
1638 5 7 7 7
1639 6 0 6 -6
1640 6 0 6 -5
1641 6 0 6 -4
1642 6 0 6 -3
1643 6 0 6 -2
1644 6 0 6 -1
1645 6 0 6 0
1646 6 0 6 1
1647 6 0 6 2
1648 6 0 6 3
1649 6 0 6 4
1650 6 0 6 5
1651 6 0 6 6
1652 6 1 5 -5
1653 6 1 5 -4
1654 6 1 5 -3
1655 6 1 5 -2
1656 6 1 5 -1
1657 6 1 5 0
1658 6 1 5 1
1659 6 1 5 2
1660 6 1 5 3
1661 6 1 5 4
1662 6 1 5 5
1663 6 1 6 -6
1664 6 1 6 -5
1665 6 1 6 -4
1666 6 1 6 -3
1667 6 1 6 -2
1668 6 1 6 -1
1669 6 1 6 0
1670 6 1 6 1
1671 6 1 6 2
1672 6 1 6 3
1673 6 1 6 4
1674 6 1 6 5
1675 6 1 6 6
1676 6 1 7 -7
1677 6 1 7 -6
1678 6 1 7 -5
1679 6 1 7 -4
1680 6 1 7 -3
1681 6 1 7 -2
1682 6 1 7 -1
1683 6 1 7 0
1684 6 1 7 1
1685 6 1 7 2
1686 6 1 7 3
1687 6 1 7 4
1688 6 1 7 5
1689 6 1 7 6
1690 6 1 7 7
1691 6 2 4 -4
1692 6 2 4 -3
1693 6 2 4 -2
1694 6 2 4 -1
1695 6 2 4 0
1696 6 2 4 1
1697 6 2 4 2
1698 6 2 4 3
1699 6 2 4 4
1700 6 2 5 -5
1701 6 2 5 -4
1702 6 2 5 -3
1703 6 2 5 -2
1704 6 2 5 -1
1705 6 2 5 0
1706 6 2 5 1
1707 6 2 5 2
1708 6 2 5 3
1709 6 2 5 4
1710 6 2 5 5
1711 6 2 6 -6
1712 6 2 6 -5
1713 6 2 6 -4
1714 6 2 6 -3
1715 6 2 6 -2
1716 6 2 6 -1
1717 6 2 6 0
1718 6 2 6 1
1719 6 2 6 2
1720 6 2 6 3
1721 6 2 6 4
1722 6 2 6 5
1723 6 2 6 6
1724 6 2 7 -7
1725 6 2 7 -6
1726 6 2 7 -5
1727 6 2 7 -4
1728 6 2 7 -3
1729 6 2 7 -2
1730 6 2 7 -1
1731 6 2 7 0
1732 6 2 7 1
1733 6 2 7 2
1734 6 2 7 3
1735 6 2 7 4
1736 6 2 7 5
1737 6 2 7 6
1738 6 2 7 7
1739 6 3 3 -3
1740 6 3 3 -2
1741 6 3 3 -1
1742 6 3 3 0
1743 6 3 3 1
1744 6 3 3 2
1745 6 3 3 3
1746 6 3 4 -4
1747 6 3 4 -3
1748 6 3 4 -2
1749 6 3 4 -1
1750 6 3 4 0
1751 6 3 4 1
1752 6 3 4 2
1753 6 3 4 3
1754 6 3 4 4
1755 6 3 5 -5
1756 6 3 5 -4
1757 6 3 5 -3
1758 6 3 5 -2
1759 6 3 5 -1
1760 6 3 5 0
1761 6 3 5 1
1762 6 3 5 2
1763 6 3 5 3
1764 6 3 5 4
1765 6 3 5 5
1766 6 3 6 -6
1767 6 3 6 -5
1768 6 3 6 -4
1769 6 3 6 -3
1770 6 3 6 -2
1771 6 3 6 -1
1772 6 3 6 0
1773 6 3 6 1
1774 6 3 6 2
1775 6 3 6 3
1776 6 3 6 4
1777 6 3 6 5
1778 6 3 6 6
1779 6 3 7 -7
1780 6 3 7 -6
1781 6 3 7 -5
1782 6 3 7 -4
1783 6 3 7 -3
1784 6 3 7 -2
1785 6 3 7 -1
1786 6 3 7 0
1787 6 3 7 1
1788 6 3 7 2
1789 6 3 7 3
1790 6 3 7 4
1791 6 3 7 5
1792 6 3 7 6
1793 6 3 7 7
1794 6 4 2 -2
1795 6 4 2 -1
1796 6 4 2 0
1797 6 4 2 1
1798 6 4 2 2
1799 6 4 3 -3
1800 6 4 3 -2
1801 6 4 3 -1
1802 6 4 3 0
1803 6 4 3 1
1804 6 4 3 2
1805 6 4 3 3
1806 6 4 4 -4
1807 6 4 4 -3
1808 6 4 4 -2
1809 6 4 4 -1
1810 6 4 4 0
1811 6 4 4 1
1812 6 4 4 2
1813 6 4 4 3
1814 6 4 4 4
1815 6 4 5 -5
1816 6 4 5 -4
1817 6 4 5 -3
1818 6 4 5 -2
1819 6 4 5 -1
1820 6 4 5 0
1821 6 4 5 1
1822 6 4 5 2
1823 6 4 5 3
1824 6 4 5 4
1825 6 4 5 5
1826 6 4 6 -6
1827 6 4 6 -5
1828 6 4 6 -4
1829 6 4 6 -3
1830 6 4 6 -2
1831 6 4 6 -1
1832 6 4 6 0
1833 6 4 6 1
1834 6 4 6 2
1835 6 4 6 3
1836 6 4 6 4
1837 6 4 6 5
1838 6 4 6 6
1839 6 4 7 -7
1840 6 4 7 -6
1841 6 4 7 -5
1842 6 4 7 -4
1843 6 4 7 -3
1844 6 4 7 -2
1845 6 4 7 -1
1846 6 4 7 0
1847 6 4 7 1
1848 6 4 7 2
1849 6 4 7 3
1850 6 4 7 4
1851 6 4 7 5
1852 6 4 7 6
1853 6 4 7 7
1854 6 5 1 -1
1855 6 5 1 0
1856 6 5 1 1
1857 6 5 2 -2
1858 6 5 2 -1
1859 6 5 2 0
1860 6 5 2 1
1861 6 5 2 2
1862 6 5 3 -3
1863 6 5 3 -2
1864 6 5 3 -1
1865 6 5 3 0
1866 6 5 3 1
1867 6 5 3 2
1868 6 5 3 3
1869 6 5 4 -4
1870 6 5 4 -3
1871 6 5 4 -2
1872 6 5 4 -1
1873 6 5 4 0
1874 6 5 4 1
1875 6 5 4 2
1876 6 5 4 3
1877 6 5 4 4
1878 6 5 5 -5
1879 6 5 5 -4
1880 6 5 5 -3
1881 6 5 5 -2
1882 6 5 5 -1
1883 6 5 5 0
1884 6 5 5 1
1885 6 5 5 2
1886 6 5 5 3
1887 6 5 5 4
1888 6 5 5 5
1889 6 5 6 -6
1890 6 5 6 -5
1891 6 5 6 -4
1892 6 5 6 -3
1893 6 5 6 -2
1894 6 5 6 -1
1895 6 5 6 0
1896 6 5 6 1
1897 6 5 6 2
1898 6 5 6 3
1899 6 5 6 4
1900 6 5 6 5
1901 6 5 6 6
1902 6 5 7 -7
1903 6 5 7 -6
1904 6 5 7 -5
1905 6 5 7 -4
1906 6 5 7 -3
1907 6 5 7 -2
1908 6 5 7 -1
1909 6 5 7 0
1910 6 5 7 1
1911 6 5 7 2
1912 6 5 7 3
1913 6 5 7 4
1914 6 5 7 5
1915 6 5 7 6
1916 6 5 7 7
1917 6 6 0 0
1918 6 6 1 -1
1919 6 6 1 0
1920 6 6 1 1
1921 6 6 2 -2
1922 6 6 2 -1
1923 6 6 2 0
1924 6 6 2 1
1925 6 6 2 2
1926 6 6 3 -3
1927 6 6 3 -2
1928 6 6 3 -1
1929 6 6 3 0
1930 6 6 3 1
1931 6 6 3 2
1932 6 6 3 3
1933 6 6 4 -4
1934 6 6 4 -3
1935 6 6 4 -2
1936 6 6 4 -1
1937 6 6 4 0
1938 6 6 4 1
1939 6 6 4 2
1940 6 6 4 3
1941 6 6 4 4
1942 6 6 5 -5
1943 6 6 5 -4
1944 6 6 5 -3
1945 6 6 5 -2
1946 6 6 5 -1
1947 6 6 5 0
1948 6 6 5 1
1949 6 6 5 2
1950 6 6 5 3
1951 6 6 5 4
1952 6 6 5 5
1953 6 6 6 -6
1954 6 6 6 -5
1955 6 6 6 -4
1956 6 6 6 -3
1957 6 6 6 -2
1958 6 6 6 -1
1959 6 6 6 0
1960 6 6 6 1
1961 6 6 6 2
1962 6 6 6 3
1963 6 6 6 4
1964 6 6 6 5
1965 6 6 6 6
1966 6 6 7 -7
1967 6 6 7 -6
1968 6 6 7 -5
1969 6 6 7 -4
1970 6 6 7 -3
1971 6 6 7 -2
1972 6 6 7 -1
1973 6 6 7 0
1974 6 6 7 1
1975 6 6 7 2
1976 6 6 7 3
1977 6 6 7 4
1978 6 6 7 5
1979 6 6 7 6
1980 6 6 7 7
1981 6 7 1 -1
1982 6 7 1 0
1983 6 7 1 1
1984 6 7 2 -2
1985 6 7 2 -1
1986 6 7 2 0
1987 6 7 2 1
1988 6 7 2 2
1989 6 7 3 -3
1990 6 7 3 -2
1991 6 7 3 -1
1992 6 7 3 0
1993 6 7 3 1
1994 6 7 3 2
1995 6 7 3 3
1996 6 7 4 -4
1997 6 7 4 -3
1998 6 7 4 -2
1999 6 7 4 -1
2000 6 7 4 0
2001 6 7 4 1
2002 6 7 4 2
2003 6 7 4 3
2004 6 7 4 4
2005 6 7 5 -5
2006 6 7 5 -4
2007 6 7 5 -3
2008 6 7 5 -2
2009 6 7 5 -1
2010 6 7 5 0
2011 6 7 5 1
2012 6 7 5 2
2013 6 7 5 3
2014 6 7 5 4
2015 6 7 5 5
2016 6 7 6 -6
2017 6 7 6 -5
2018 6 7 6 -4
2019 6 7 6 -3
2020 6 7 6 -2
2021 6 7 6 -1
2022 6 7 6 0
2023 6 7 6 1
2024 6 7 6 2
2025 6 7 6 3
2026 6 7 6 4
2027 6 7 6 5
2028 6 7 6 6
2029 6 7 7 -7
2030 6 7 7 -6
2031 6 7 7 -5
2032 6 7 7 -4
2033 6 7 7 -3
2034 6 7 7 -2
2035 6 7 7 -1
2036 6 7 7 0
2037 6 7 7 1
2038 6 7 7 2
2039 6 7 7 3
2040 6 7 7 4
2041 6 7 7 5
2042 6 7 7 6
2043 6 7 7 7
2044 7 0 7 -7
2045 7 0 7 -6
2046 7 0 7 -5
2047 7 0 7 -4
2048 7 0 7 -3
2049 7 0 7 -2
2050 7 0 7 -1
2051 7 0 7 0
2052 7 0 7 1
2053 7 0 7 2
2054 7 0 7 3
2055 7 0 7 4
2056 7 0 7 5
2057 7 0 7 6
2058 7 0 7 7
2059 7 1 6 -6
2060 7 1 6 -5
2061 7 1 6 -4
2062 7 1 6 -3
2063 7 1 6 -2
2064 7 1 6 -1
2065 7 1 6 0
2066 7 1 6 1
2067 7 1 6 2
2068 7 1 6 3
2069 7 1 6 4
2070 7 1 6 5
2071 7 1 6 6
2072 7 1 7 -7
2073 7 1 7 -6
2074 7 1 7 -5
2075 7 1 7 -4
2076 7 1 7 -3
2077 7 1 7 -2
2078 7 1 7 -1
2079 7 1 7 0
2080 7 1 7 1
2081 7 1 7 2
2082 7 1 7 3
2083 7 1 7 4
2084 7 1 7 5
2085 7 1 7 6
2086 7 1 7 7
2087 7 2 5 -5
2088 7 2 5 -4
2089 7 2 5 -3
2090 7 2 5 -2
2091 7 2 5 -1
2092 7 2 5 0
2093 7 2 5 1
2094 7 2 5 2
2095 7 2 5 3
2096 7 2 5 4
2097 7 2 5 5
2098 7 2 6 -6
2099 7 2 6 -5
2100 7 2 6 -4
2101 7 2 6 -3
2102 7 2 6 -2
2103 7 2 6 -1
2104 7 2 6 0
2105 7 2 6 1
2106 7 2 6 2
2107 7 2 6 3
2108 7 2 6 4
2109 7 2 6 5
2110 7 2 6 6
2111 7 2 7 -7
2112 7 2 7 -6
2113 7 2 7 -5
2114 7 2 7 -4
2115 7 2 7 -3
2116 7 2 7 -2
2117 7 2 7 -1
2118 7 2 7 0
2119 7 2 7 1
2120 7 2 7 2
2121 7 2 7 3
2122 7 2 7 4
2123 7 2 7 5
2124 7 2 7 6
2125 7 2 7 7
2126 7 3 4 -4
2127 7 3 4 -3
2128 7 3 4 -2
2129 7 3 4 -1
2130 7 3 4 0
2131 7 3 4 1
2132 7 3 4 2
2133 7 3 4 3
2134 7 3 4 4
2135 7 3 5 -5
2136 7 3 5 -4
2137 7 3 5 -3
2138 7 3 5 -2
2139 7 3 5 -1
2140 7 3 5 0
2141 7 3 5 1
2142 7 3 5 2
2143 7 3 5 3
2144 7 3 5 4
2145 7 3 5 5
2146 7 3 6 -6
2147 7 3 6 -5
2148 7 3 6 -4
2149 7 3 6 -3
2150 7 3 6 -2
2151 7 3 6 -1
2152 7 3 6 0
2153 7 3 6 1
2154 7 3 6 2
2155 7 3 6 3
2156 7 3 6 4
2157 7 3 6 5
2158 7 3 6 6
2159 7 3 7 -7
2160 7 3 7 -6
2161 7 3 7 -5
2162 7 3 7 -4
2163 7 3 7 -3
2164 7 3 7 -2
2165 7 3 7 -1
2166 7 3 7 0
2167 7 3 7 1
2168 7 3 7 2
2169 7 3 7 3
2170 7 3 7 4
2171 7 3 7 5
2172 7 3 7 6
2173 7 3 7 7
2174 7 4 3 -3
2175 7 4 3 -2
2176 7 4 3 -1
2177 7 4 3 0
2178 7 4 3 1
2179 7 4 3 2
2180 7 4 3 3
2181 7 4 4 -4
2182 7 4 4 -3
2183 7 4 4 -2
2184 7 4 4 -1
2185 7 4 4 0
2186 7 4 4 1
2187 7 4 4 2
2188 7 4 4 3
2189 7 4 4 4
2190 7 4 5 -5
2191 7 4 5 -4
2192 7 4 5 -3
2193 7 4 5 -2
2194 7 4 5 -1
2195 7 4 5 0
2196 7 4 5 1
2197 7 4 5 2
2198 7 4 5 3
2199 7 4 5 4
2200 7 4 5 5
2201 7 4 6 -6
2202 7 4 6 -5
2203 7 4 6 -4
2204 7 4 6 -3
2205 7 4 6 -2
2206 7 4 6 -1
2207 7 4 6 0
2208 7 4 6 1
2209 7 4 6 2
2210 7 4 6 3
2211 7 4 6 4
2212 7 4 6 5
2213 7 4 6 6
2214 7 4 7 -7
2215 7 4 7 -6
2216 7 4 7 -5
2217 7 4 7 -4
2218 7 4 7 -3
2219 7 4 7 -2
2220 7 4 7 -1
2221 7 4 7 0
2222 7 4 7 1
2223 7 4 7 2
2224 7 4 7 3
2225 7 4 7 4
2226 7 4 7 5
2227 7 4 7 6
2228 7 4 7 7
2229 7 5 2 -2
2230 7 5 2 -1
2231 7 5 2 0
2232 7 5 2 1
2233 7 5 2 2
2234 7 5 3 -3
2235 7 5 3 -2
2236 7 5 3 -1
2237 7 5 3 0
2238 7 5 3 1
2239 7 5 3 2
2240 7 5 3 3
2241 7 5 4 -4
2242 7 5 4 -3
2243 7 5 4 -2
2244 7 5 4 -1
2245 7 5 4 0
2246 7 5 4 1
2247 7 5 4 2
2248 7 5 4 3
2249 7 5 4 4
2250 7 5 5 -5
2251 7 5 5 -4
2252 7 5 5 -3
2253 7 5 5 -2
2254 7 5 5 -1
2255 7 5 5 0
2256 7 5 5 1
2257 7 5 5 2
2258 7 5 5 3
2259 7 5 5 4
2260 7 5 5 5
2261 7 5 6 -6
2262 7 5 6 -5
2263 7 5 6 -4
2264 7 5 6 -3
2265 7 5 6 -2
2266 7 5 6 -1
2267 7 5 6 0
2268 7 5 6 1
2269 7 5 6 2
2270 7 5 6 3
2271 7 5 6 4
2272 7 5 6 5
2273 7 5 6 6
2274 7 5 7 -7
2275 7 5 7 -6
2276 7 5 7 -5
2277 7 5 7 -4
2278 7 5 7 -3
2279 7 5 7 -2
2280 7 5 7 -1
2281 7 5 7 0
2282 7 5 7 1
2283 7 5 7 2
2284 7 5 7 3
2285 7 5 7 4
2286 7 5 7 5
2287 7 5 7 6
2288 7 5 7 7
2289 7 6 1 -1
2290 7 6 1 0
2291 7 6 1 1
2292 7 6 2 -2
2293 7 6 2 -1
2294 7 6 2 0
2295 7 6 2 1
2296 7 6 2 2
2297 7 6 3 -3
2298 7 6 3 -2
2299 7 6 3 -1
2300 7 6 3 0
2301 7 6 3 1
2302 7 6 3 2
2303 7 6 3 3
2304 7 6 4 -4
2305 7 6 4 -3
2306 7 6 4 -2
2307 7 6 4 -1
2308 7 6 4 0
2309 7 6 4 1
2310 7 6 4 2
2311 7 6 4 3
2312 7 6 4 4
2313 7 6 5 -5
2314 7 6 5 -4
2315 7 6 5 -3
2316 7 6 5 -2
2317 7 6 5 -1
2318 7 6 5 0
2319 7 6 5 1
2320 7 6 5 2
2321 7 6 5 3
2322 7 6 5 4
2323 7 6 5 5
2324 7 6 6 -6
2325 7 6 6 -5
2326 7 6 6 -4
2327 7 6 6 -3
2328 7 6 6 -2
2329 7 6 6 -1
2330 7 6 6 0
2331 7 6 6 1
2332 7 6 6 2
2333 7 6 6 3
2334 7 6 6 4
2335 7 6 6 5
2336 7 6 6 6
2337 7 6 7 -7
2338 7 6 7 -6
2339 7 6 7 -5
2340 7 6 7 -4
2341 7 6 7 -3
2342 7 6 7 -2
2343 7 6 7 -1
2344 7 6 7 0
2345 7 6 7 1
2346 7 6 7 2
2347 7 6 7 3
2348 7 6 7 4
2349 7 6 7 5
2350 7 6 7 6
2351 7 6 7 7
2352 7 7 0 0
2353 7 7 1 -1
2354 7 7 1 0
2355 7 7 1 1
2356 7 7 2 -2
2357 7 7 2 -1
2358 7 7 2 0
2359 7 7 2 1
2360 7 7 2 2
2361 7 7 3 -3
2362 7 7 3 -2
2363 7 7 3 -1
2364 7 7 3 0
2365 7 7 3 1
2366 7 7 3 2
2367 7 7 3 3
2368 7 7 4 -4
2369 7 7 4 -3
2370 7 7 4 -2
2371 7 7 4 -1
2372 7 7 4 0
2373 7 7 4 1
2374 7 7 4 2
2375 7 7 4 3
2376 7 7 4 4
2377 7 7 5 -5
2378 7 7 5 -4
2379 7 7 5 -3
2380 7 7 5 -2
2381 7 7 5 -1
2382 7 7 5 0
2383 7 7 5 1
2384 7 7 5 2
2385 7 7 5 3
2386 7 7 5 4
2387 7 7 5 5
2388 7 7 6 -6
2389 7 7 6 -5
2390 7 7 6 -4
2391 7 7 6 -3
2392 7 7 6 -2
2393 7 7 6 -1
2394 7 7 6 0
2395 7 7 6 1
2396 7 7 6 2
2397 7 7 6 3
2398 7 7 6 4
2399 7 7 6 5
2400 7 7 6 6
2401 7 7 7 -7
2402 7 7 7 -6
2403 7 7 7 -5
2404 7 7 7 -4
2405 7 7 7 -3
2406 7 7 7 -2
2407 7 7 7 -1
2408 7 7 7 0
2409 7 7 7 1
2410 7 7 7 2
2411 7 7 7 3
2412 7 7 7 4
2413 7 7 7 5
2414 7 7 7 6
2415 7 7 7 7
